0 0.000140249 0.000127559 4.59527e-23 1.39424e-25 4.59527e-23 0.999797
0.12 0.000141811 0.000127561 5.16676e-23 1.3965e-25 5.16676e-23 0.999795
0.24 0.000146834 0.000127564 7.00585e-23 1.40405e-25 7.00585e-23 0.999791
0.36 0.000156397 0.00012757 1.05098e-22 1.41941e-25 1.05098e-22 0.999781
0.48 0.000172508 0.000127577 1.64193e-22 1.44775e-25 1.64193e-22 0.999763
0.6 0.000198451 0.000127585 2.59464e-22 1.49855e-25 2.59464e-22 0.999733
0.72 0.000239331 0.000127593 4.09759e-22 1.58876e-25 4.09759e-22 0.999686
0.84 0.00030288 0.000127599 6.43639e-22 1.74845e-25 6.43639e-22 0.999612
0.96 0.000400601 0.000127602 1.00364e-21 2.03078e-25 1.00364e-21 0.999499
1.08 0.000549385 0.000127602 1.55224e-21 2.52964e-25 1.55224e-21 0.99933
1.2 0.000773716 0.000127599 2.38008e-21 3.41092e-25 2.38008e-21 0.999082
1.32 0.00110865 0.000127592 3.61696e-21 4.96767e-25 3.61696e-21 0.998718
1.44 0.00160373 0.000127587 5.44651e-21 7.71757e-25 5.44651e-21 0.998191
1.56 0.00232813 0.000127591 8.12511e-21 1.25751e-24 8.12511e-21 0.997434
1.68 0.00337711 0.000127625 1.20061e-20 2.11555e-24 1.20061e-20 0.996353
1.8 0.00488012 0.000127723 1.75696e-20 3.63098e-24 1.75696e-20 0.994822
1.92 0.00701058 0.000127954 2.54594e-20 6.30675e-24 2.54594e-20 0.99267
2.04 0.00999744 0.000128446 3.65255e-20 1.1029e-23 3.65255e-20 0.98967
2.16 0.0141382 0.000129425 5.18731e-20 1.93565e-23 5.18731e-20 0.985529
2.28 0.0198133 0.000131302 7.2915e-20 3.40248e-23 7.2915e-20 0.979866
2.4 0.0274997 0.000134799 1.01424e-19 5.98201e-23 1.01424e-19 0.972206
2.52 0.0377829 0.000141183 1.39578e-19 1.05083e-22 1.39578e-19 0.961961
2.64 0.0513637 0.000152654 1.89981e-19 1.84276e-22 1.89981e-19 0.94843
2.76 0.0690523 0.000173005 2.5565e-19 3.22313e-22 2.5565e-19 0.930795
2.88 0.0917454 0.000208705 3.39922e-19 5.61781e-22 3.39922e-19 0.908149
3 0.120372 0.000270696 4.46258e-19 9.74799e-22 4.46258e-19 0.879547
3.12 0.1558 0.000377275 5.77894e-19 1.68217e-21 5.77894e-19 0.844098
3.24 0.198692 0.000558701 7.37308e-19 2.88381e-21 7.37308e-19 0.801102
3.36 0.249314 0.000864443 9.25513e-19 4.90631e-21 9.25513e-19 0.750236
3.48 0.307329 0.00137456 1.14127e-18 8.27691e-21 1.14127e-18 0.691754
3.6 0.371603 0.00221771 1.38038e-18 1.38392e-20 1.38038e-18 0.626657
3.72 0.44011 0.00360077 1.63535e-18 2.29401e-20 1.63535e-18 0.55676
3.84 0.509993 0.00586035 1.89556e-18 3.77533e-20 1.89556e-18 0.484587
3.96 0.577771 0.00956086 2.14808e-18 6.18933e-20 2.14808e-18 0.413057
4.08 0.639598 0.0156994 2.3786e-18 1.01713e-19 2.3786e-18 0.345026
4.2 0.691322 0.0261691 2.57168e-18 1.69289e-19 2.57168e-18 0.282758
4.32 0.727863 0.0448455 2.70839e-18 2.89585e-19 2.70839e-18 0.227462
4.44 0.741147 0.0800115 2.75866e-18 5.16833e-19 2.75866e-18 0.178936
4.56 0.716066 0.148512 2.66618e-18 9.6383e-19 2.66618e-18 0.135424
4.68 0.629209 0.2762 2.34367e-18 1.81055e-18 2.34367e-18 0.0944916
4.8 0.471436 0.471775 1.75683e-18 3.13902e-18 1.75683e-18 0.0566403
4.92 0.292824 0.678983 1.09191e-18 4.60629e-18 1.09191e-18 0.0280351
5.04 0.161304 0.826221 6.01995e-19 5.74241e-18 6.01995e-19 0.0121493
5.16 0.0866613 0.907881 3.23768e-19 6.49554e-18 3.23768e-19 0.00509178
5.28 0.0478309 0.949555 1.78904e-19 7.01858e-18 1.78904e-19 0.00221612
5.4 0.0274828 0.971066 1.02907e-19 7.42213e-18 1.02907e-19 0.00103704
5.52 0.0165123 0.982535 6.18833e-20 7.74455e-18 6.18833e-20 0.000530093
5.64 0.0106558 0.988616 3.99591e-20 7.98241e-18 3.99591e-20 0.00030456
5.76 0.00797162 0.991404 2.99022e-20 8.11721e-18 2.99022e-20 0.000212949
5.88 0.00766563 0.991747 2.87545e-20 8.13345e-18 2.87545e-20 0.000203248
6 0.0096495 0.989739 3.61857e-20 8.02909e-18 3.61857e-20 0.000270242
6.12 0.0144938 0.984772 5.432e-20 7.81684e-18 5.432e-20 0.000450825
6.24 0.0237391 0.975202 8.88921e-20 7.51612e-18 8.88921e-20 0.000857849
6.36 0.0408097 0.957317 1.52646e-19 7.13699e-18 1.52646e-19 0.00179133
6.48 0.0730957 0.922932 2.7308e-19 6.65585e-18 2.7308e-19 0.00404246
6.6 0.1354 0.855372 5.05264e-19 5.98509e-18 5.05264e-19 0.00959752
6.72 0.249513 0.728618 9.3021e-19 4.96945e-18 9.3021e-19 0.0225697
6.84 0.419336 0.533032 1.56222e-18 3.56098e-18 1.56222e-18 0.0477602
6.96 0.590091 0.325255 2.19721e-18 2.13807e-18 2.19721e-18 0.0840242
7.08 0.697501 0.177228 2.59609e-18 1.15176e-18 2.59609e-18 0.124732
7.2 0.737243 0.0948485 2.74305e-18 6.126e-19 2.74305e-18 0.167644
7.32 0.732568 0.0524949 2.72479e-18 3.38579e-19 2.72479e-18 0.21483
7.44 0.701271 0.0303046 2.6076e-18 1.95731e-19 2.6076e-18 0.2684
7.56 0.652983 0.0180542 2.42735e-18 1.16809e-19 2.42735e-18 0.328984
7.68 0.593378 0.0109533 2.20515e-18 7.08622e-20 2.20515e-18 0.39572
7.8 0.526789 0.00670146 1.95713e-18 4.31964e-20 1.95713e-18 0.466581
7.92 0.45715 0.00411311 1.69792e-18 2.62682e-20 1.69792e-18 0.538823
8.04 0.388061 0.00252975 1.44089e-18 1.58712e-20 1.44089e-18 0.609504
8.16 0.322563 0.00156362 1.19731e-18 9.50978e-21 1.19731e-18 0.675972
8.28 0.262899 0.00097811 9.75513e-19 5.64776e-21 9.75513e-19 0.736222
8.4 0.210418 0.00062643 7.80484e-19 3.32547e-21 7.80484e-19 0.78905
8.52 0.165642 0.000417267 6.1414e-19 1.94281e-21 6.1414e-19 0.834025
8.64 0.128434 0.000294106 4.75954e-19 1.1273e-21 4.75954e-19 0.871342
8.76 0.0982128 0.000222298 3.63744e-19 6.50341e-22 3.63744e-19 0.90162
8.88 0.074146 0.00018084 2.74413e-19 3.73415e-22 2.74413e-19 0.925711
9 0.0553106 0.000157139 2.04519e-19 2.13608e-22 2.04519e-19 0.944552
9.12 0.0407967 0.000143733 1.50677e-19 1.21848e-22 1.50677e-19 0.959063
9.24 0.0297697 0.000136237 1.09784e-19 6.93695e-23 1.09784e-19 0.970082
9.36 0.0215015 0.000132103 7.91306e-20 3.94501e-23 7.91306e-20 0.978343
9.48 0.0153785 0.000129862 5.64385e-20 2.24328e-23 5.64385e-20 0.984459
9.6 0.010898 0.000128674 3.98396e-20 1.27709e-23 3.98396e-20 0.988935
9.72 0.00765702 0.000128063 2.78376e-20 7.29214e-24 2.78376e-20 0.992173
9.84 0.00533899 0.000127762 1.92571e-20 4.18805e-24 1.92571e-20 0.994492
9.96 0.00369928 0.000127624 1.31904e-20 2.43036e-24 1.31904e-20 0.996134
10.08 0.0025519 0.000127568 8.94735e-21 1.43538e-24 8.94735e-21 0.997286
10.2 0.00175752 0.000127553 6.01134e-21 8.72246e-25 6.01134e-21 0.998086
10.32 0.00121325 0.000127554 4.00093e-21 5.53535e-25 4.00093e-21 0.998637
10.44 0.000844134 0.000127561 2.63842e-21 3.7316e-25 2.63842e-21 0.999013
10.56 0.000596302 0.00012757 1.72426e-21 2.71077e-25 1.72426e-21 0.999267
10.68 0.000431527 0.000127576 1.11695e-21 2.13308e-25 1.11695e-21 0.999437
10.8 0.000323017 0.000127581 7.17377e-22 1.80622e-25 7.17377e-22 0.999551
10.92 0.000252228 0.000127584 4.56957e-22 1.62137e-25 4.56957e-22 0.999626
11.04 0.000206473 0.000127586 2.88815e-22 1.5169e-25 2.88815e-22 0.999674
11.16 0.000177176 0.000127586 1.81278e-22 1.45793e-25 1.81278e-22 0.999706
11.28 0.000158606 0.000127585 1.13204e-22 1.42472e-25 1.13204e-22 0.999726
11.4 0.000146985 0.000127584 7.0661e-23 1.4061e-25 7.0661e-23 0.999738
11.52 0.00013986 0.000127583 4.46116e-23 1.39576e-25 4.46116e-23 0.999745
11.64 0.000135676 0.000127582 2.93363e-23 1.39019e-25 2.93363e-23 0.99975
11.76 0.000133496 0.000127581 2.13858e-23 1.38748e-25 2.13858e-23 0.999752
11.88 0.000132822 0.000127581 1.8927e-23 1.38666e-25 1.8927e-23 0.999753
