0 -4.307 20.6929 -4.307 20.6929 -4.307 -4.307
0.12 -4.307 20.6929 -4.307 20.6929 -4.307 -4.307
0.24 -4.307 20.6929 -4.307 20.6929 -4.307 -4.307
0.36 -4.30699 20.6929 -4.30699 20.6929 -4.30699 -4.30699
0.48 -4.30697 20.693 -4.30697 20.693 -4.30697 -4.30697
0.6 -4.30694 20.693 -4.30694 20.693 -4.30694 -4.30694
0.72 -4.30688 20.6931 -4.30688 20.6931 -4.30688 -4.30688
0.84 -4.30678 20.6932 -4.30678 20.6932 -4.30678 -4.30678
0.96 -4.30663 20.6933 -4.30663 20.6933 -4.30663 -4.30663
1.08 -4.30642 20.6936 -4.30642 20.6936 -4.30642 -4.30642
1.2 -4.30611 20.6939 -4.30611 20.6939 -4.30611 -4.30611
1.32 -4.30571 20.6943 -4.30571 20.6943 -4.30571 -4.30571
1.44 -4.30518 20.6948 -4.30518 20.6948 -4.30518 -4.30518
1.56 -4.30452 20.6955 -4.30452 20.6955 -4.30452 -4.30452
1.68 -4.30373 20.6962 -4.30373 20.6962 -4.30373 -4.30373
1.8 -4.30285 20.6971 -4.30285 20.6971 -4.30285 -4.30285
1.92 -4.30192 20.698 -4.30192 20.698 -4.30192 -4.30192
2.04 -4.30107 20.6988 -4.30107 20.6988 -4.30107 -4.30107
2.16 -4.30046 20.6993 -4.30046 20.6993 -4.30046 -4.30046
2.28 -4.30037 20.6993 -4.30037 20.6993 -4.30037 -4.30037
2.4 -4.30119 20.6983 -4.30119 20.6983 -4.30119 -4.30119
2.52 -4.30343 20.6958 -4.30343 20.6958 -4.30343 -4.30343
2.64 -4.30778 20.691 -4.30778 20.691 -4.30778 -4.30778
2.76 -4.31512 20.6829 -4.31512 20.6829 -4.31512 -4.31512
2.88 -4.32655 20.6702 -4.32655 20.6702 -4.32655 -4.32655
3 -4.34337 20.651 -4.34337 20.651 -4.34337 -4.34337
3.12 -4.36706 20.6233 -4.36706 20.6233 -4.36706 -4.36706
3.24 -4.39914 20.5843 -4.39914 20.5843 -4.39914 -4.39914
3.36 -4.44072 20.5306 -4.44072 20.5306 -4.44072 -4.44072
3.48 -4.49164 20.4588 -4.49164 20.4588 -4.49164 -4.49164
3.6 -4.54881 20.3657 -4.54881 20.3657 -4.54881 -4.54881
3.72 -4.60387 20.2491 -4.60387 20.2491 -4.60387 -4.60387
3.84 -4.64063 20.1076 -4.64063 20.1076 -4.64063 -4.64063
3.96 -4.63464 19.9357 -4.63464 19.9357 -4.63464 -4.63464
4.08 -4.55943 19.7076 -4.55943 19.7076 -4.55943 -4.55943
4.2 -4.40633 19.336 -4.40633 19.336 -4.40633 -4.40633
4.32 -4.22504 18.5819 -4.22504 18.5819 -4.22504 -4.22504
4.44 -4.1751 16.897 -4.1751 16.897 -4.1751 -4.1751
4.56 -4.45577 13.316 -4.45577 13.316 -4.45577 -4.45577
4.68 -4.60943 7.14221 -4.60943 7.14221 -4.60943 -4.60943
4.8 -3.02618 0.598761 -3.02618 0.598761 -3.02618 -2.49847
4.92 4.06957 -3.71919 4.06957 -3.71919 4.06957 4.06957
5.04 11.8098 -3.60556 11.8098 -3.60556 11.8098 11.8098
5.16 16.9965 -2.77709 16.9965 -2.77709 16.9965 16.9965
5.28 19.6396 -2.41036 19.6396 -2.41036 19.6396 19.6396
5.4 20.7951 -2.45196 20.7951 -2.45196 20.7951 20.7951
5.52 21.2044 -2.69726 21.2044 -2.69726 21.2044 21.2044
5.64 21.25 -3.02221 21.25 -3.02221 21.25 21.25
5.76 21.1265 -3.35897 21.1265 -3.35897 21.1265 21.1265
5.88 20.9445 -3.66301 20.9445 -3.66301 20.9445 20.9445
6 20.7753 -3.89961 20.7753 -3.89961 20.7753 20.7753
6.12 20.6667 -4.04174 20.6667 -4.04174 20.6667 20.6667
6.24 20.6469 -4.07244 20.6469 -4.07244 20.6469 20.6469
6.36 20.7237 -3.98805 20.7237 -3.98805 20.7237 20.7237
6.48 20.8846 -3.79894 20.8846 -3.79894 20.8846 20.8846
6.6 21.1 -3.5262 21.1 -3.5262 21.1 21.1
6.72 21.3254 -3.19691 21.3254 -3.19691 21.3254 21.3254
6.84 21.4998 -2.84287 21.4998 -2.84287 21.4998 21.4998
6.96 21.5267 -2.50818 21.5267 -2.50818 21.5267 21.5267
7.08 21.2492 -2.24475 21.2492 -2.24475 21.2492 21.2492
7.2 20.3856 -2.12279 20.3856 -2.12279 20.3856 20.3856
7.32 18.2637 -2.38911 18.2637 -2.38911 18.2637 18.2637
7.44 13.5743 -3.45175 13.5743 -3.45175 13.5743 13.5743
7.56 5.88433 -4.3243 5.88433 -4.3243 5.88433 5.88433
7.68 -1.46779 -1.60329 -1.46779 -1.60329 -1.46779 -1.46779
7.8 -4.68024 5.1936 -4.68024 5.1936 -4.68024 -4.68024
7.92 -4.8656 11.9257 -4.8656 11.9257 -4.8656 -4.8656
8.04 -4.48925 16.1635 -4.48925 16.1635 -4.48925 -4.48925
8.16 -4.37217 18.2801 -4.37217 18.2801 -4.37217 -4.37217
8.28 -4.44229 19.2518 -4.44229 19.2518 -4.44229 -4.44229
8.4 -4.53755 19.7191 -4.53755 19.7191 -4.53755 -4.53755
8.52 -4.58787 19.9832 -4.58787 19.9832 -4.58787 -4.58787
8.64 -4.5879 20.163 -4.5879 20.163 -4.5879 -4.5879
8.76 -4.55532 20.2996 -4.55532 20.2996 -4.55532 -4.55532
8.88 -4.50886 20.4066 -4.50886 20.4066 -4.50886 -4.50886
9 -4.46122 20.4895 -4.46122 20.4895 -4.46122 -4.46122
9.12 -4.41898 20.5522 -4.41898 20.5522 -4.41898 -4.41898
9.24 -4.38448 20.5987 -4.38448 20.5987 -4.38448 -4.38448
9.36 -4.35782 20.6323 -4.35782 20.6323 -4.35782 -4.35782
9.48 -4.33807 20.6561 -4.33807 20.6561 -4.33807 -4.33807
9.6 -4.32403 20.6725 -4.32403 20.6725 -4.32403 -4.32403
9.72 -4.31446 20.6835 -4.31446 20.6835 -4.31446 -4.31446
9.84 -4.3083 20.6905 -4.3083 20.6905 -4.3083 -4.3083
9.96 -4.30463 20.6946 -4.30463 20.6946 -4.30463 -4.30463
10.08 -4.30273 20.6968 -4.30273 20.6968 -4.30273 -4.30273
10.2 -4.302 20.6977 -4.302 20.6977 -4.302 -4.302
10.32 -4.30203 20.6978 -4.30203 20.6978 -4.30203 -4.30203
10.44 -4.30248 20.6974 -4.30248 20.6974 -4.30248 -4.30248
10.56 -4.30313 20.6968 -4.30313 20.6968 -4.30313 -4.30313
10.68 -4.30384 20.6961 -4.30384 20.6961 -4.30384 -4.30384
10.8 -4.30453 20.6954 -4.30453 20.6954 -4.30453 -4.30453
10.92 -4.30513 20.6948 -4.30513 20.6948 -4.30513 -4.30513
11.04 -4.30564 20.6943 -4.30564 20.6943 -4.30564 -4.30564
11.16 -4.30605 20.6939 -4.30605 20.6939 -4.30605 -4.30605
11.28 -4.30636 20.6936 -4.30636 20.6936 -4.30636 -4.30636
11.4 -4.30659 20.6934 -4.30659 20.6934 -4.30659 -4.30659
11.52 -4.30676 20.6932 -4.30676 20.6932 -4.30676 -4.30676
11.64 -4.30686 20.6931 -4.30686 20.6931 -4.30686 -4.30686
11.76 -4.30692 20.693 -4.30692 20.693 -4.30692 -4.30692
11.88 -4.30694 20.693 -4.30694 20.693 -4.30694 -4.30694
