0 9.01219e-14 3.27882e-13 -7.82173e-05 4.98538e-08 -7.82173e-05 1.00016
0.12 6.07122e-14 3.27887e-13 -8.79448e-05 4.95013e-08 -8.79448e-05 1.00018
0.24 -6.05654e-14 3.27909e-13 -0.000128065 4.79753e-08 -0.000128065 1.00026
0.36 -3.64617e-13 3.27963e-13 -0.00022868 4.38013e-08 -0.00022868 1.00046
0.48 -1.11185e-12 3.28093e-13 -0.000476035 3.23958e-08 -0.000476035 1.00095
0.6 -3.25512e-12 3.28458e-13 -0.00118576 -4.01794e-09 -0.00118576 1.00237
0.72 -1.3709e-11 3.30218e-13 -0.00464845 -1.9663e-07 -0.00464845 1.0093
0.84 4.36797e-11 3.20923e-13 0.0143636 1.02241e-06 0.0143636 0.971261
0.96 1.72423e-11 3.25204e-13 0.00560639 4.71787e-07 0.00560639 0.988784
1.08 1.52221e-11 3.25621e-13 0.00493833 4.79104e-07 0.00493833 0.990121
1.2 1.62475e-11 3.25603e-13 0.00527973 5.84147e-07 0.00527973 0.989439
1.32 1.88568e-11 3.25426e-13 0.00614644 7.79153e-07 0.00614644 0.987706
1.44 2.28976e-11 3.25181e-13 0.00748819 1.09937e-06 0.00748819 0.985022
1.56 2.85553e-11 3.24946e-13 0.0093667 1.61257e-06 0.0093667 0.981265
1.68 3.61899e-11 3.24841e-13 0.0119016 2.43228e-06 0.0119016 0.976195
1.8 4.63036e-11 3.25076e-13 0.0152595 3.74431e-06 0.0152595 0.969478
1.92 5.95404e-11 3.26027e-13 0.0196545 5.85111e-06 0.0196545 0.960686
2.04 7.66941e-11 3.28345e-13 0.02535 9.24363e-06 0.02535 0.949292
2.16 9.87141e-11 3.33144e-13 0.0326613 1.47165e-05 0.0326613 0.934664
2.28 1.267e-10 3.42292e-13 0.0419534 2.35501e-05 0.0419534 0.916071
2.4 1.61873e-10 3.58872e-13 0.0536318 3.77955e-05 0.0536318 0.8927
2.52 2.05512e-10 3.87896e-13 0.0681213 6.07116e-05 0.0681213 0.863697
2.64 2.5884e-10 4.3738e-13 0.0858276 9.74239e-05 0.0858276 0.828248
2.76 3.22842e-10 5.19951e-13 0.107077 0.000155897 0.107077 0.78569
2.88 3.9802e-10 6.55164e-13 0.132037 0.000248332 0.132037 0.735677
3 4.84112e-10 8.72814e-13 0.16062 0.000393142 0.16062 0.678367
3.12 5.79832e-10 1.2176e-12 0.192398 0.000617701 0.192398 0.614586
3.24 6.82727e-10 1.75575e-12 0.226556 0.000962178 0.226556 0.545925
3.36 7.89251e-10 2.58466e-12 0.261917 0.00148502 0.261917 0.47468
3.48 8.95107e-10 3.84772e-12 0.297053 0.00227118 0.297053 0.403622
3.6 9.95798e-10 5.7583e-12 0.330471 0.00344525 0.330471 0.335611
3.72 1.08725e-09 8.64166e-12 0.360819 0.00519429 0.360819 0.273166
3.84 1.16629e-09 1.30133e-11 0.387042 0.00781089 0.387042 0.218105
3.96 1.23078e-09 1.97376e-11 0.408426 0.0117824 0.408426 0.171364
4.08 1.27926e-09 3.03761e-11 0.424494 0.0179929 0.424494 0.133018
4.2 1.31003e-09 4.80002e-11 0.43468 0.0282104 0.43468 0.10243
4.32 1.319e-09 7.91342e-11 0.437627 0.0462869 0.437627 0.0784589
4.44 1.2953e-09 1.38128e-10 0.429724 0.0809402 0.429724 0.0596114
4.56 1.21364e-09 2.54528e-10 0.40259 0.150692 0.40259 0.0441292
4.68 1.03277e-09 4.7246e-10 0.34254 0.284609 0.34254 0.0303128
4.8 7.40497e-10 7.9806e-10 0.245545 0.491088 0.245545 0.0178224
4.92 4.33071e-10 1.11806e-09 0.143552 0.70429 0.143552 0.00860663
5.04 2.22904e-10 1.31368e-09 0.073841 0.848659 0.073841 0.00365855
5.16 1.11355e-10 1.39386e-09 0.0368519 0.924776 0.0368519 0.00152032
5.28 5.68882e-11 1.41191e-09 0.0187993 0.961738 0.0187993 0.00066348
5.4 3.0277e-11 1.4055e-09 0.00998574 0.979711 0.00998574 0.000317463
5.52 1.71453e-11 1.39511e-09 0.00564001 0.988545 0.00564001 0.000175615
5.64 1.09856e-11 1.39137e-09 0.00360084 0.992674 0.00360084 0.000124659
5.76 8.89403e-12 1.39927e-09 0.00290129 0.994072 0.00290129 0.000126119
5.88 9.70694e-12 1.42002e-09 0.00314874 0.993528 0.00314874 0.000175145
6 1.33053e-11 1.45207e-09 0.00429123 0.991125 0.00429123 0.00029273
6.12 2.05129e-11 1.49165e-09 0.00657739 0.986305 0.00657739 0.000540866
6.24 3.35083e-11 1.53252e-09 0.0106797 0.977564 0.0106797 0.00107717
6.36 5.70928e-11 1.56447e-09 0.0180853 0.961517 0.0180853 0.00231246
6.48 1.01675e-10 1.56935e-09 0.0320197 0.930618 0.0320197 0.00534286
6.6 1.88587e-10 1.51316e-09 0.0590928 0.868826 0.0590928 0.0129886
6.72 3.51442e-10 1.34125e-09 0.109704 0.749237 0.109704 0.0313562
6.84 6.03076e-10 1.01853e-09 0.187755 0.556199 0.187755 0.0682906
6.96 8.64128e-10 6.3489e-10 0.268543 0.34032 0.268543 0.122593
7.08 1.02397e-09 3.45253e-10 0.317795 0.182334 0.317795 0.182075
7.2 1.07101e-09 1.81666e-10 0.332041 0.0948937 0.332041 0.241024
7.32 1.04536e-09 9.83135e-11 0.323788 0.05098 0.323788 0.301444
7.44 9.78697e-10 5.54859e-11 0.302888 0.0286244 0.302888 0.365599
7.56 8.88822e-10 3.2382e-11 0.27486 0.0166185 0.27486 0.433662
7.68 7.86492e-10 1.92996e-11 0.243034 0.00982929 0.243034 0.504102
7.8 6.79527e-10 1.16405e-11 0.209828 0.00585495 0.209828 0.574489
7.92 5.74134e-10 7.07615e-12 0.177156 0.00348712 0.177156 0.642201
8.04 4.75082e-10 4.33862e-12 0.146484 0.00206855 0.146484 0.704963
8.16 3.85631e-10 2.69779e-12 0.118812 0.00122002 0.118812 0.761157
8.28 3.07565e-10 1.71871e-12 0.0946815 0.000715133 0.0946815 0.809922
8.4 2.41407e-10 1.1382e-12 0.074248 0.000416731 0.074248 0.851087
8.52 1.86737e-10 7.96449e-13 0.0573749 0.000241584 0.0573749 0.885009
8.64 1.42533e-10 5.96717e-13 0.043741 0.000139442 0.043741 0.912379
8.76 1.07459e-10 4.80838e-13 0.0329305 8.02082e-05 0.0329305 0.934059
8.88 8.00886e-11 4.14103e-13 0.0245002 4.60177e-05 0.0245002 0.950954
9 5.90476e-11 3.75966e-13 0.0180238 2.63565e-05 0.0180238 0.963926
9.12 4.30918e-11 3.54354e-13 0.013116 1.50831e-05 0.013116 0.973753
9.24 3.1146e-11 3.42222e-13 0.00944436 8.63285e-06 0.00944436 0.981103
9.36 2.23101e-11 3.35489e-13 0.00673065 4.94783e-06 0.00673065 0.986534
9.48 1.58503e-11 3.31803e-13 0.00474827 2.84459e-06 0.00474827 0.990501
9.6 1.11805e-11 3.29819e-13 0.00331648 1.64478e-06 0.00331648 0.993365
9.72 7.84187e-12 3.28776e-13 0.00229374 9.60452e-07 0.00229374 0.995412
9.84 5.4805e-12 3.28244e-13 0.00157109 5.70095e-07 0.00157109 0.996857
9.96 3.82795e-12 3.27985e-13 0.00106588 3.47356e-07 0.00106588 0.997868
10.08 2.68341e-12 3.27867e-13 0.000716376 2.20202e-07 0.000716376 0.998567
10.2 1.89874e-12 3.2782e-13 0.000477053 1.47574e-07 0.000477053 0.999046
10.32 1.36614e-12 3.27807e-13 0.000314822 1.06065e-07 0.000314822 0.99937
10.44 1.00816e-12 3.27808e-13 0.000205932 8.23288e-08 0.000205932 0.999588
10.56 7.69824e-13 3.27815e-13 0.000133548 6.8748e-08 0.000133548 0.999733
10.68 6.12627e-13 3.27822e-13 8.58834e-05 6.09747e-08 8.58834e-05 0.999828
10.8 5.09882e-13 3.27828e-13 5.47857e-05 5.65246e-08 5.47857e-05 0.99989
10.92 4.43323e-13 3.27833e-13 3.46793e-05 5.39772e-08 3.46793e-05 0.999931
11.04 4.00583e-13 3.27837e-13 2.17951e-05 5.25198e-08 2.17951e-05 0.999956
11.16 3.73382e-13 3.27839e-13 1.36137e-05 5.16869e-08 1.36137e-05 0.999973
11.28 3.56238e-13 3.27841e-13 8.46961e-06 5.12121e-08 8.46961e-06 0.999983
11.4 3.45567e-13 3.27842e-13 5.27572e-06 5.09427e-08 5.27572e-06 0.999989
11.52 3.39059e-13 3.27843e-13 3.33278e-06 5.07916e-08 3.33278e-06 0.999993
11.64 3.35261e-13 3.27844e-13 2.20129e-06 5.07096e-08 2.20129e-06 0.999996
11.76 3.33296e-13 3.27844e-13 1.61711e-06 5.06693e-08 1.61711e-06 0.999997
11.88 3.32696e-13 3.27844e-13 1.43864e-06 5.06574e-08 1.43864e-06 0.999997
