0 -0.361198 -3.62213 47.4687
1 -0.0692313 -3.33017 46.3331
2 0.161911 -3.09902 44.8428
3 0.374323 -2.88661 43.2145
4 0.594673 -2.66626 44.277
5 0.844793 -2.41614 44.9024
6 1.14583 -2.1151 44.8355
7 1.51994 -1.74099 44.0129
8 1.99004 -1.27089 42.2309
9 2.57704 -0.683895 39.289
10 3.29334 0.0324024 35.0058
11 4.13171 0.870771 29.2502
12 5.0507 1.78977 22.0673
13 5.9625 2.70157 19.5206
14 6.73462 3.47369 24.497
15 7.21767 3.95673 29.6143
16 7.29855 4.03761 33.4438
17 6.9549 3.69396 35.0622
18 6.27267 3.01173 34.149
19 5.40958 2.14864 32.159
20 4.5295 1.26856 29.5508
21 3.75086 0.489927 25.8909
22 3.13094 -0.129997 21.73
23 2.678 -0.582939 17.242
24 2.37267 -0.888265 12.7972
25 2.18579 -1.07515 9.07905
26 2.08887 -1.17206 10.422
27 2.05854 -1.20239 11.8097
28 2.07736 -1.18357 12.8116
29 2.13303 -1.1279 13.3507
30 2.21716 -1.04378 13.5741
31 2.32403 -0.936904 13.5035
32 2.44966 -0.811271 13.0851
33 2.59098 -0.669957 13.0396
34 2.74516 -0.515777 12.9577
35 2.90908 -0.351856 12.5834
36 3.0788 -0.182135 11.9003
37 3.24919 -0.0117484 10.9175
38 3.41377 0.152831 9.66813
39 3.56493 0.303991 8.20698
40 3.69453 0.433597 6.85159
41 3.79492 0.533989 7.33803
42 3.86012 0.59918 7.93994
43 3.8869 0.625962 8.43745
44 3.87554 0.614605 8.72963
45 3.82985 0.568914 8.766
46 3.75656 0.49562 8.53568
47 3.66421 0.403278 8.31892
48 3.5619 0.300961 7.99177
49 3.45803 0.197097 7.51282
50 3.35957 0.098633 6.92342
51 3.27156 0.010624 6.20099
52 3.19713 -0.0638016 5.40033
53 3.13772 -0.123212 4.58902
54 3.09344 -0.167495 4.44961
55 3.0635 -0.197437 4.55439
56 3.0466 -0.214331 4.6438
57 3.04127 -0.219663 4.6761
58 3.04604 -0.214897 4.63676
59 3.05955 -0.201384 4.51252
60 3.08057 -0.180361 4.30306
61 3.10791 -0.153025 4.11693
62 3.1403 -0.120637 3.86409
63 3.17634 -0.084599 3.70406
64 3.21445 -0.0464886 3.50568
65 3.25291 -0.00802926 3.26727
66 3.28993 0.0289952 2.99186
67 3.3238 0.062861 2.70048
68 3.35297 0.0920381 2.63014
69 3.37625 0.115311 2.67789
70 3.39281 0.13187 2.76456
71 3.4023 0.14136 2.84619
72 3.40482 0.14388 2.90261
73 3.40088 0.13994 2.91661
74 3.39132 0.130382 2.92288
75 3.37722 0.116281 2.91213
76 3.35977 0.0988336 2.87363
77 3.34019 0.0792572 2.80107
78 3.31964 0.0587075 2.69156
79 3.29915 0.0382171 2.54906
80 3.2796 0.018661 2.38445
81 3.26168 0.000745181 2.27127
82 3.24595 -0.0149881 2.19931
83 3.23279 -0.0281442 2.14108
84 3.22248 -0.0384578 2.08139
85 3.21516 -0.0457761 2.0149
86 3.21089 -0.0500486 1.94663
87 3.20961 -0.051321 1.99986
88 3.2112 -0.0497326 2.05376
89 3.21542 -0.0455139 2.08447
90 3.22196 -0.0389796 2.08906
91 3.23042 -0.0305173 2.0697
92 3.24036 -0.0205704 2.03161
93 3.25132 -0.00961684 1.97639
94 3.26279 0.00185415 1.9032
95 3.2743 0.0133639 1.82644
96 3.2854 0.0244632 1.78407
97 3.29568 0.0347469 1.75998
98 3.3048 0.0438627 1.73446
99 3.31245 0.0515158 1.70426
100 3.31841 0.0574708 1.68663
101 3.32249 0.0615526 1.70584
102 3.32459 0.0636497 1.7234
103 3.32466 0.0637198 1.72864
104 3.32274 0.0617997 1.72705
105 3.31895 0.0580147 1.70355
106 3.31352 0.0525862 1.65449
107 3.30677 0.0458315 1.58335
108 3.29909 0.0381518 1.49116
109 3.29094 0.0300073 1.3799
110 3.28282 0.0218818 1.25968
111 3.27518 0.0142416 1.21058
112 3.26843 0.00749525 1.24374
113 3.2629 0.00196169 1.27804
114 3.25879 -0.00214962 1.31248
115 3.25619 -0.00474511 1.334
116 3.25509 -0.00584117 1.34668
117 3.25539 -0.00554918 1.34629
118 3.25688 -0.00405527 1.3369
119 3.25934 -0.00159817 1.32673
120 3.26249 0.00155225 1.3162
121 3.26605 0.00511409 1.30151
122 3.26974 0.00880949 1.28725
123 3.27331 0.0123777 1.27289
124 3.27652 0.0155853 1.2577
125 3.27917 0.0182342 1.23494
126 3.2811 0.0201681 1.211
127 3.28221 0.0212768 1.20128
128 3.28244 0.0215002 1.18666
129 3.28177 0.0208302 1.16918
130 3.28025 0.019311 1.15202
131 3.27797 0.0170375 1.12318
132 3.27509 0.0141507 1.08293
133 3.27176 0.0108295 1.03229
134 3.26822 0.00728116 0.971446
135 3.26466 0.00372752 0.902395
136 3.26133 0.000391285 0.911883
137 3.25842 -0.00251842 0.93762
138 3.25612 -0.0048191 0.962231
139 3.25457 -0.00636552 0.982069
140 3.25388 -0.00705729 0.996604
141 3.25409 -0.00684323 1.00773
142 3.25521 -0.00572247 1.01226
143 3.25719 -0.00374298 1.00662
144 3.25994 -0.000997977 0.991476
145 3.26331 0.00237936 0.971382
146 3.26716 0.00622242 0.969403
147 3.27127 0.0103389 0.975804
148 3.27546 0.0145199 0.97807
149 3.27949 0.0185503 0.990121
150 3.28316 0.0222206 1.00642
151 3.28627 0.0253395 1.02009
152 3.28868 0.0277481 1.02382
153 3.29027 0.0293313 1.01958
154 3.29096 0.0300286 1.00597
155 3.29078 0.0298401 0.984875
156 3.28976 0.0288266 0.952551
157 3.28804 0.0271044 0.910296
158 3.28577 0.0248338 0.859808
159 3.28314 0.0222034 0.810956
160 3.28035 0.0194122 0.83157
161 3.27759 0.0166519 0.858625
162 3.27503 0.0140917 0.881228
163 3.2728 0.011867 0.896123
164 3.27101 0.0100728 0.902955
165 3.2697 0.00876158 0.910378
166 3.26888 0.00794525 0.910003
167 3.26853 0.00759943 0.907244
168 3.26861 0.00766985 0.911055
169 3.26901 0.00807945 0.923635
170 3.26967 0.00873567 0.931063
171 3.27047 0.00953752 0.934827
172 3.27132 0.0103822 0.935058
173 3.27211 0.0111712 0.932349
174 3.27275 0.0118158 0.92335
175 3.27318 0.0122418 0.91862
176 3.27333 0.012394 0.91193
177 3.27317 0.0122392 0.904472
178 3.2727 0.0117686 0.888667
179 3.27193 0.0109982 0.865787
180 3.2709 0.00996856 0.83891
181 3.26968 0.0087417 0.805408
182 3.26833 0.00739739 0.765444
183 3.26696 0.00602743 0.720215
184 3.26566 0.00472922 0.709616
185 3.26453 0.00359885 0.733312
186 3.26366 0.00272434 0.751592
187 3.26311 0.00217957 0.764711
188 3.26295 0.00201941 0.772091
189 3.26321 0.00227619 0.774384
190 3.26389 0.00295767 0.77375
191 3.26498 0.00404653 0.769892
192 3.26644 0.00550129 0.758246
193 3.26819 0.00725847 0.742657
194 3.27017 0.00923588 0.724221
195 3.27227 0.011337 0.719816
196 3.27439 0.0134563 0.72702
197 3.27642 0.015485 0.741778
198 3.27825 0.0173183 0.757735
199 3.2798 0.0188615 0.766649
200 3.28097 0.0200372 0.767964
201 3.28173 0.0207906 0.765881
202 3.28203 0.0210942 0.757073
203 3.28188 0.0209495 0.741712
204 3.28132 0.0203872 0.718349
205 3.2804 0.0194639 0.687945
206 3.27919 0.0182571 0.653858
207 3.27779 0.0168582 0.619604
208 3.2763 0.0153642 0.637133
209 3.27481 0.0138702 0.656041
210 3.2734 0.0124616 0.671417
211 3.27214 0.0112088 0.681846
212 3.2711 0.0101632 0.686282
213 3.27029 0.00935523 0.685919
214 3.26973 0.00879469 0.68362
215 3.26941 0.00847196 0.677535
216 3.2693 0.00836088 0.675353
217 3.26936 0.00842217 0.678242
218 3.26954 0.00860736 0.683414
219 3.2698 0.00886287 0.686536
220 3.27007 0.00913398 0.689171
221 3.2703 0.00936864 0.689719
222 3.27046 0.00952088 0.686908
223 3.27049 0.00955372 0.684261
224 3.27038 0.00944162 0.680782
225 3.27011 0.0091721 0.675627
226 3.26968 0.00874662 0.665085
227 3.26912 0.00818059 0.64811
228 3.26844 0.00750239 0.628183
229 3.26769 0.00675152 0.603326
230 3.26691 0.00597593 0.574021
231 3.26616 0.0052287 0.539842
232 3.2655 0.00456431 0.543188
233 3.26497 0.00403486 0.560467
234 3.26462 0.00368635 0.573286
235 3.26449 0.00355545 0.582086
236 3.2646 0.00366696 0.585996
237 3.26497 0.00403198 0.585921
238 3.26558 0.004647 0.582486
239 3.26643 0.00549388 0.577509
240 3.26748 0.00654072 0.56877
241 3.26868 0.0077435 0.555554
242 3.26998 0.00904845 0.545683
243 3.27133 0.0103951 0.544537
244 3.27266 0.0117196 0.55466
245 3.27389 0.0129589 0.564991
246 3.27499 0.0140539 0.575002
247 3.27589 0.0149539 0.57938
248 3.27656 0.0156198 0.581147
249 3.27696 0.0160264 0.578321
250 3.2771 0.016164 0.570106
251 3.27697 0.0160395 0.556726
252 3.27661 0.0156749 0.537858
253 3.27604 0.0151053 0.515552
254 3.27531 0.0143764 0.488901
255 3.27448 0.0135402 0.472473
256 3.27359 0.0126509 0.490536
257 3.2727 0.011761 0.503687
258 3.27185 0.0109174 0.514613
259 3.27109 0.0101588 0.521268
260 3.27045 0.00951327 0.523465
261 3.26993 0.00899766 0.521876
262 3.26955 0.00861718 0.518934
263 3.2693 0.00836626 0.513695
264 3.26917 0.00823007 0.513088
265 3.26912 0.00818635 0.514458
266 3.26914 0.00820776 0.51891
267 3.2692 0.00826425 0.522887
268 3.26926 0.0083255 0.525883
269 3.2693 0.00836319 0.525612
270 3.26929 0.00835311 0.526606
271 3.26921 0.00827681 0.526116
272 3.26906 0.00812298 0.523882
273 3.26882 0.00788818 0.519199
274 3.26851 0.00757715 0.5105
275 3.26814 0.00720251 0.497298
276 3.26772 0.00678393 0.480877
277 3.26728 0.00634673 0.46119
278 3.26686 0.00592017 0.438313
279 3.26647 0.00553538 0.416874
280 3.26616 0.00522313 0.430063
281 3.26595 0.00501166 0.441825
282 3.26586 0.00492463 0.449937
283 3.26591 0.00497937 0.454758
284 3.26612 0.0051856 0.456106
285 3.26648 0.00554456 0.453828
286 3.26698 0.00604873 0.448919
287 3.26762 0.00668208 0.442797
288 3.26836 0.0074209 0.433571
289 3.26917 0.00823498 0.423299
290 3.27002 0.00908936 0.417483
291 3.27088 0.00994629 0.421395
292 3.2717 0.0107675 0.42945
293 3.27245 0.0115162 0.437369
294 3.2731 0.0121599 0.44258
295 3.27361 0.0126718 0.445746
296 3.27397 0.0130326 0.445565
297 3.27417 0.0132318 0.44126
298 3.2742 0.013268 0.433427
299 3.27408 0.0131489 0.421914
300 3.27383 0.0128903 0.407596
301 3.27345 0.0125148 0.389403
302 3.27299 0.01205 0.367984
303 3.27246 0.0115263 0.372998
304 3.27191 0.0109747 0.385177
305 3.27136 0.0104244 0.394068
306 3.27084 0.00990108 0.400921
307 3.27036 0.00942571 0.404232
308 3.26995 0.00901306 0.404236
309 3.26961 0.00867154 0.401812
310 3.26934 0.00840316 0.398221
311 3.26914 0.00820404 0.39484
312 3.269 0.00806525 0.395351
313 3.26891 0.00797402 0.39773
314 3.26885 0.00791506 0.400878
315 3.26881 0.00787198 0.403718
316 3.26876 0.0078287 0.405331
317 3.26871 0.00777081 0.406414
318 3.26862 0.00768668 0.407235
319 3.2685 0.00756839 0.406669
320 3.26835 0.00741235 0.405272
321 3.26816 0.00721962 0.400804
322 3.26793 0.00699587 0.392679
323 3.26769 0.00675098 0.381216
324 3.26743 0.00649842 0.367153
325 3.26719 0.00625426 0.350887
326 3.26697 0.00603603 0.33195
327 3.2668 0.00586147 0.330635
328 3.26668 0.00574725 0.340245
329 3.26664 0.0057077 0.347544
330 3.26669 0.00575374 0.351989
331 3.26683 0.00589201 0.353738
332 3.26706 0.00612425 0.352909
333 3.26738 0.00644702 0.349504
334 3.26779 0.00685177 0.344245
335 3.26826 0.00732516 0.338336
336 3.26879 0.00784975 0.329813
337 3.26934 0.00840495 0.323239
338 3.2699 0.00896815 0.321621
339 3.27045 0.00951602 0.328038
340 3.27096 0.0100258 0.33347
341 3.27141 0.0104768 0.338428
342 3.27179 0.0108513 0.341751
343 3.27207 0.0111358 0.342714
344 3.27226 0.0113218 0.340622
345 3.27234 0.0114058 0.335787
346 3.27233 0.01139 0.32904
347 3.27222 0.0112812 0.319303
348 3.27203 0.0110908 0.306692
349 3.27177 0.0108336 0.291506
350 3.27146 0.0105265 0.284495
351 3.27112 0.0101876 0.294289
352 3.27077 0.00983453 0.301691
353 3.27042 0.00948378 0.307767
354 3.27008 0.00914943 0.311155
355 3.26978 0.00884251 0.31216
356 3.26951 0.00857057 0.310727
357 3.26927 0.00833752 0.308271
358 3.26908 0.00814371 0.304719
359 3.26892 0.00798637 0.303694
360 3.2688 0.00786013 0.305109
361 3.26869 0.00775773 0.307875
362 3.26861 0.00767086 0.30999
363 3.26853 0.00759096 0.311625
364 3.26845 0.00751003 0.312961
365 3.26836 0.00742139 0.314694
366 3.26826 0.0073202 0.315176
367 3.26814 0.00720398 0.314541
368 3.26801 0.00707281 0.312454
369 3.26786 0.00692937 0.307761
370 3.26771 0.00677885 0.300221
371 3.26756 0.00662851 0.290314
372 3.26742 0.00648725 0.278567
373 3.2673 0.00636494 0.265107
374 3.26721 0.00627171 0.255196
375 3.26715 0.00621719 0.263324
376 3.26715 0.00620975 0.269472
377 3.26719 0.00625588 0.273553
378 3.2673 0.00635963 0.275542
379 3.26746 0.00652217 0.275335
380 3.26768 0.00674165 0.273122
381 3.26795 0.00701309 0.26917
382 3.26826 0.00732865 0.264564
383 3.26861 0.0076779 0.258879
384 3.26898 0.00804843 0.252906
385 3.26936 0.00842644 0.249544
386 3.26973 0.00879756 0.252847
387 3.27008 0.00914759 0.256979
388 3.2704 0.00946331 0.261021
389 3.27067 0.00973322 0.264002
390 3.27088 0.00994814 0.265159
391 3.27104 0.0101017 0.264279
392 3.27113 0.0101906 0.260947
393 3.27115 0.0102148 0.256563
394 3.27111 0.0101772 0.249958
395 3.27102 0.0100834 0.241072
396 3.27088 0.00994138 0.230115
397 3.2707 0.00976066 0.219605
398 3.27049 0.00955172 0.226189
399 3.27026 0.00932527 0.232353
400 3.27003 0.00909159 0.237214
401 3.2698 0.00885988 0.240388
402 3.26957 0.00863784 0.241691
403 3.26937 0.0084313 0.241071
404 3.26918 0.00824407 0.239231
405 3.26901 0.00807789 0.236841
406 3.26887 0.00793262 0.235002
407 3.26874 0.00780646 0.235845
408 3.26863 0.00769638 0.23797
409 3.26853 0.00759849 0.23982
410 3.26844 0.00750857 0.241599
411 3.26836 0.00742251 0.242547
412 3.26827 0.00733676 0.244422
413 3.26818 0.00724871 0.245452
414 3.26809 0.00715694 0.245212
415 3.268 0.00706143 0.244233
416 3.2679 0.00696364 0.241128
417 3.2678 0.00686636 0.236131
418 3.26771 0.00677365 0.229121
419 3.26763 0.00669047 0.220466
420 3.26756 0.00662239 0.210611
421 3.26751 0.00657514 0.199428
422 3.26749 0.00655419 0.204194
423 3.2675 0.00656431 0.209158
424 3.26754 0.00660918 0.212748
425 3.26763 0.00669104 0.214522
426 3.26775 0.00681046 0.214812
427 3.2679 0.00696619 0.213419
428 3.26809 0.00715512 0.210739
429 3.26831 0.00737238 0.207041
430 3.26855 0.00761154 0.203017
431 3.2688 0.00786489 0.198198
432 3.26906 0.00812387 0.194821
433 3.26931 0.00837947 0.195525
434 3.26956 0.00862272 0.199114
435 3.26978 0.00884515 0.202011
436 3.26997 0.00903927 0.204629
437 3.27013 0.0091989 0.205802
438 3.27025 0.00931952 0.205587
439 3.27033 0.00939843 0.203537
440 3.27037 0.00943484 0.200498
441 3.27037 0.00942983 0.195889
442 3.27032 0.00938619 0.189658
443 3.27024 0.0093082 0.181674
444 3.27014 0.00920122 0.172374
445 3.27001 0.0090714 0.174954
446 3.26986 0.00892518 0.180011
447 3.2697 0.00876896 0.183806
448 3.26954 0.00860871 0.186685
449 3.26939 0.00844963 0.187857
450 3.26923 0.00829596 0.18774
451 3.26909 0.00815085 0.186307
452 3.26895 0.00801625 0.18475
453 3.26883 0.00789303 0.183031
454 3.26872 0.00778103 0.183102
455 3.26861 0.00767931 0.184701
456 3.26852 0.00758633 0.186298
457 3.26844 0.00750025 0.187793
458 3.26835 0.00741918 0.188764
459 3.26828 0.00734146 0.190021
460 3.2682 0.00726585 0.191084
461 3.26813 0.00719173 0.19125
462 3.26805 0.0071192 0.190632
463 3.26798 0.00704916 0.188756
464 3.26792 0.00698324 0.185305
465 3.26786 0.00692375 0.180225
466 3.26781 0.00687351 0.173885
467 3.26777 0.00683567 0.1665
468 3.26775 0.00681345 0.158168
469 3.26775 0.00680991 0.158328
470 3.26776 0.0068277 0.162402
471 3.2678 0.00686878 0.165325
472 3.26787 0.0069343 0.166962
473 3.26796 0.00702436 0.167386
474 3.26807 0.00713801 0.166582
475 3.26821 0.00727314 0.164668
476 3.26836 0.00742661 0.162022
477 3.26853 0.00759429 0.158773
478 3.26871 0.00777128 0.155317
479 3.26889 0.00795213 0.152131
480 3.26907 0.00813109 0.151453
481 3.26924 0.00830243 0.154097
482 3.2694 0.00846065 0.156319
483 3.26954 0.00860084 0.15848
484 3.26965 0.00871885 0.159638
485 3.26975 0.00881151 0.159568
486 3.26981 0.00887676 0.158376
487 3.26985 0.00891368 0.156223
488 3.26986 0.00892254 0.153003
489 3.26984 0.00890466 0.148476
490 3.2698 0.00886235 0.14271
491 3.26973 0.00879865 0.135817
492 3.26965 0.00871717 0.13532
493 3.26956 0.00862182 0.139334
494 3.26945 0.00851658 0.142425
495 3.26934 0.00840531 0.144721
496 3.26923 0.0082915 0.145844
497 3.26911 0.00817816 0.145944
498 3.269 0.0080677 0.145068
499 3.2689 0.00796189 0.143826
500 3.2688 0.00786186 0.142398
501 3.2687 0.00776813 0.142062
502 3.26862 0.00768073 0.143328
503 3.26853 0.0075993 0.144624
504 3.26846 0.00752327 0.145789
505 3.26839 0.00745194 0.146726
506 3.26832 0.00738471 0.147744
507 3.26826 0.00732114 0.148503
508 3.2682 0.0072611 0.148883
509 3.26814 0.00720483 0.14845
510 3.26809 0.00715295 0.147326
511 3.26804 0.00710648 0.144966
512 3.268 0.00706679 0.141389
513 3.26797 0.00703552 0.136699
514 3.26795 0.00701445 0.131087
515 3.26794 0.00700539 0.124858
516 3.26795 0.00701001 0.122699
517 3.26797 0.00702973 0.125992
518 3.268 0.00706554 0.128268
519 3.26805 0.00711792 0.129754
520 3.26812 0.00718674 0.130194
521 3.26821 0.00727118 0.129789
522 3.26831 0.00736977 0.128432
523 3.26842 0.00748036 0.126439
524 3.26854 0.00760023 0.123971
525 3.26866 0.00772619 0.121419
526 3.26879 0.00785468 0.118795
527 3.26892 0.00798197 0.117537
528 3.26904 0.00810431 0.119203
529 3.26915 0.0082181 0.120906
530 3.26926 0.00832008 0.122643
531 3.26934 0.00840745 0.123699
532 3.26941 0.00847799 0.123712
533 3.26947 0.00853016 0.123055
534 3.2695 0.00856316 0.121522
535 3.26951 0.00857688 0.119233
536 3.26951 0.00857192 0.115929
537 3.26948 0.00854952 0.11174
538 3.26945 0.0085114 0.106558
539 3.2694 0.00845969 0.104651
540 3.26933 0.00839679 0.107769
541 3.26926 0.00832519 0.110285
542 3.26918 0.0082474 0.112122
543 3.2691 0.00816575 0.113151
544 3.26902 0.00808236 0.113342
545 3.26893 0.00799904 0.112838
546 3.26885 0.00791722 0.111831
547 3.26877 0.00783801 0.110802
548 3.2687 0.00776214 0.110176
549 3.26863 0.00769006 0.111169
550 3.26856 0.00762195 0.112214
551 3.26849 0.00755784 0.11313
552 3.26843 0.00749768 0.11393
553 3.26838 0.00744139 0.114774
554 3.26832 0.00738899 0.115399
555 3.26828 0.00734059 0.115758
556 3.26823 0.00729651 0.115458
557 3.26819 0.00725724 0.114777
558 3.26816 0.00722346 0.113163
559 3.26813 0.00719601 0.110616
560 3.26811 0.00717586 0.107185
561 3.2681 0.00716404 0.102976
562 3.2681 0.00716154 0.0982964
563 3.2681 0.00716928 0.0951311
564 3.26812 0.00718796 0.0977282
565 3.26815 0.00721803 0.0995572
566 3.2682 0.00725962 0.100807
567 3.26825 0.00731247 0.101251
568 3.26831 0.00737589 0.101032
569 3.26838 0.0074488 0.100117
570 3.26847 0.0075297 0.0986013
571 3.26855 0.00761674 0.0967372
572 3.26864 0.00770777 0.0947411
573 3.26874 0.00780042 0.0926359
574 3.26883 0.00789222 0.0912706
575 3.26892 0.00798069 0.092191
576 3.269 0.00806341 0.0934819
577 3.26907 0.0081382 0.094911
578 3.26914 0.00820314 0.0958023
579 3.26919 0.00825668 0.0959266
580 3.26923 0.00829769 0.0955247
581 3.26926 0.0083255 0.094467
582 3.26928 0.0083399 0.0927621
583 3.26928 0.0083411 0.0903728
584 3.26927 0.00832976 0.0872902
585 3.26924 0.00830685 0.0834404
586 3.26921 0.00827366 0.0809209
587 3.26917 0.00823165 0.0833776
588 3.26912 0.00818242 0.0853715
589 3.26906 0.00812758 0.0868281
590 3.269 0.00806872 0.0877301
591 3.26894 0.00800732 0.0879524
592 3.26888 0.00794472 0.0876588
593 3.26882 0.00788204 0.0868801
594 3.26876 0.00782025 0.0861687
595 3.2687 0.00776007 0.0855493
596 3.26864 0.00770209 0.0862222
597 3.26858 0.0076467 0.0870449
598 3.26853 0.00759421 0.0878555
599 3.26848 0.00754485 0.0884766
600 3.26843 0.0074988 0.0891132
601 3.26839 0.00745628 0.0896437
602 3.26835 0.00741755 0.0899792
603 3.26832 0.00738292 0.0898378
604 3.26829 0.00735279 0.0893497
605 3.26826 0.00732766 0.0882164
606 3.26824 0.00730807 0.0863986
607 3.26823 0.0072946 0.0838789
608 3.26822 0.00728785 0.0807667
609 3.26822 0.00728838 0.0771918
610 3.26823 0.00729664 0.0739035
611 3.26825 0.00731298 0.0758212
612 3.26827 0.00733755 0.0773095
613 3.26831 0.0073703 0.078294
614 3.26835 0.00741092 0.0787004
615 3.26839 0.00745885 0.0785976
616 3.26845 0.00751327 0.0779756
617 3.26851 0.00757311 0.0768373
618 3.26857 0.00763707 0.0754284
619 3.26864 0.00770368 0.0738613
620 3.26871 0.00777132 0.0722392
621 3.26877 0.00783833 0.0709972
622 3.26884 0.00790301 0.0713048
623 3.2689 0.00796374 0.0723131
624 3.26895 0.00801903 0.0734466
625 3.269 0.00806754 0.0742053
626 3.26904 0.00810818 0.0743629
627 3.26908 0.00814013 0.0741156
628 3.2691 0.00816286 0.0733847
629 3.26911 0.00817612 0.0721187
630 3.26912 0.00817996 0.0703732
631 3.26911 0.0081747 0.0680864
632 3.2691 0.00816092 0.0652428
633 3.26907 0.00813937 0.0627864
634 3.26905 0.00811097 0.064536
635 3.26901 0.00807674 0.0660978
636 3.26897 0.00803775 0.0672592
637 3.26893 0.00799508 0.0680026
638 3.26889 0.00794978 0.0682427
639 3.26884 0.0079028 0.0680605
640 3.26879 0.00785504 0.0674833
641 3.26874 0.00780728 0.0669801
642 3.2687 0.00776017 0.0664739
643 3.26865 0.00771427 0.066909
644 3.26861 0.00767006 0.0675514
645 3.26856 0.00762791 0.0682238
646 3.26852 0.00758815 0.0687098
647 3.26849 0.0075511 0.069174
648 3.26845 0.00751703 0.0696366
649 3.26842 0.00748625 0.0699479
650 3.26839 0.00745905 0.0698738
651 3.26837 0.00743577 0.0695244
652 3.26835 0.00741677 0.0687272
653 3.26834 0.00740242 0.0674244
654 3.26833 0.00739308 0.0655717
655 3.26832 0.00738911 0.0632604
656 3.26833 0.00739081 0.0605305
657 3.26833 0.0073984 0.0576208
658 3.26835 0.00741203 0.0588263
659 3.26837 0.0074317 0.0600235
660 3.26839 0.00745728 0.0607983
661 3.26842 0.00748848 0.061175
662 3.26846 0.00752482 0.0611279
663 3.2685 0.00756569 0.0606958
664 3.26855 0.00761031 0.0598574
665 3.26859 0.00765774 0.0587645
666 3.26864 0.00770696 0.0575662
667 3.26869 0.00775685 0.0563585
668 3.26874 0.00780625 0.0552797
669 3.26879 0.007854 0.0552113
670 3.26883 0.00789898 0.0559917
671 3.26888 0.00794014 0.056846
672 3.26891 0.00797656 0.0574838
673 3.26894 0.00800746 0.0576526
674 3.26897 0.00803224 0.0574968
675 3.26899 0.00805048 0.0569954
676 3.269 0.00806195 0.0560528
677 3.269 0.00806663 0.0547692
678 3.269 0.00806467 0.0530567
679 3.26899 0.00805639 0.0509542
680 3.26898 0.00804224 0.0488015
681 3.26896 0.00802282 0.0499839
682 3.26893 0.00799878 0.0511927
683 3.26891 0.00797083 0.0521251
684 3.26888 0.00793973 0.0527136
685 3.26884 0.00790619 0.0529398
686 3.26881 0.00787095 0.052834
687 3.26877 0.00783467 0.0524184
688 3.26873 0.00779796 0.0520628
689 3.2687 0.00776139 0.0516666
690 3.26866 0.00772546 0.0519428
691 3.26863 0.00769059 0.0524515
692 3.26859 0.00765719 0.0529803
693 3.26856 0.00762561 0.0533834
694 3.26853 0.00759615 0.0537006
695 3.2685 0.00756911 0.0541112
696 3.26848 0.00754479 0.0543734
697 3.26846 0.00752347 0.0543632
698 3.26844 0.0075054 0.0540833
699 3.26843 0.00749088 0.0535299
700 3.26842 0.00748015 0.0525828
701 3.26841 0.00747345 0.0512213
702 3.26841 0.007471 0.0494982
703 3.26841 0.00747296 0.0474244
704 3.26841 0.00747944 0.0451893
705 3.26843 0.00749046 0.0456568
706 3.26844 0.00750597 0.0466104
707 3.26846 0.00752581 0.0472175
708 3.26849 0.00754972 0.0475495
709 3.26851 0.00757733 0.0475427
710 3.26854 0.00760815 0.047236
711 3.26858 0.00764161 0.0466162
712 3.26861 0.00767704 0.0457698
713 3.26865 0.00771369 0.0448701
714 3.26869 0.00775078 0.0439498
715 3.26872 0.0077875 0.0430544
716 3.26876 0.00782303 0.0428083
717 3.26879 0.00785658 0.0433656
718 3.26882 0.00788742 0.0440185
719 3.26885 0.0079149 0.0445386
720 3.26887 0.00793844 0.0447062
721 3.26889 0.00795762 0.0446158
722 3.26891 0.0079721 0.0442681
723 3.26892 0.00798169 0.0435713
724 3.26892 0.00798633 0.0426095
725 3.26892 0.00798608 0.0413276
726 3.26892 0.00798113 0.0397676
727 3.26891 0.00797176 0.0379432
728 3.26889 0.00795834 0.038731
729 3.26888 0.00794129 0.0396779
730 3.26886 0.00792111 0.0404128
731 3.26883 0.00789831 0.0408815
732 3.26881 0.00787342 0.0410706
733 3.26878 0.00784696 0.0410187
734 3.26875 0.00781944 0.0407295
735 3.26873 0.00779134 0.0404694
736 3.2687 0.00776311 0.0401679
737 3.26867 0.00773519 0.0403418
738 3.26864 0.00770794 0.0407446
739 3.26862 0.00768172 0.0411586
740 3.26859 0.00765685 0.0414866
741 3.26857 0.00763364 0.04171
742 3.26855 0.00761234 0.0420529
743 3.26853 0.00759323 0.042271
744 3.26851 0.00757654 0.0422972
745 3.2685 0.0075625 0.0420673
746 3.26849 0.00755131 0.0416842
747 3.26848 0.00754316 0.0409942
748 3.26847 0.00753822 0.0399909
749 3.26847 0.00753662 0.038704
750 3.26847 0.00753843 0.0371499
751 3.26848 0.00754371 0.035438
752 3.26849 0.00755243 0.0354495
753 3.2685 0.00756452 0.0362042
754 3.26852 0.00757982 0.0366836
755 3.26853 0.00759812 0.0369604
756 3.26855 0.0076191 0.0369771
757 3.26858 0.00764241 0.0367575
758 3.2686 0.0076676 0.0363082
759 3.26863 0.0076942 0.0356694
760 3.26866 0.00772166 0.0349676
761 3.26868 0.00774941 0.0342663
762 3.26871 0.00777688 0.0335295
763 3.26874 0.00780349 0.0332322
764 3.26876 0.00782867 0.0335976
765 3.26879 0.0078519 0.0341011
766 3.26881 0.00787271 0.0345193
767 3.26883 0.00789069 0.0346755
768 3.26884 0.00790552 0.0346311
769 3.26885 0.00791693 0.0343856
770 3.26886 0.00792478 0.0338776
771 3.26886 0.00792899 0.0331465
772 3.26886 0.00792959 0.032191
773 3.26886 0.00792667 0.0310228
774 3.26886 0.0079204 0.0296009
775 3.26885 0.00791103 0.0300233
776 3.26883 0.00789885 0.0307689
777 3.26882 0.00788418 0.0313457
778 3.2688 0.0078674 0.0317204
779 3.26878 0.00784886 0.0318805
780 3.26876 0.00782898 0.031858
781 3.26874 0.00780812 0.0316569
782 3.26872 0.00778666 0.0314606
783 3.2687 0.00776496 0.0312348
784 3.26868 0.00774337 0.0313463
785 3.26866 0.00772221 0.0316656
786 3.26864 0.00770176 0.0319878
787 3.26862 0.00768232 0.0322511
788 3.2686 0.00766415 0.0324259
789 3.26858 0.00764747 0.03269
790 3.26857 0.00763251 0.0328667
791 3.26855 0.00761948 0.0329164
792 3.26854 0.00760855 0.0327382
793 3.26854 0.00759989 0.0324576
794 3.26853 0.00759364 0.0319543
795 3.26853 0.0075899 0.031213
796 3.26852 0.00758877 0.0302529
797 3.26853 0.00759029 0.0290848
798 3.26853 0.00759447 0.0277749
799 3.26854 0.00760127 0.0275355
800 3.26855 0.00761061 0.0281283
801 3.26856 0.00762236 0.0285114
802 3.26857 0.00763632 0.0287336
803 3.26859 0.00765227 0.0287617
804 3.26861 0.00766993 0.0286061
805 3.26862 0.00768896 0.0282838
806 3.26864 0.007709 0.0278044
807 3.26867 0.00772967 0.0272515
808 3.26869 0.00775054 0.0267143
809 3.26871 0.0077712 0.0261138
810 3.26873 0.00779123 0.0258246
811 3.26875 0.00781022 0.0260452
812 3.26876 0.00782779 0.0264306
813 3.26878 0.00784361 0.0267665
814 3.26879 0.00785737 0.0269022
815 3.2688 0.00786883 0.0268927
816 3.26881 0.00787779 0.026717
817 3.26882 0.00788412 0.0263431
818 3.26882 0.00788777 0.0257965
819 3.26882 0.00788873 0.0250756
820 3.26882 0.00788704 0.0241944
821 3.26882 0.00788282 0.0231269
822 3.26881 0.00787623 0.023285
823 3.2688 0.00786746 0.0238696
824 3.26879 0.00785674 0.0243243
825 3.26878 0.00784433 0.0246196
826 3.26877 0.0078305 0.0247579
827 3.26875 0.00781554 0.0247533
828 3.26874 0.00779973 0.0246127
829 3.26872 0.00778337 0.0244671
830 3.2687 0.00776674 0.0242942
831 3.26869 0.00775011 0.0243672
832 3.26867 0.00773374 0.0246226
833 3.26865 0.00771788 0.0248699
834 3.26864 0.00770276 0.0250819
835 3.26862 0.00768859 0.0252211
836 3.26861 0.00767559 0.0254185
837 3.2686 0.00766392 0.0255602
838 3.26859 0.00765376 0.025619
839 3.26858 0.00764526 0.0254978
840 3.26857 0.00763854 0.0252757
841 3.26857 0.0076337 0.0249068
842 3.26857 0.00763083 0.0243587
843 3.26857 0.00762998 0.0236407
844 3.26857 0.00763118 0.0227641
845 3.26857 0.00763442 0.0217594
846 3.26858 0.00763966 0.0213952
847 3.26858 0.00764682 0.0218595
848 3.26859 0.0076558 0.0221654
849 3.2686 0.00766645 0.0223454
850 3.26861 0.00767857 0.0223744
851 3.26863 0.00769196 0.0222693
852 3.26864 0.00770636 0.0220343
853 3.26866 0.00772151 0.0216765
854 3.26867 0.00773712 0.0212462
855 3.26869 0.00775287 0.0208285
856 3.2687 0.00776847 0.0203585
857 3.26872 0.00778361 0.0200988
858 3.26873 0.00779799 0.020203
859 3.26875 0.00781134 0.0204936
860 3.26876 0.00782339 0.0207638
861 3.26877 0.00783394 0.0208822
862 3.26878 0.00784279 0.02089
863 3.26879 0.0078498 0.0207626
864 3.26879 0.00785488 0.0204865
865 3.26879 0.00785794 0.0200774
866 3.26879 0.007859 0.0195332
867 3.26879 0.00785807 0.0188667
868 3.26879 0.00785521 0.0180652
869 3.26879 0.00785054 0.0180699
870 3.26878 0.00784419 0.0185277
871 3.26877 0.00783632 0.018885
872 3.26876 0.00782711 0.0191143
873 3.26875 0.00781677 0.0192343
874 3.26874 0.0078055 0.0192402
875 3.26873 0.00779353 0.019143
876 3.26872 0.00778107 0.0190339
877 3.2687 0.00776834 0.018903
878 3.26869 0.00775556 0.0189547
879 3.26868 0.00774294 0.0191532
880 3.26867 0.00773068 0.0193444
881 3.26865 0.00771896 0.0195134
882 3.26864 0.00770797 0.0196327
883 3.26863 0.00769786 0.0197704
884 3.26862 0.00768879 0.0198833
885 3.26862 0.00768088 0.0199433
886 3.26861 0.00767427 0.0198605
887 3.2686 0.00766904 0.0196907
888 3.2686 0.00766527 0.019415
889 3.2686 0.00766304 0.0190092
890 3.2686 0.00766237 0.018471
891 3.2686 0.00766327 0.0178133
892 3.2686 0.00766575 0.0170477
893 3.26861 0.00766975 0.0166305
894 3.26861 0.00767522 0.0169928
895 3.26862 0.00768206 0.0172372
896 3.26863 0.00769016 0.0173817
897 3.26863 0.00769938 0.0174099
898 3.26864 0.00770954 0.0173402
899 3.26866 0.00772045 0.0171682
900 3.26867 0.00773193 0.0169005
901 3.26868 0.00774374 0.016568
902 3.26869 0.00775567 0.016245
903 3.2687 0.00776749 0.0158851
904 3.26871 0.00777897 0.0156469
905 3.26873 0.00778989 0.0156781
906 3.26874 0.00780005 0.0158964
907 3.26874 0.00780926 0.0161134
908 3.26875 0.00781736 0.0162175
909 3.26876 0.0078242 0.0162325
910 3.26877 0.00782968 0.0161399
911 3.26877 0.00783371 0.0159358
912 3.26877 0.00783624 0.0156279
913 3.26877 0.00783727 0.0152191
914 3.26877 0.00783679 0.0147137
915 3.26877 0.00783485 0.0141103
916 3.26877 0.00783152 0.0140295
917 3.26876 0.0078269 0.0143883
918 3.26876 0.0078211 0.0146682
919 3.26875 0.00781425 0.0148477
920 3.26874 0.0078065 0.0149473
921 3.26873 0.00779801 0.0149595
922 3.26872 0.00778893 0.0148925
923 3.26871 0.00777945 0.0148133
924 3.26871 0.00776973 0.0147145
925 3.2687 0.00775993 0.0147508
926 3.26869 0.00775023 0.0149046
927 3.26868 0.00774077 0.0150526
928 3.26867 0.00773172 0.0151876
929 3.26866 0.0077232 0.0152871
930 3.26865 0.00771537 0.0153826
931 3.26864 0.00770833 0.0154732
932 3.26864 0.00770218 0.0155279
933 3.26863 0.00769704 0.0154717
934 3.26863 0.00769297 0.0153422
935 3.26863 0.00769003 0.0151354
936 3.26862 0.00768827 0.0148351
937 3.26862 0.00768772 0.014431
938 3.26862 0.00768839 0.0139377
939 3.26863 0.00769025 0.0133573
940 3.26863 0.00769329 0.012932
941 3.26863 0.00769745 0.0132137
942 3.26864 0.00770265 0.0134088
943 3.26864 0.00770881 0.013524
944 3.26865 0.0077158 0.0135516
945 3.26866 0.00772352 0.0135044
946 3.26867 0.0077318 0.0133787
947 3.26868 0.00774051 0.013178
948 3.26868 0.00774947 0.0129279
949 3.26869 0.00775852 0.0126728
950 3.2687 0.0077675 0.0124014
951 3.26871 0.00777622 0.0121932
952 3.26872 0.00778453 0.0121761
953 3.26873 0.00779229 0.0123359
954 3.26873 0.00779934 0.012509
955 3.26874 0.00780556 0.0125995
956 3.26875 0.00781085 0.0126169
957 3.26875 0.00781512 0.0125499
958 3.26875 0.00781831 0.0123993
959 3.26876 0.00782038 0.0121678
960 3.26876 0.00782131 0.0118602
961 3.26876 0.0078211 0.0114768
962 3.26876 0.00781978 0.0110208
963 3.26875 0.0078174 0.0108976
964 3.26875 0.00781403 0.0111802
965 3.26875 0.00780974 0.011397
966 3.26874 0.00780463 0.0115386
967 3.26873 0.00779882 0.0116193
968 3.26873 0.00779241 0.0116361
969 3.26872 0.00778553 0.0115882
970 3.26871 0.00777832 0.0115334
971 3.26871 0.0077709 0.0114572
972 3.2687 0.0077634 0.0114843
973 3.26869 0.00775595 0.011603
974 3.26868 0.00774867 0.01172
975 3.26868 0.00774169 0.0118296
976 3.26867 0.00773511 0.0119073
977 3.26866 0.00772905 0.0119726
978 3.26866 0.00772359 0.0120455
979 3.26865 0.00771883 0.0120927
980 3.26865 0.00771483 0.0120549
981 3.26865 0.00771165 0.0119557
982 3.26864 0.00770936 0.0118027
983 3.26864 0.00770797 0.0115782
984 3.26864 0.00770751 0.0112751
985 3.26864 0.00770798 0.0109045
986 3.26864 0.00770938 0.0104645
987 3.26865 0.00771167 0.0100595
988 3.26865 0.00771482 0.0102784
989 3.26865 0.00771877 0.0104338
990 3.26866 0.00772344 0.0105255
991 3.26866 0.00772875 0.0105527
992 3.26867 0.00773461 0.0105192
993 3.26868 0.0077409 0.0104272
994 3.26868 0.00774751 0.0102772
995 3.26869 0.00775432 0.0100889
996 3.2687 0.0077612 0.00988921
997 3.2687 0.00776803 0.00968324
998 3.26871 0.00777467 0.00950696
999 3.26872 0.00778101 0.00946926
1000 3.26872 0.00778694 0.00957844
1001 3.26873 0.00779234 0.00971425
1002 3.26873 0.00779713 0.00979181
1003 3.26874 0.00780122 0.00980944
1004 3.26874 0.00780455 0.00976178
1005 3.26874 0.00780707 0.00965151
1006 3.26874 0.00780874 0.00947743
1007 3.26874 0.00780955 0.00924496
1008 3.26874 0.0078095 0.00895373
1009 3.26874 0.0078086 0.00860795
1010 3.26874 0.00780689 0.00846912
1011 3.26874 0.00780442 0.0086913
1012 3.26874 0.00780124 0.00885852
1013 3.26873 0.00779743 0.00897006
1014 3.26873 0.00779306 0.00903657
1015 3.26872 0.00778822 0.00905337
1016 3.26872 0.00778301 0.00901926
1017 3.26871 0.00777753 0.00898225
1018 3.26871 0.00777187 0.00892356
1019 3.2687 0.00776613 0.00894521
1020 3.2687 0.00776042 0.00903735
1021 3.26869 0.00775483 0.00913087
1022 3.26868 0.00774945 0.00921712
1023 3.26868 0.00774438 0.00927746
1024 3.26868 0.0077397 0.0093216
1025 3.26867 0.00773547 0.00938025
1026 3.26867 0.00773178 0.0094196
1027 3.26866 0.00772867 0.00939499
1028 3.26866 0.0077262 0.00931825
1029 3.26866 0.0077244 0.00920649
1030 3.26866 0.0077233 0.00903741
1031 3.26866 0.00772291 0.00881068
1032 3.26866 0.00772324 0.0085313
1033 3.26866 0.00772428 0.00819844
1034 3.26866 0.007726 0.00784807
1035 3.26866 0.00772838 0.00799785
1036 3.26867 0.00773137 0.00812136
1037 3.26867 0.00773491 0.00819433
1038 3.26867 0.00773894 0.0082193
1039 3.26868 0.00774339 0.00819682
1040 3.26868 0.00774817 0.00812829
1041 3.26869 0.0077532 0.00801704
1042 3.26869 0.00775837 0.00787471
1043 3.2687 0.00776361 0.00771837
1044 3.2687 0.00776881 0.00756195
1045 3.26871 0.00777388 0.00741513
1046 3.26871 0.00777872 0.0073708
1047 3.26872 0.00778326 0.00744061
1048 3.26872 0.0077874 0.00754704
1049 3.26873 0.00779109 0.00761207
1050 3.26873 0.00779425 0.0076289
1051 3.26873 0.00779684 0.00759548
1052 3.26873 0.00779882 0.00751419
1053 3.26874 0.00780017 0.00738394
1054 3.26874 0.00780086 0.00720794
1055 3.26874 0.00780089 0.00698657
1056 3.26874 0.00780029 0.00672531
1057 3.26873 0.00779906 0.0065856
1058 3.26873 0.00779724 0.00675899
1059 3.26873 0.00779488 0.00688921
1060 3.26873 0.00779203 0.00697663
1061 3.26872 0.00778875 0.00703038
1062 3.26872 0.00778509 0.0070468
1063 3.26872 0.00778114 0.00702161
1064 3.26871 0.00777697 0.00699717
1065 3.26871 0.00777266 0.00695267
1066 3.2687 0.00776827 0.00697056
1067 3.2687 0.0077639 0.00704348
1068 3.2687 0.00775961 0.00711701
1069 3.26869 0.00775547 0.007184
1070 3.26869 0.00775157 0.00723078
1071 3.26868 0.00774795 0.00726046
1072 3.26868 0.00774469 0.00730721
1073 3.26868 0.00774183 0.00733924
1074 3.26867 0.00773942 0.00732429
1075 3.26867 0.00773749 0.00726666
1076 3.26867 0.00773608 0.00718255
1077 3.26867 0.0077352 0.00705605
1078 3.26867 0.00773488 0.00688541
1079 3.26867 0.0077351 0.00667487
1080 3.26867 0.00773586 0.00642319
1081 3.26867 0.00773715 0.00614194
1082 3.26867 0.00773895 0.0062256
1083 3.26868 0.00774121 0.00632348
1084 3.26868 0.00774389 0.00638118
1085 3.26868 0.00774695 0.00640343
1086 3.26869 0.00775033 0.00638854
1087 3.26869 0.00775396 0.00633779
1088 3.26869 0.00775778 0.00625497
1089 3.2687 0.00776172 0.00614756
1090 3.2687 0.00776571 0.00602699
1091 3.26871 0.00776968 0.00590638
1092 3.26871 0.00777355 0.00578875
1093 3.26871 0.00777725 0.00574164
1094 3.26872 0.00778072 0.00578221
1095 3.26872 0.00778391 0.00586589
1096 3.26872 0.00778675 0.00591935
1097 3.26872 0.00778919 0.00593478
1098 3.26873 0.00779121 0.00591184
1099 3.26873 0.00779277 0.00585166
1100 3.26873 0.00779384 0.00575392
1101 3.26873 0.00779442 0.0056214
1102 3.26873 0.0077945 0.00545295
1103 3.26873 0.00779409 0.0052551
1104 3.26873 0.00779321 0.00512353
1105 3.26873 0.00779187 0.0052584
1106 3.26873 0.00779012 0.0053599
1107 3.26872 0.00778798 0.00542797
1108 3.26872 0.00778551 0.00547227
1109 3.26872 0.00778275 0.00548672
1110 3.26872 0.00777976 0.00546877
1111 3.26871 0.00777659 0.00545262
1112 3.26871 0.0077733 0.0054199
1113 3.26871 0.00776995 0.00543495
1114 3.2687 0.0077666 0.00549259
1115 3.2687 0.00776331 0.00554987
1116 3.2687 0.00776014 0.00560129
1117 3.26869 0.00775713 0.00563766
1118 3.26869 0.00775434 0.00565735
1119 3.26869 0.00775182 0.00569408
1120 3.26869 0.00774961 0.00571983
1121 3.26868 0.00774774 0.00571134
1122 3.26868 0.00774624 0.00566996
1123 3.26868 0.00774513 0.00560452
1124 3.26868 0.00774443 0.00551046
1125 3.26868 0.00774416 0.00538142
1126 3.26868 0.0077443 0.00522277
1127 3.26868 0.00774486 0.00503251
1128 3.26868 0.00774583 0.00481924
1129 3.26868 0.00774718 0.00484817
1130 3.26868 0.00774888 0.00492514
1131 3.26869 0.00775092 0.0049706
1132 3.26869 0.00775323 0.00499003
1133 3.26869 0.0077558 0.00498031
1134 3.26869 0.00775856 0.00494292
1135 3.2687 0.00776147 0.0048813
1136 3.2687 0.00776447 0.00480019
1137 3.2687 0.00776751 0.00470815
1138 3.26871 0.00777054 0.00461459
1139 3.26871 0.00777349 0.00452271
1140 3.26871 0.00777633 0.00447746
1141 3.26871 0.00777899 0.00449522
1142 3.26872 0.00778144 0.00456181
1143 3.26872 0.00778363 0.00460445
1144 3.26872 0.00778552 0.00461839
1145 3.26872 0.00778709 0.00460256
1146 3.26872 0.00778831 0.00455865
1147 3.26872 0.00778916 0.0044847
1148 3.26873 0.00778964 0.00438496
1149 3.26873 0.00778974 0.00425697
1150 3.26872 0.00778947 0.00410663
1151 3.26872 0.00778883 0.00399417
1152 3.26872 0.00778785 0.00409249
1153 3.26872 0.00778654 0.00417161
1154 3.26872 0.00778494 0.00422561
1155 3.26872 0.00778308 0.00426098
1156 3.26872 0.007781 0.00427321
1157 3.26871 0.00777873 0.00426074
1158 3.26871 0.00777632 0.00425076
1159 3.26871 0.00777381 0.00422704
1160 3.26871 0.00777126 0.0042393
1161 3.2687 0.00776869 0.0042854
1162 3.2687 0.00776617 0.00432948
1163 3.2687 0.00776374 0.00436884
1164 3.2687 0.00776143 0.00439689
1165 3.26869 0.00775928 0.00440979
1166 3.26869 0.00775734 0.00443831
1167 3.26869 0.00775562 0.00445896
1168 3.26869 0.00775417 0.00445473
1169 3.26869 0.007753 0.004425
1170 3.26869 0.00775213 0.00437402
1171 3.26869 0.00775158 0.00430409
1172 3.26869 0.00775135 0.004207
1173 3.26869 0.00775144 0.00408692
1174 3.26869 0.00775185 0.00394311
1175 3.26869 0.00775257 0.00378136
1176 3.26869 0.00775358 0.00377688
1177 3.26869 0.00775487 0.00383718
1178 3.26869 0.0077564 0.00387296
1179 3.26869 0.00775816 0.0038896
1180 3.2687 0.00776011 0.00388342
1181 3.2687 0.00776221 0.00385633
1182 3.2687 0.00776442 0.0038111
1183 3.2687 0.00776671 0.00375004
1184 3.2687 0.00776903 0.00367874
1185 3.26871 0.00777134 0.00360639
1186 3.26871 0.0077736 0.00353456
1187 3.26871 0.00777577 0.00349384
1188 3.26871 0.00777781 0.00349674
1189 3.26872 0.00777969 0.00354884
1190 3.26872 0.00778138 0.00358273
1191 3.26872 0.00778284 0.0035952
1192 3.26872 0.00778406 0.00358422
1193 3.26872 0.00778502 0.00355214
1194 3.26872 0.0077857 0.00349625
1195 3.26872 0.00778609 0.00342106
1196 3.26872 0.0077862 0.00332449
1197 3.26872 0.00778602 0.00321029
1198 3.26872 0.00778556 0.00311706
1199 3.26872 0.00778483 0.00318642
1200 3.26872 0.00778386 0.00324813
1201 3.26872 0.00778266 0.00329137
1202 3.26872 0.00778126 0.00331917
1203 3.26872 0.00777969 0.00332904
1204 3.26871 0.00777797 0.00332076
1205 3.26871 0.00777613 0.00331478
1206 3.26871 0.00777423 0.00329779
1207 3.26871 0.00777227 0.00330816
1208 3.26871 0.00777032 0.00334485
1209 3.2687 0.00776839 0.00337868
1210 3.2687 0.00776652 0.00340865
1211 3.2687 0.00776474 0.00343024
1212 3.2687 0.00776309 0.00344065
1213 3.2687 0.00776159 0.00346101
1214 3.2687 0.00776026 0.00347731
1215 3.26869 0.00775914 0.00347554
1216 3.26869 0.00775823 0.00345415
1217 3.26869 0.00775755 0.00341438
1218 3.26869 0.00775711 0.00336242
1219 3.26869 0.00775691 0.00328969
1220 3.26869 0.00775697 0.00319844
1221 3.26869 0.00775726 0.00308977
1222 3.26869 0.0077578 0.00296707
1223 3.26869 0.00775856 0.00294422
1224 3.26869 0.00775953 0.00299047
1225 3.2687 0.00776069 0.00301872
1226 3.2687 0.00776202 0.00303265
1227 3.2687 0.0077635 0.00302889
1228 3.2687 0.0077651 0.00300943
1229 3.2687 0.00776678 0.0029762
1230 3.2687 0.00776853 0.00293036
1231 3.26871 0.0077703 0.00287565
1232 3.26871 0.00777206 0.00281977
1233 3.26871 0.00777379 0.0027629
1234 3.26871 0.00777545 0.00272822
1235 3.26871 0.00777702 0.00272267
1236 3.26871 0.00777847 0.00276169
1237 3.26872 0.00777977 0.00278873
1238 3.26872 0.0077809 0.00279978
1239 3.26872 0.00778185 0.00279207
1240 3.26872 0.00778259 0.00276858
1241 3.26872 0.00778313 0.00272652
1242 3.26872 0.00778345 0.00267
1243 3.26872 0.00778355 0.00259718
1244 3.26872 0.00778344 0.00251023
1245 3.26872 0.00778311 0.00243374
1246 3.26872 0.00778257 0.00248277
1247 3.26872 0.00778185 0.00253031
1248 3.26872 0.00778095 0.00256452
1249 3.26872 0.0077799 0.00258652
1250 3.26871 0.0077787 0.00259451
1251 3.26871 0.0077774 0.00258943
1252 3.26871 0.00777601 0.00258583
1253 3.26871 0.00777455 0.00257359
1254 3.26871 0.00777307 0.00258278
1255 3.26871 0.00777157 0.00261159
1256 3.26871 0.00777009 0.00263771
1257 3.2687 0.00776866 0.00266033
1258 3.2687 0.00776729 0.00267693
1259 3.2687 0.00776602 0.00268588
1260 3.2687 0.00776487 0.00270002
1261 3.2687 0.00776384 0.0027128
1262 3.2687 0.00776297 0.00271235
1263 3.2687 0.00776226 0.00269691
1264 3.2687 0.00776173 0.00266585
1265 3.2687 0.00776138 0.00262728
1266 3.2687 0.00776122 0.00257279
1267 3.2687 0.00776125 0.00250388
1268 3.2687 0.00776146 0.00242131
1269 3.2687 0.00776186 0.00232822
1270 3.2687 0.00776243 0.00229649
1271 3.2687 0.00776316 0.00233132
1272 3.2687 0.00776404 0.00235382
1273 3.2687 0.00776505 0.00236515
1274 3.2687 0.00776617 0.00236312
1275 3.2687 0.00776738 0.00234949
1276 3.2687 0.00776866 0.0023247
1277 3.26871 0.00776999 0.00229034
1278 3.26871 0.00777134 0.00224878
1279 3.26871 0.00777269 0.00220591
1280 3.26871 0.00777402 0.00216019
1281 3.26871 0.00777529 0.00213197
1282 3.26871 0.00777649 0.00212274
1283 3.26871 0.0077776 0.00215036
1284 3.26871 0.00777861 0.00217188
1285 3.26871 0.00777948 0.00218095
1286 3.26872 0.00778022 0.0021757
1287 3.26872 0.0077808 0.00215844
1288 3.26872 0.00778123 0.00212722
1289 3.26872 0.00778149 0.00208432
1290 3.26872 0.00778158 0.00202928
1291 3.26872 0.00778151 0.00196307
1292 3.26872 0.00778127 0.00190104
1293 3.26872 0.00778088 0.00193528
1294 3.26872 0.00778034 0.00197196
1295 3.26872 0.00777967 0.00199902
1296 3.26871 0.00777887 0.00201635
1297 3.26871 0.00777797 0.00202294
1298 3.26871 0.00777698 0.00202038
1299 3.26871 0.00777592 0.00201806
1300 3.26871 0.00777482 0.00200935
1301 3.26871 0.00777368 0.00201713
1302 3.26871 0.00777254 0.00203975
1303 3.26871 0.00777141 0.0020599
1304 3.26871 0.00777031 0.00207695
1305 3.2687 0.00776926 0.00208969
1306 3.2687 0.00776828 0.00209729
1307 3.2687 0.00776739 0.00210703
1308 3.2687 0.0077666 0.00211697
1309 3.2687 0.00776593 0.00211729
1310 3.2687 0.00776538 0.00210617
1311 3.2687 0.00776496 0.00208201
1312 3.2687 0.00776468 0.00205326
1313 3.2687 0.00776455 0.00201244
1314 3.2687 0.00776456 0.00196048
1315 3.2687 0.00776471 0.00189785
1316 3.2687 0.00776501 0.00182703
1317 3.2687 0.00776543 0.00179184
1318 3.2687 0.00776598 0.00181803
1319 3.2687 0.00776665 0.00183591
1320 3.2687 0.00776741 0.00184511
1321 3.2687 0.00776826 0.00184439
1322 3.2687 0.00776919 0.00183479
1323 3.26871 0.00777016 0.00181627
1324 3.26871 0.00777117 0.00179049
1325 3.26871 0.00777221 0.00175897
1326 3.26871 0.00777324 0.00172617
1327 3.26871 0.00777425 0.00168985
1328 3.26871 0.00777523 0.00166672
1329 3.26871 0.00777615 0.00165614
1330 3.26871 0.007777 0.00167499
1331 3.26871 0.00777778 0.00169208
1332 3.26871 0.00777845 0.00169938
1333 3.26871 0.00777903 0.00169596
1334 3.26871 0.00777948 0.00168317
1335 3.26872 0.00777982 0.00166008
1336 3.26872 0.00778003 0.00162747
1337 3.26872 0.00778011 0.00158583
1338 3.26872 0.00778007 0.00153565
1339 3.26872 0.0077799 0.0014855
1340 3.26872 0.00777961 0.00150906
1341 3.26871 0.00777921 0.00153753
1342 3.26871 0.0077787 0.00155877
1343 3.26871 0.0077781 0.00157236
1344 3.26871 0.00777742 0.00157786
1345 3.26871 0.00777667 0.00157686
1346 3.26871 0.00777587 0.00157558
1347 3.26871 0.00777503 0.00156932
1348 3.26871 0.00777416 0.00157606
1349 3.26871 0.00777329 0.00159368
1350 3.26871 0.00777242 0.00160917
1351 3.26871 0.00777158 0.00162203
1352 3.26871 0.00777078 0.00163177
1353 3.26871 0.00777003 0.00163816
1354 3.2687 0.00776934 0.00164488
1355 3.2687 0.00776873 0.00165248
1356 3.2687 0.00776821 0.00165322
1357 3.2687 0.00776778 0.00164522
1358 3.2687 0.00776745 0.00162749
1359 3.2687 0.00776723 0.00160498
1360 3.2687 0.00776712 0.00157441
1361 3.2687 0.00776712 0.00153524
1362 3.2687 0.00776723 0.00148794
1363 3.2687 0.00776745 0.00143397
1364 3.2687 0.00776777 0.00139858
1365 3.2687 0.00776818 0.00141867
1366 3.2687 0.00776868 0.00143241
1367 3.2687 0.00776926 0.00144006
1368 3.26871 0.00776991 0.00143993
1369 3.26871 0.00777061 0.00143318
1370 3.26871 0.00777135 0.00141935
1371 3.26871 0.00777212 0.00140002
1372 3.26871 0.00777291 0.00137616
1373 3.26871 0.0077737 0.00135116
1374 3.26871 0.00777447 0.00132277
1375 3.26871 0.00777522 0.00130429
1376 3.26871 0.00777593 0.00129304
1377 3.26871 0.00777659 0.00130521
1378 3.26871 0.00777718 0.00131869
1379 3.26871 0.00777771 0.00132476
1380 3.26871 0.00777815 0.00132235
1381 3.26871 0.00777851 0.00131292
1382 3.26871 0.00777877 0.0012958
1383 3.26871 0.00777894 0.00127114
1384 3.26871 0.00777901 0.00123949
1385 3.26871 0.00777899 0.00120186
1386 3.26871 0.00777887 0.00116113
1387 3.26871 0.00777866 0.00117733
1388 3.26871 0.00777836 0.00119948
1389 3.26871 0.00777798 0.00121612
1390 3.26871 0.00777753 0.00122658
1391 3.26871 0.00777701 0.00123122
1392 3.26871 0.00777644 0.00123114
1393 3.26871 0.00777583 0.00123065
1394 3.26871 0.00777519 0.00122607
1395 3.26871 0.00777453 0.00123184
1396 3.26871 0.00777387 0.00124556
1397 3.26871 0.0077732 0.00125751
1398 3.26871 0.00777256 0.00126748
1399 3.26871 0.00777194 0.00127458
1400 3.26871 0.00777136 0.00127999
1401 3.26871 0.00777084 0.00128454
1402 3.26871 0.00777037 0.00129027
1403 3.26871 0.00776996 0.0012912
1404 3.26871 0.00776963 0.00128547
1405 3.2687 0.00776937 0.0012725
1406 3.2687 0.0077692 0.00125483
1407 3.2687 0.00776911 0.00123196
1408 3.2687 0.0077691 0.00120242
1409 3.2687 0.00776918 0.0011667
1410 3.2687 0.00776934 0.00112571
1411 3.2687 0.00776958 0.00109219
1412 3.26871 0.00776989 0.00110777
1413 3.26871 0.00777027 0.00111813
1414 3.26871 0.00777071 0.00112429
1415 3.26871 0.0077712 0.00112447
1416 3.26871 0.00777173 0.00111975
1417 3.26871 0.0077723 0.00110946
1418 3.26871 0.00777288 0.00109496
1419 3.26871 0.00777348 0.00107692
1420 3.26871 0.00777409 0.00105782
1421 3.26871 0.00777468 0.00103599
1422 3.26871 0.00777525 0.00102092
1423 3.26871 0.0077758 0.00101041
1424 3.26871 0.0077763 0.00101751
1425 3.26871 0.00777676 0.001028
1426 3.26871 0.00777717 0.00103307
1427 3.26871 0.00777751 0.00103134
1428 3.26871 0.00777779 0.00102447
1429 3.26871 0.007778 0.00101168
1430 3.26871 0.00777814 0.000993082
1431 3.26871 0.0077782 0.000968961
1432 3.26871 0.00777818 0.000940847
1433 3.26871 0.0077781 0.000908374
1434 3.26871 0.00777794 0.000918964
1435 3.26871 0.00777772 0.000936107
1436 3.26871 0.00777744 0.000949097
1437 3.26871 0.00777709 0.000957263
1438 3.26871 0.00777671 0.000961132
1439 3.26871 0.00777628 0.000961586
1440 3.26871 0.00777581 0.000961506
1441 3.26871 0.00777532 0.000958321
1442 3.26871 0.00777482 0.00096314
1443 3.26871 0.00777431 0.000973796
1444 3.26871 0.00777381 0.000983026
1445 3.26871 0.00777331 0.000990749
1446 3.26871 0.00777284 0.00099607
1447 3.26871 0.0077724 0.00100045
1448 3.26871 0.00777199 0.00100345
1449 3.26871 0.00777163 0.00100793
1450 3.26871 0.00777131 0.00100873
1451 3.26871 0.00777105 0.00100463
1452 3.26871 0.00777085 0.000995157
1453 3.26871 0.00777072 0.000981292
1454 3.26871 0.00777064 0.000964199
1455 3.26871 0.00777063 0.000941905
1456 3.26871 0.00777069 0.000914935
1457 3.26871 0.00777081 0.000883803
1458 3.26871 0.00777098 0.000853243
1459 3.26871 0.00777122 0.000865356
1460 3.26871 0.0077715 0.000873131
1461 3.26871 0.00777184 0.000878021
1462 3.26871 0.00777221 0.000878437
1463 3.26871 0.00777261 0.000875079
1464 3.26871 0.00777304 0.000867431
1465 3.26871 0.00777349 0.000856563
1466 3.26871 0.00777395 0.000842917
1467 3.26871 0.00777441 0.000828325
1468 3.26871 0.00777487 0.000811771
1469 3.26871 0.00777531 0.000799415
1470 3.26871 0.00777572 0.000790236
1471 3.26871 0.00777611 0.000793499
1472 3.26871 0.00777647 0.000801664
1473 3.26871 0.00777678 0.000805847
1474 3.26871 0.00777705 0.000804766
1475 3.26871 0.00777726 0.000799605
1476 3.26871 0.00777743 0.00079004
1477 3.26871 0.00777754 0.000776021
1478 3.26871 0.00777759 0.000757823
1479 3.26871 0.00777758 0.000736633
1480 3.26871 0.00777752 0.00071189
1481 3.26871 0.00777741 0.000717575
1482 3.26871 0.00777724 0.000730966
1483 3.26871 0.00777703 0.00074097
1484 3.26871 0.00777677 0.000747308
1485 3.26871 0.00777648 0.000750505
1486 3.26871 0.00777615 0.000751302
1487 3.26871 0.0077758 0.000751433
1488 3.26871 0.00777543 0.000749349
1489 3.26871 0.00777505 0.000753303
1490 3.26871 0.00777466 0.000761587
1491 3.26871 0.00777427 0.000768691
1492 3.26871 0.00777389 0.000774666
1493 3.26871 0.00777353 0.000778833
1494 3.26871 0.00777319 0.000782181
1495 3.26871 0.00777288 0.000784102
1496 3.26871 0.0077726 0.000787681
1497 3.26871 0.00777235 0.000788361
1498 3.26871 0.00777215 0.000785357
1499 3.26871 0.007772 0.000778436
1500 3.26871 0.00777189 0.000767554
1501 3.26871 0.00777183 0.000754788
1502 3.26871 0.00777182 0.000737964
1503 3.26871 0.00777186 0.000717604
1504 3.26871 0.00777194 0.000693946
1505 3.26871 0.00777207 0.000667861
1506 3.26871 0.00777225 0.000676201
1507 3.26871 0.00777247 0.000682395
1508 3.26871 0.00777272 0.000685909
1509 3.26871 0.007773 0.00068647
1510 3.26871 0.00777331 0.000684045
1511 3.26871 0.00777364 0.000678358
1512 3.26871 0.00777398 0.000670223
1513 3.26871 0.00777433 0.0006599
1514 3.26871 0.00777468 0.000648751
1515 3.26871 0.00777503 0.000636199
1516 3.26871 0.00777536 0.000626314
1517 3.26871 0.00777569 0.000619043
1518 3.26871 0.00777599 0.000619555
1519 3.26871 0.00777626 0.000625416
1520 3.26871 0.0077765 0.000628782
1521 3.26871 0.00777671 0.000628156
1522 3.26871 0.00777688 0.000624327
1523 3.26871 0.00777701 0.000617112
1524 3.26871 0.00777709 0.000606534
1525 3.26871 0.00777714 0.000592982
1526 3.26871 0.00777714 0.000576839
1527 3.26871 0.00777709 0.000558027
1528 3.26871 0.00777701 0.000560593
1529 3.26871 0.00777689 0.00057097
1530 3.26871 0.00777673 0.000578759
1531 3.26871 0.00777653 0.000583614
1532 3.26871 0.00777631 0.000586203
1533 3.26871 0.00777606 0.000587222
1534 3.26871 0.0077758 0.000587493
1535 3.26871 0.00777551 0.000586108
1536 3.26871 0.00777522 0.000589379
1537 3.26871 0.00777493 0.000595817
1538 3.26871 0.00777463 0.000601272
1539 3.26871 0.00777434 0.000605891
1540 3.26871 0.00777406 0.000609156
1541 3.26871 0.0077738 0.000611705
1542 3.26871 0.00777356 0.000613061
1543 3.26871 0.00777334 0.000615736
1544 3.26871 0.00777316 0.000616328
1545 3.26871 0.007773 0.000614097
1546 3.26871 0.00777288 0.000609054
1547 3.26871 0.00777279 0.000600606
1548 3.26871 0.00777274 0.000590981
1549 3.26871 0.00777273 0.00057829
1550 3.26871 0.00777276 0.000562913
1551 3.26871 0.00777282 0.000544932
1552 3.26871 0.00777292 0.000524958
1553 3.26871 0.00777305 0.000528561
1554 3.26871 0.00777322 0.000533485
1555 3.26871 0.00777341 0.000535993
1556 3.26871 0.00777362 0.000536598
1557 3.26871 0.00777385 0.000534864
1558 3.26871 0.0077741 0.000530621
1559 3.26871 0.00777436 0.000524539
1560 3.26871 0.00777463 0.000516727
1561 3.26871 0.0077749 0.000508209
1562 3.26871 0.00777517 0.000498693
1563 3.26871 0.00777543 0.0004908
1564 3.26871 0.00777567 0.000485314
1565 3.26871 0.0077759 0.000484032
1566 3.26871 0.00777611 0.000488084
1567 3.26871 0.0077763 0.000490764
1568 3.26871 0.00777646 0.000490441
1569 3.26871 0.00777659 0.000487669
1570 3.26871 0.00777669 0.000482176
1571 3.26871 0.00777676 0.000474226
1572 3.26871 0.0077768 0.000464137
1573 3.26871 0.0077768 0.000451849
1574 3.26871 0.00777677 0.00043759
1575 3.26871 0.00777671 0.000438106
1576 3.26871 0.00777662 0.000446141
1577 3.26871 0.0077765 0.000452207
1578 3.26871 0.00777635 0.000455989
1579 3.26871 0.00777619 0.000458097
1580 3.26871 0.007776 0.000459159
1581 3.26871 0.0077758 0.000459446
1582 3.26871 0.00777558 0.000458552
1583 3.26871 0.00777536 0.000461274
1584 3.26871 0.00777513 0.000466283
1585 3.26871 0.00777491 0.000470467
1586 3.26871 0.00777469 0.000474028
1587 3.26871 0.00777447 0.000476584
1588 3.26871 0.00777427 0.000478519
1589 3.26871 0.00777409 0.000479471
1590 3.26871 0.00777392 0.000481466
1591 3.26871 0.00777377 0.000481965
1592 3.26871 0.00777365 0.000480318
1593 3.26871 0.00777356 0.000476639
1594 3.26871 0.00777349 0.000470336
1595 3.26871 0.00777345 0.000462815
1596 3.26871 0.00777344 0.000453267
1597 3.26871 0.00777346 0.000441636
1598 3.26871 0.00777351 0.000427995
1599 3.26871 0.00777358 0.000412821
1600 3.26871 0.00777368 0.000413286
1601 3.26871 0.0077738 0.000417193
1602 3.26871 0.00777394 0.000419171
1603 3.26871 0.00777411 0.000419561
1604 3.26871 0.00777428 0.00041833
1605 3.26871 0.00777447 0.000415159
1606 3.26871 0.00777467 0.000410615
1607 3.26871 0.00777488 0.000404739
1608 3.26871 0.00777508 0.000398195
1609 3.26871 0.00777529 0.000390981
1610 3.26871 0.00777548 0.000384703
1611 3.26871 0.00777567 0.000380752
1612 3.26871 0.00777585 0.000378509
1613 3.26871 0.00777601 0.00038108
1614 3.26871 0.00777616 0.000383154
1615 3.26871 0.00777628 0.000383076
1616 3.26871 0.00777639 0.000381022
1617 3.26871 0.00777646 0.0003769
1618 3.26871 0.00777652 0.000370954
1619 3.26871 0.00777655 0.000363385
1620 3.26871 0.00777655 0.000354051
1621 3.26871 0.00777653 0.000343259
1622 3.26871 0.00777649 0.0003425
1623 3.26871 0.00777642 0.000348718
1624 3.26871 0.00777633 0.000353438
1625 3.26871 0.00777622 0.00035643
1626 3.26871 0.00777609 0.000358133
1627 3.26871 0.00777595 0.000359136
1628 3.26871 0.0077758 0.000359406
1629 3.26871 0.00777564 0.000358873
1630 3.26871 0.00777547 0.000361122
1631 3.26871 0.00777529 0.000365029
1632 3.26871 0.00777512 0.000368242
1633 3.26871 0.00777495 0.000370993
1634 3.26871 0.00777479 0.000372972
1635 3.26871 0.00777463 0.000374437
1636 3.26871 0.00777449 0.000375108
1637 3.26871 0.00777436 0.000376631
1638 3.26871 0.00777425 0.00037707
1639 3.26871 0.00777416 0.000375796
1640 3.26871 0.00777408 0.000373099
1641 3.26871 0.00777403 0.0003684
1642 3.26871 0.007774 0.000362517
1643 3.26871 0.00777399 0.000355335
1644 3.26871 0.007774 0.00034654
1645 3.26871 0.00777403 0.000336193
1646 3.26871 0.00777409 0.000324664
1647 3.26871 0.00777416 0.000323265
1648 3.26871 0.00777426 0.000326353
1649 3.26871 0.00777436 0.000327916
1650 3.26871 0.00777449 0.00032818
1651 3.26871 0.00777462 0.00032727
1652 3.26871 0.00777477 0.000324898
1653 3.26871 0.00777492 0.000321535
1654 3.26871 0.00777507 0.000317128
1655 3.26871 0.00777523 0.000312098
1656 3.26871 0.00777539 0.000306597
1657 3.26871 0.00777554 0.000301762
1658 3.26871 0.00777568 0.00029878
1659 3.26871 0.00777582 0.000296341
1660 3.26871 0.00777595 0.000297626
1661 3.26871 0.00777606 0.000299227
1662 3.26871 0.00777615 0.000299296
1663 3.26871 0.00777623 0.000297773
1664 3.26871 0.0077763 0.000294704
1665 3.26871 0.00777634 0.000290334
1666 3.26871 0.00777636 0.000284594
1667 3.26871 0.00777637 0.000277513
1668 3.26871 0.00777636 0.000269311
1669 3.26871 0.00777632 0.000267904
1670 3.26871 0.00777627 0.000272691
1671 3.26871 0.0077762 0.00027635
1672 3.26871 0.00777612 0.000278727
1673 3.26871 0.00777603 0.000280068
1674 3.26871 0.00777592 0.000280981
1675 3.26871 0.0077758 0.000281236
1676 3.26871 0.00777568 0.000280939
1677 3.26871 0.00777555 0.000282807
1678 3.26871 0.00777542 0.000285858
1679 3.26871 0.00777529 0.000288314
1680 3.26871 0.00777516 0.000290446
1681 3.26871 0.00777503 0.000291971
1682 3.26871 0.00777491 0.000293087
1683 3.26871 0.0077748 0.000293558
1684 3.26871 0.0077747 0.000294718
1685 3.26871 0.00777462 0.000295108
1686 3.26871 0.00777455 0.000294095
1687 3.26871 0.00777449 0.000292119
1688 3.26871 0.00777445 0.000288618
1689 3.26871 0.00777442 0.000284013
1690 3.26871 0.00777441 0.000278612
1691 3.26871 0.00777442 0.000271961
1692 3.26871 0.00777444 0.000264117
1693 3.26871 0.00777448 0.000255354
1694 3.26871 0.00777454 0.000252943
1695 3.26871 0.00777461 0.000255369
1696 3.26871 0.00777469 0.000256599
1697 3.26871 0.00777479 0.000256875
1698 3.26871 0.00777489 0.000256096
1699 3.26871 0.007775 0.000254323
1700 3.26871 0.00777511 0.000251854
1701 3.26871 0.00777523 0.000248532
1702 3.26871 0.00777535 0.000244676
1703 3.26871 0.00777547 0.000240534
1704 3.26871 0.00777559 0.000236787
1705 3.26871 0.0077757 0.000234505
1706 3.26871 0.0077758 0.000232231
1707 3.26871 0.0077759 0.000232628
1708 3.26871 0.00777599 0.000233757
1709 3.26871 0.00777606 0.000233903
1710 3.26871 0.00777612 0.000232774
1711 3.26871 0.00777617 0.00023058
1712 3.26871 0.00777621 0.000227283
1713 3.26871 0.00777623 0.000222939
1714 3.26871 0.00777623 0.000217573
1715 3.26871 0.00777622 0.000211327
1716 3.26871 0.0077762 0.000209655
1717 3.26871 0.00777616 0.000213325
1718 3.26871 0.00777611 0.000216157
1719 3.26871 0.00777605 0.000218027
1720 3.26871 0.00777598 0.000219103
1721 3.26871 0.0077759 0.000219894
1722 3.26871 0.00777581 0.000220132
1723 3.26871 0.00777571 0.000219988
1724 3.26871 0.00777562 0.000221544
1725 3.26871 0.00777551 0.000223927
1726 3.26871 0.00777541 0.000225818
1727 3.26871 0.00777531 0.000227474
1728 3.26871 0.00777522 0.000228637
1729 3.26871 0.00777513 0.000229475
1730 3.26871 0.00777504 0.000229896
1731 3.26871 0.00777497 0.000230688
1732 3.26871 0.0077749 0.000231024
1733 3.26871 0.00777484 0.000230247
1734 3.26871 0.0077748 0.000228769
1735 3.26871 0.00777477 0.000226162
1736 3.26871 0.00777475 0.000222557
1737 3.26871 0.00777474 0.000218494
1738 3.26871 0.00777474 0.000213464
1739 3.26871 0.00777476 0.000207519
1740 3.26871 0.00777479 0.000200858
1741 3.26871 0.00777483 0.00019798
1742 3.26871 0.00777489 0.000199883
1743 3.26871 0.00777495 0.000200849
1744 3.26871 0.00777502 0.000201116
1745 3.26871 0.0077751 0.000200544
1746 3.26871 0.00777518 0.000199156
1747 3.26871 0.00777527 0.000197324
1748 3.26871 0.00777536 0.000194814
1749 3.26871 0.00777545 0.000191861
1750 3.26871 0.00777554 0.000188815
1751 3.26871 0.00777563 0.000185854
1752 3.26871 0.00777572 0.000184096
1753 3.26871 0.0077758 0.000182231
1754 3.26871 0.00777587 0.000182062
1755 3.26871 0.00777594 0.000182758
1756 3.26871 0.007776 0.000182907
1757 3.26871 0.00777605 0.000182085
1758 3.26871 0.00777608 0.000180474
1759 3.26871 0.00777611 0.000177969
1760 3.26871 0.00777613 0.000174675
1761 3.26871 0.00777613 0.000170614
1762 3.26871 0.00777613 0.000165859
1763 3.26871 0.00777611 0.000164125
1764 3.26871 0.00777608 0.000166937
1765 3.26871 0.00777604 0.000169127
1766 3.26871 0.007776 0.000170598
1767 3.26871 0.00777594 0.000171467
1768 3.26871 0.00777588 0.000172137
1769 3.26871 0.00777581 0.000172351
1770 3.26871 0.00777574 0.000172306
1771 3.26871 0.00777567 0.000173603
1772 3.26871 0.00777559 0.000175466
1773 3.26871 0.00777551 0.000176936
1774 3.26871 0.00777544 0.000178219
1775 3.26871 0.00777536 0.00017913
1776 3.26871 0.00777529 0.000179719
1777 3.26871 0.00777523 0.000180087
1778 3.26871 0.00777517 0.000180619
1779 3.26871 0.00777512 0.000180906
1780 3.26871 0.00777508 0.00018033
1781 3.26871 0.00777504 0.0001792
1782 3.26871 0.00777501 0.000177259
1783 3.26871 0.007775 0.000174551
1784 3.26871 0.00777499 0.000171379
1785 3.26871 0.00777499 0.000167576
1786 3.26871 0.00777501 0.00016307
1787 3.26871 0.00777503 0.000158007
1788 3.26871 0.00777506 0.000155008
1789 3.26871 0.0077751 0.000156498
1790 3.26871 0.00777515 0.000157265
1791 3.26871 0.0077752 0.000157501
1792 3.26871 0.00777526 0.000157091
1793 3.26871 0.00777532 0.000156096
1794 3.26871 0.00777539 0.000154677
1795 3.26871 0.00777546 0.000152777
1796 3.26871 0.00777553 0.000150545
1797 3.26871 0.0077756 0.000148243
1798 3.26871 0.00777567 0.000145963
1799 3.26871 0.00777574 0.00014458
1800 3.26871 0.0077758 0.000143093
1801 3.26871 0.00777585 0.000142575
1802 3.26871 0.00777591 0.00014294
1803 3.26871 0.00777595 0.000143082
1804 3.26871 0.00777599 0.000142477
1805 3.26871 0.00777602 0.000141289
1806 3.26871 0.00777604 0.000139398
1807 3.26871 0.00777605 0.000136901
1808 3.26871 0.00777606 0.00013382
1809 3.26871 0.00777605 0.000130192
1810 3.26871 0.00777604 0.000128529
1811 3.26871 0.00777602 0.000130707
1812 3.26871 0.00777599 0.00013237
1813 3.26871 0.00777596 0.000133526
1814 3.26871 0.00777592 0.000134227
1815 3.26871 0.00777587 0.000134793
1816 3.26871 0.00777582 0.00013498
1817 3.26871 0.00777576 0.000134995
1818 3.26871 0.00777571 0.000136082
1819 3.26871 0.00777565 0.000137532
1820 3.26871 0.00777559 0.000138674
1821 3.26871 0.00777553 0.000139669
1822 3.26871 0.00777548 0.00014038
1823 3.26871 0.00777542 0.00014079
1824 3.26871 0.00777537 0.000141107
1825 3.26871 0.00777533 0.000141476
1826 3.26871 0.00777529 0.000141697
1827 3.26871 0.00777525 0.000141298
1828 3.26871 0.00777523 0.000140404
1829 3.26871 0.00777521 0.00013896
1830 3.26871 0.00777519 0.000136926
1831 3.26871 0.00777519 0.000134448
1832 3.26871 0.00777519 0.000131572
1833 3.26871 0.0077752 0.00012816
1834 3.26871 0.00777522 0.00012431
1835 3.26871 0.00777524 0.000121401
1836 3.26871 0.00777527 0.000122565
1837 3.26871 0.0077753 0.000123178
1838 3.26871 0.00777534 0.000123378
1839 3.26871 0.00777539 0.000123083
1840 3.26871 0.00777544 0.000122375
1841 3.26871 0.00777549 0.000121303
1842 3.26871 0.00777554 0.000119861
1843 3.26871 0.0077756 0.000118153
1844 3.26871 0.00777565 0.00011641
1845 3.26871 0.0077757 0.000114658
1846 3.26871 0.00777575 0.000113571
1847 3.26871 0.0077758 0.000112384
1848 3.26871 0.00777584 0.000111771
1849 3.26871 0.00777588 0.000111835
1850 3.26871 0.00777592 0.000111959
1851 3.26871 0.00777595 0.000111516
1852 3.26871 0.00777597 0.000110638
1853 3.26871 0.00777599 0.00010921
1854 3.26871 0.007776 0.000107325
1855 3.26871 0.007776 0.000104979
1856 3.26871 0.007776 0.000102222
1857 3.26871 0.00777599 0.000100692
1858 3.26871 0.00777598 0.000102373
1859 3.26871 0.00777595 0.000103634
1860 3.26871 0.00777593 0.000104541
1861 3.26871 0.0077759 0.000105128
1862 3.26871 0.00777586 0.00010558
1863 3.26871 0.00777582 0.000105745
1864 3.26871 0.00777578 0.00010579
1865 3.26871 0.00777574 0.000106702
1866 3.26871 0.00777569 0.00010783
1867 3.26871 0.00777565 0.00010872
1868 3.26871 0.0077756 0.000109491
1869 3.26871 0.00777556 0.000110043
1870 3.26871 0.00777552 0.000110323
1871 3.26871 0.00777548 0.000110593
1872 3.26871 0.00777545 0.000110861
1873 3.26871 0.00777542 0.000111023
1874 3.26871 0.00777539 0.000110742
1875 3.26871 0.00777537 0.000110033
1876 3.26871 0.00777535 0.00010896
1877 3.26871 0.00777534 0.000107432
1878 3.26871 0.00777534 0.000105495
1879 3.26871 0.00777534 0.000103321
1880 3.26871 0.00777535 0.000100737
1881 3.26871 0.00777536 9.7808e-05
1882 3.26871 0.00777538 9.51097e-05
1883 3.26871 0.0077754 9.60175e-05
1884 3.26871 0.00777543 9.65056e-05
1885 3.26871 0.00777546 9.66736e-05
1886 3.26871 0.00777549 9.6463e-05
1887 3.26871 0.00777553 9.59611e-05
1888 3.26871 0.00777557 9.51505e-05
1889 3.26871 0.00777561 9.40564e-05
1890 3.26871 0.00777565 9.27494e-05
1891 3.26871 0.00777569 9.14297e-05
1892 3.26871 0.00777573 9.009e-05
1893 3.26871 0.00777577 8.924e-05
1894 3.26871 0.0077758 8.82921e-05
1895 3.26871 0.00777584 8.76855e-05
1896 3.26871 0.00777587 8.75293e-05
1897 3.26871 0.0077759 8.76314e-05
1898 3.26871 0.00777592 8.73053e-05
1899 3.26871 0.00777594 8.66582e-05
1900 3.26871 0.00777595 8.55777e-05
1901 3.26871 0.00777596 8.41561e-05
1902 3.26871 0.00777596 8.23672e-05
1903 3.26871 0.00777596 8.02765e-05
1904 3.26871 0.00777595 7.89742e-05
1905 3.26871 0.00777594 8.02061e-05
1906 3.26871 0.00777593 8.11749e-05
1907 3.26871 0.00777591 8.18729e-05
1908 3.26871 0.00777588 8.23695e-05
1909 3.26871 0.00777586 8.27212e-05
1910 3.26871 0.00777583 8.28744e-05
1911 3.26871 0.0077758 8.29416e-05
1912 3.26871 0.00777576 8.36916e-05
1913 3.26871 0.00777573 8.45663e-05
1914 3.26871 0.0077757 8.52692e-05
1915 3.26871 0.00777566 8.58569e-05
1916 3.26871 0.00777563 8.62857e-05
1917 3.26871 0.0077756 8.64895e-05
1918 3.26871 0.00777557 8.66995e-05
1919 3.26871 0.00777554 8.68947e-05
1920 3.26871 0.00777552 8.70144e-05
1921 3.26871 0.0077755 8.68149e-05
1922 3.26871 0.00777548 8.62689e-05
1923 3.26871 0.00777547 8.54561e-05
1924 3.26871 0.00777546 8.43072e-05
1925 3.26871 0.00777546 8.2811e-05
1926 3.26871 0.00777546 8.11481e-05
1927 3.26871 0.00777546 7.91915e-05
1928 3.26871 0.00777547 7.6964e-05
1929 3.26871 0.00777548 7.45356e-05
1930 3.26871 0.0077755 7.52415e-05
1931 3.26871 0.00777552 7.56297e-05
1932 3.26871 0.00777554 7.57704e-05
1933 3.26871 0.00777557 7.5619e-05
1934 3.26871 0.0077756 7.52653e-05
1935 3.26871 0.00777563 7.46527e-05
1936 3.26871 0.00777566 7.38217e-05
1937 3.26871 0.00777569 7.28228e-05
1938 3.26871 0.00777572 7.18225e-05
1939 3.26871 0.00777575 7.0816e-05
1940 3.26871 0.00777578 7.01356e-05
1941 3.26871 0.00777581 6.94011e-05
1942 3.26871 0.00777584 6.88818e-05
1943 3.26871 0.00777586 6.86005e-05
1944 3.26871 0.00777588 6.86168e-05
1945 3.26871 0.0077759 6.83721e-05
1946 3.26871 0.00777591 6.78916e-05
1947 3.26871 0.00777592 6.70736e-05
1948 3.26871 0.00777593 6.60039e-05
1949 3.26871 0.00777593 6.46371e-05
1950 3.26871 0.00777593 6.3052e-05
1951 3.26871 0.00777593 6.19745e-05
1952 3.26871 0.00777592 6.28582e-05
1953 3.26871 0.00777591 6.36067e-05
1954 3.26871 0.00777589 6.41452e-05
1955 3.26871 0.00777587 6.45572e-05
1956 3.26871 0.00777585 6.48301e-05
1957 3.26871 0.00777583 6.49682e-05
1958 3.26871 0.00777581 6.50622e-05
1959 3.26871 0.00777578 6.56626e-05
1960 3.26871 0.00777576 6.63414e-05
1961 3.26871 0.00777573 6.68949e-05
1962 3.26871 0.00777571 6.73428e-05
1963 3.26871 0.00777568 6.76755e-05
1964 3.26871 0.00777566 6.78319e-05
1965 3.26871 0.00777563 6.79863e-05
1966 3.26871 0.00777561 6.81275e-05
1967 3.26871 0.00777559 6.82148e-05
1968 3.26871 0.00777558 6.8074e-05
1969 3.26871 0.00777557 6.76691e-05
1970 3.26871 0.00777556 6.70368e-05
1971 3.26871 0.00777555 6.61728e-05
1972 3.26871 0.00777555 6.50444e-05
1973 3.26871 0.00777555 6.3744e-05
1974 3.26871 0.00777555 6.22625e-05
1975 3.26871 0.00777556 6.05682e-05
1976 3.26871 0.00777557 5.86858e-05
1977 3.26871 0.00777558 5.89776e-05
1978 3.26871 0.00777559 5.92865e-05
1979 3.26871 0.00777561 5.94023e-05
1980 3.26871 0.00777563 5.92997e-05
1981 3.26871 0.00777565 5.90464e-05
1982 3.26871 0.00777568 5.85832e-05
1983 3.26871 0.0077757 5.79519e-05
1984 3.26871 0.00777572 5.71897e-05
1985 3.26871 0.00777575 5.64302e-05
1986 3.26871 0.00777577 5.56802e-05
1987 3.26871 0.00777579 5.51378e-05
1988 3.26871 0.00777582 5.45626e-05
1989 3.26871 0.00777584 5.41356e-05
1990 3.26871 0.00777585 5.38001e-05
1991 3.26871 0.00777587 5.37426e-05
1992 3.26871 0.00777588 5.35627e-05
1993 3.26871 0.00777589 5.32014e-05
1994 3.26871 0.0077759 5.25854e-05
1995 3.26871 0.00777591 5.1777e-05
1996 3.26871 0.00777591 5.0733e-05
1997 3.26871 0.00777591 4.95307e-05
1998 3.26871 0.00777591 4.86499e-05
1999 3.26871 0.0077759 4.92779e-05
2000 3.26871 0.00777589 4.98585e-05
2001 3.26871 0.00777588 5.0286e-05
2002 3.26871 0.00777587 5.0611e-05
2003 3.26871 0.00777585 5.08299e-05
2004 3.26871 0.00777584 5.09444e-05
2005 3.26871 0.00777582 5.10547e-05
2006 3.26871 0.0077758 5.15317e-05
2007 3.26871 0.00777578 5.20669e-05
2008 3.26871 0.00777576 5.24947e-05
2009 3.26871 0.00777574 5.2836e-05
2010 3.26871 0.00777572 5.30929e-05
2011 3.26871 0.0077757 5.32127e-05
2012 3.26871 0.00777568 5.33282e-05
2013 3.26871 0.00777567 5.34275e-05
2014 3.26871 0.00777565 5.34906e-05
2015 3.26871 0.00777564 5.33916e-05
2016 3.26871 0.00777563 5.30913e-05
2017 3.26871 0.00777562 5.26e-05
2018 3.26871 0.00777562 5.19495e-05
2019 3.26871 0.00777562 5.10981e-05
2020 3.26871 0.00777562 5.00809e-05
2021 3.26871 0.00777562 4.8959e-05
2022 3.26871 0.00777562 4.76702e-05
2023 3.26871 0.00777563 4.62388e-05
2024 3.26871 0.00777564 4.62422e-05
2025 3.26871 0.00777565 4.64879e-05
2026 3.26871 0.00777567 4.65821e-05
2027 3.26871 0.00777568 4.65217e-05
2028 3.26871 0.0077757 4.63331e-05
2029 3.26871 0.00777571 4.59825e-05
2030 3.26871 0.00777573 4.55029e-05
2031 3.26871 0.00777575 4.4926e-05
2032 3.26871 0.00777577 4.43477e-05
2033 3.26871 0.00777579 4.37929e-05
2034 3.26871 0.0077758 4.33569e-05
2035 3.26871 0.00777582 4.29046e-05
2036 3.26871 0.00777584 4.2562e-05
2037 3.26871 0.00777585 4.22341e-05
2038 3.26871 0.00777586 4.21063e-05
2039 3.26871 0.00777587 4.19752e-05
2040 3.26871 0.00777588 4.16995e-05
2041 3.26871 0.00777589 4.1239e-05
2042 3.26871 0.00777589 4.06244e-05
2043 3.26871 0.0077759 3.9834e-05
2044 3.26871 0.0077759 3.89147e-05
2045 3.26871 0.00777589 3.82044e-05
2046 3.26871 0.00777589 3.86433e-05
2047 3.26871 0.00777588 3.9093e-05
2048 3.26871 0.00777587 3.94321e-05
2049 3.26871 0.00777586 3.9695e-05
2050 3.26871 0.00777585 3.98677e-05
2051 3.26871 0.00777584 3.99589e-05
2052 3.26871 0.00777583 4.00753e-05
2053 3.26871 0.00777581 4.04572e-05
2054 3.26871 0.0077758 4.08752e-05
2055 3.26871 0.00777578 4.12063e-05
2056 3.26871 0.00777577 4.14666e-05
2057 3.26871 0.00777575 4.16653e-05
2058 3.26871 0.00777574 4.17575e-05
2059 3.26871 0.00777572 4.18414e-05
2060 3.26871 0.00777571 4.19104e-05
2061 3.26871 0.0077757 4.19551e-05
2062 3.26871 0.00777569 4.18865e-05
2063 3.26871 0.00777568 4.16635e-05
2064 3.26871 0.00777568 4.12919e-05
2065 3.26871 0.00777567 4.07917e-05
2066 3.26871 0.00777567 4.01491e-05
2067 3.26871 0.00777567 3.9357e-05
2068 3.26871 0.00777567 3.85032e-05
2069 3.26871 0.00777568 3.75227e-05
2070 3.26871 0.00777568 3.64343e-05
2071 3.26871 0.00777569 3.62669e-05
2072 3.26871 0.0077757 3.6462e-05
2073 3.26871 0.00777571 3.65382e-05
2074 3.26871 0.00777572 3.65058e-05
2075 3.26871 0.00777573 3.63653e-05
2076 3.26871 0.00777574 3.61e-05
2077 3.26871 0.00777576 3.57352e-05
2078 3.26871 0.00777577 3.53055e-05
2079 3.26871 0.00777579 3.48609e-05
2080 3.26871 0.0077758 3.44498e-05
2081 3.26871 0.00777581 3.40994e-05
2082 3.26871 0.00777583 3.37474e-05
2083 3.26871 0.00777584 3.34732e-05
2084 3.26871 0.00777585 3.31822e-05
2085 3.26871 0.00777586 3.30133e-05
2086 3.26871 0.00777587 3.29053e-05
2087 3.26871 0.00777587 3.26917e-05
2088 3.26871 0.00777588 3.23484e-05
2089 3.26871 0.00777588 3.18803e-05
2090 3.26871 0.00777588 3.12843e-05
2091 3.26871 0.00777588 3.05795e-05
2092 3.26871 0.00777588 3.00087e-05
2093 3.26871 0.00777588 3.03127e-05
2094 3.26871 0.00777587 3.06607e-05
2095 3.26871 0.00777587 3.09314e-05
2096 3.26871 0.00777586 3.11421e-05
2097 3.26871 0.00777585 3.12824e-05
2098 3.26871 0.00777584 3.13548e-05
2099 3.26871 0.00777583 3.14826e-05
2100 3.26871 0.00777582 3.17735e-05
2101 3.26871 0.00777581 3.20976e-05
2102 3.26871 0.0077758 3.23537e-05
2103 3.26871 0.00777579 3.25521e-05
2104 3.26871 0.00777578 3.27059e-05
2105 3.26871 0.00777576 3.27822e-05
2106 3.26871 0.00777575 3.28371e-05
2107 3.26871 0.00777574 3.28844e-05
2108 3.26871 0.00777574 3.29216e-05
2109 3.26871 0.00777573 3.28708e-05
2110 3.26871 0.00777572 3.27027e-05
2111 3.26871 0.00777572 3.24251e-05
2112 3.26871 0.00777572 3.20365e-05
2113 3.26871 0.00777571 3.15525e-05
2114 3.26871 0.00777571 3.09516e-05
2115 3.26871 0.00777571 3.02844e-05
2116 3.26871 0.00777572 2.95385e-05
2117 3.26871 0.00777572 2.87112e-05
2118 3.26871 0.00777573 2.84512e-05
2119 3.26871 0.00777573 2.86059e-05
2120 3.26871 0.00777574 2.86684e-05
2121 3.26871 0.00777575 2.8653e-05
2122 3.26871 0.00777576 2.85485e-05
2123 3.26871 0.00777577 2.83479e-05
2124 3.26871 0.00777578 2.8072e-05
2125 3.26871 0.00777579 2.77501e-05
2126 3.26871 0.0077758 2.74167e-05
2127 3.26871 0.00777581 2.71057e-05
2128 3.26871 0.00777582 2.68233e-05
2129 3.26871 0.00777583 2.65493e-05
2130 3.26871 0.00777584 2.633e-05
2131 3.26871 0.00777585 2.60996e-05
2132 3.26871 0.00777586 2.59123e-05
2133 3.26871 0.00777586 2.58028e-05
2134 3.26871 0.00777587 2.56363e-05
2135 3.26871 0.00777587 2.53797e-05
2136 3.26871 0.00777587 2.5023e-05
2137 3.26871 0.00777588 2.45737e-05
2138 3.26871 0.00777588 2.40337e-05
2139 3.26871 0.00777588 2.35775e-05
2140 3.26871 0.00777587 2.37867e-05
2141 3.26871 0.00777587 2.40575e-05
2142 3.26871 0.00777586 2.42769e-05
2143 3.26871 0.00777586 2.44386e-05
2144 3.26871 0.00777585 2.45532e-05
2145 3.26871 0.00777585 2.46113e-05
2146 3.26871 0.00777584 2.47391e-05
2147 3.26871 0.00777583 2.49612e-05
2148 3.26871 0.00777582 2.52118e-05
2149 3.26871 0.00777581 2.54103e-05
2150 3.26871 0.0077758 2.55607e-05
2151 3.26871 0.00777579 2.56794e-05
2152 3.26871 0.00777579 2.57422e-05
2153 3.26871 0.00777578 2.57769e-05
2154 3.26871 0.00777577 2.58088e-05
2155 3.26871 0.00777576 2.58413e-05
2156 3.26871 0.00777576 2.58017e-05
2157 3.26871 0.00777575 2.56749e-05
2158 3.26871 0.00777575 2.54688e-05
2159 3.26871 0.00777575 2.51719e-05
2160 3.26871 0.00777575 2.48007e-05
2161 3.26871 0.00777575 2.43453e-05
2162 3.26871 0.00777575 2.38236e-05
2163 3.26871 0.00777575 2.32561e-05
2164 3.26871 0.00777575 2.26269e-05
2165 3.26871 0.00777576 2.2326e-05
2166 3.26871 0.00777576 2.24485e-05
2167 3.26871 0.00777577 2.25034e-05
2168 3.26871 0.00777577 2.2495e-05
2169 3.26871 0.00777578 2.24174e-05
2170 3.26871 0.00777579 2.22651e-05
2171 3.26871 0.0077758 2.20573e-05
2172 3.26871 0.0077758 2.18156e-05
2173 3.26871 0.00777581 2.15673e-05
2174 3.26871 0.00777582 2.13307e-05
2175 3.26871 0.00777583 2.11034e-05
2176 3.26871 0.00777584 2.0893e-05
2177 3.26871 0.00777584 2.0715e-05
2178 3.26871 0.00777585 2.05357e-05
2179 3.26871 0.00777585 2.03555e-05
2180 3.26871 0.00777586 2.02433e-05
2181 3.26871 0.00777586 2.01107e-05
2182 3.26871 0.00777587 1.99167e-05
2183 3.26871 0.00777587 1.96445e-05
2184 3.26871 0.00777587 1.93057e-05
2185 3.26871 0.00777587 1.88919e-05
2186 3.26871 0.00777587 1.85294e-05
2187 3.26871 0.00777587 1.86733e-05
2188 3.26871 0.00777587 1.88835e-05
2189 3.26871 0.00777586 1.90591e-05
2190 3.26871 0.00777586 1.91854e-05
2191 3.26871 0.00777585 1.92769e-05
2192 3.26871 0.00777585 1.93268e-05
2193 3.26871 0.00777584 1.94449e-05
2194 3.26871 0.00777583 1.96149e-05
2195 3.26871 0.00777583 1.98083e-05
2196 3.26871 0.00777582 1.99625e-05
2197 3.26871 0.00777581 2.00759e-05
2198 3.26871 0.00777581 2.01702e-05
2199 3.26871 0.0077758 2.02192e-05
2200 3.26871 0.0077758 2.02397e-05
2201 3.26871 0.00777579 2.02678e-05
2202 3.26871 0.00777579 2.02886e-05
2203 3.26871 0.00777578 2.02576e-05
2204 3.26871 0.00777578 2.0162e-05
2205 3.26871 0.00777577 2.00089e-05
2206 3.26871 0.00777577 1.97826e-05
2207 3.26871 0.00777577 1.9499e-05
2208 3.26871 0.00777577 1.91526e-05
2209 3.26871 0.00777577 1.87493e-05
2210 3.26871 0.00777577 1.83129e-05
2211 3.26871 0.00777578 1.78335e-05
2212 3.26871 0.00777578 1.75242e-05
2213 3.26871 0.00777578 1.76217e-05
2214 3.26871 0.00777579 1.76684e-05
2215 3.26871 0.00777579 1.76648e-05
2216 3.26871 0.0077758 1.76068e-05
2217 3.26871 0.0077758 1.74911e-05
2218 3.26871 0.00777581 1.73347e-05
2219 3.26871 0.00777581 1.71532e-05
2220 3.26871 0.00777582 1.69694e-05
2221 3.26871 0.00777583 1.67887e-05
2222 3.26871 0.00777583 1.66063e-05
2223 3.26871 0.00777584 1.64449e-05
2224 3.26871 0.00777584 1.63017e-05
2225 3.26871 0.00777585 1.61607e-05
2226 3.26871 0.00777585 1.60034e-05
2227 3.26871 0.00777586 1.58871e-05
2228 3.26871 0.00777586 1.57823e-05
2229 3.26871 0.00777586 1.56336e-05
2230 3.26871 0.00777587 1.54255e-05
2231 3.26871 0.00777587 1.51695e-05
2232 3.26871 0.00777587 1.48542e-05
2233 3.26871 0.00777587 1.45652e-05
2234 3.26871 0.00777586 1.46654e-05
2235 3.26871 0.00777586 1.48273e-05
2236 3.26871 0.00777586 1.49675e-05
2237 3.26871 0.00777586 1.50669e-05
2238 3.26871 0.00777585 1.51386e-05
2239 3.26871 0.00777585 1.51817e-05
2240 3.26871 0.00777584 1.52875e-05
2241 3.26871 0.00777584 1.54176e-05
2242 3.26871 0.00777583 1.55669e-05
2243 3.26871 0.00777583 1.56867e-05
2244 3.26871 0.00777582 1.57721e-05
2245 3.26871 0.00777582 1.58473e-05
2246 3.26871 0.00777581 1.58856e-05
2247 3.26871 0.00777581 1.58958e-05
2248 3.26871 0.00777581 1.59204e-05
2249 3.26871 0.0077758 1.59331e-05
2250 3.26871 0.0077758 1.59084e-05
2251 3.26871 0.0077758 1.58371e-05
2252 3.26871 0.00777579 1.57225e-05
2253 3.26871 0.00777579 1.5551e-05
2254 3.26871 0.00777579 1.53356e-05
2255 3.26871 0.00777579 1.50703e-05
2256 3.26871 0.00777579 1.47629e-05
2257 3.26871 0.00777579 1.4422e-05
2258 3.26871 0.00777579 1.40567e-05
2259 3.26871 0.0077758 1.37597e-05
2260 3.26871 0.0077758 1.38393e-05
2261 3.26871 0.0077758 1.38755e-05
2262 3.26871 0.00777581 1.38748e-05
2263 3.26871 0.00777581 1.38315e-05
2264 3.26871 0.00777581 1.37446e-05
2265 3.26871 0.00777582 1.36258e-05
2266 3.26871 0.00777582 1.34897e-05
2267 3.26871 0.00777583 1.33544e-05
2268 3.26871 0.00777583 1.32162e-05
2269 3.26871 0.00777584 1.30701e-05
2270 3.26871 0.00777584 1.29476e-05
2271 3.26871 0.00777585 1.28317e-05
2272 3.26871 0.00777585 1.27225e-05
2273 3.26871 0.00777585 1.25917e-05
2274 3.26871 0.00777586 1.24868e-05
2275 3.26871 0.00777586 1.23907e-05
2276 3.26871 0.00777586 1.22768e-05
2277 3.26871 0.00777586 1.21159e-05
2278 3.26871 0.00777586 1.19215e-05
2279 3.26871 0.00777586 1.16813e-05
2280 3.26871 0.00777586 1.14519e-05
2281 3.26871 0.00777586 1.15224e-05
2282 3.26871 0.00777586 1.16513e-05
2283 3.26871 0.00777586 1.17579e-05
2284 3.26871 0.00777586 1.18361e-05
2285 3.26871 0.00777585 1.18915e-05
2286 3.26871 0.00777585 1.19343e-05
2287 3.26871 0.00777585 1.20219e-05
2288 3.26871 0.00777584 1.21214e-05
2289 3.26871 0.00777584 1.22369e-05
2290 3.26871 0.00777584 1.23297e-05
2291 3.26871 0.00777583 1.23945e-05
2292 3.26871 0.00777583 1.24541e-05
2293 3.26871 0.00777582 1.24839e-05
2294 3.26871 0.00777582 1.24876e-05
2295 3.26871 0.00777582 1.25083e-05
2296 3.26871 0.00777581 1.25158e-05
2297 3.26871 0.00777581 1.24957e-05
2298 3.26871 0.00777581 1.24437e-05
2299 3.26871 0.00777581 1.23568e-05
2300 3.26871 0.00777581 1.22279e-05
2301 3.26871 0.00777581 1.20631e-05
2302 3.26871 0.00777581 1.18624e-05
2303 3.26871 0.00777581 1.16266e-05
2304 3.26871 0.00777581 1.13604e-05
2305 3.26871 0.00777581 1.1081e-05
2306 3.26871 0.00777581 1.08086e-05
2307 3.26871 0.00777581 1.08714e-05
2308 3.26871 0.00777581 1.08995e-05
2309 3.26871 0.00777582 1.09005e-05
2310 3.26871 0.00777582 1.0868e-05
2311 3.26871 0.00777582 1.08033e-05
2312 3.26871 0.00777583 1.07128e-05
2313 3.26871 0.00777583 1.06135e-05
2314 3.26871 0.00777583 1.05113e-05
2315 3.26871 0.00777584 1.04054e-05
2316 3.26871 0.00777584 1.02898e-05
2317 3.26871 0.00777585 1.01958e-05
2318 3.26871 0.00777585 1.01023e-05
2319 3.26871 0.00777585 1.00182e-05
2320 3.26871 0.00777585 9.91578e-06
