0 -0.459263 -3.709 46.5159
1 -0.135302 -3.38504 45.5135
2 0.11212 -3.13762 44.2101
3 0.332445 -2.91729 42.716
4 0.555021 -2.69472 43.6241
5 0.802503 -2.44724 44.2069
6 1.09585 -2.15389 44.1222
7 1.45629 -1.79344 43.3405
8 1.90534 -1.3444 41.6742
9 2.46227 -0.78747 38.9113
10 3.13828 -0.111456 34.8947
11 3.92654 0.6768 29.5097
12 4.78916 1.53942 22.7987
13 5.64647 2.39673 19.885
14 6.37851 3.12878 23.9642
15 6.84964 3.5999 28.4149
16 6.95565 3.70591 31.98
17 6.67262 3.42288 33.6351
18 6.07391 2.82417 32.9738
19 5.29938 2.04964 31.2221
20 4.49762 1.24788 28.8775
21 3.77896 0.529221 25.5782
22 3.19956 -0.0501786 21.8158
23 2.77078 -0.478959 17.7309
24 2.47773 -0.772012 13.6578
25 2.29535 -0.954386 10.2262
26 2.19829 -1.05145 10.9556
27 2.16522 -1.08452 11.9666
28 2.17992 -1.06982 12.7923
29 2.23071 -1.01903 13.2776
30 2.30935 -0.940388 13.5173
31 2.41001 -0.839729 13.5148
32 2.52828 -0.721458 13.2477
33 2.66049 -0.589252 13.2754
34 2.80313 -0.44661 13.1287
35 2.95249 -0.297246 12.6955
36 3.10437 -0.145364 12.0852
37 3.25393 0.00418761 11.4312
38 3.39564 0.145902 10.5349
39 3.52351 0.273775 9.44528
40 3.63143 0.381696 8.47505
41 3.71382 0.464084 8.81814
42 3.76642 0.516679 9.30085
43 3.78706 0.53732 9.72849
44 3.77622 0.526485 9.99556
45 3.73713 0.48739 10.0592
46 3.67532 0.425579 9.89702
47 3.59785 0.348113 9.75804
48 3.51231 0.262568 9.49111
49 3.42582 0.176085 9.13027
50 3.3444 0.0946635 8.66255
51 3.27251 0.0227697 8.08325
52 3.21298 -0.0367551 7.42248
53 3.16717 -0.082571 6.73595
54 3.13515 -0.11459 6.58183
55 3.11606 -0.13368 6.53175
56 3.10837 -0.141367 6.49612
57 3.11018 -0.139562 6.48541
58 3.11942 -0.130317 6.42525
59 3.13412 -0.115621 6.28435
60 3.1525 -0.0972339 6.11135
61 3.17315 -0.0765898 5.89196
62 3.19497 -0.0547664 5.58039
63 3.21721 -0.0325298 5.18488
64 3.2393 -0.0104352 4.70276
65 3.26079 0.0110507 4.14471
66 3.28118 0.0314454 3.69112
67 3.29993 0.050195 3.46683
68 3.31642 0.0666781 3.4038
69 3.33 0.0802638 3.43647
70 3.34014 0.0903978 3.50499
71 3.34643 0.0966907 3.60631
72 3.34872 0.098985 3.69737
73 3.34712 0.0973846 3.79606
74 3.34199 0.0922467 3.87265
75 3.33388 0.0841386 3.92386
76 3.32351 0.0737721 3.93295
77 3.31167 0.0619275 3.89569
78 3.29912 0.0493806 3.8138
79 3.28658 0.0368386 3.718
80 3.27463 0.0248942 3.62891
81 3.26374 0.0139969 3.59205
82 3.25418 0.00444351 3.56633
83 3.24612 -0.00361471 3.54427
84 3.23959 -0.0101508 3.51498
85 3.23451 -0.0152309 3.47029
86 3.23076 -0.0189777 3.41365
87 3.2282 -0.0215334 3.33777
88 3.22671 -0.0230288 3.23798
89 3.22618 -0.0235613 3.11462
90 3.22655 -0.0231861 2.96207
91 3.22782 -0.0219198 2.86511
92 3.22998 -0.0197538 2.91667
93 3.23306 -0.0166736 2.94833
94 3.23706 -0.0126777 2.96178
95 3.24195 -0.00779272 2.97686
96 3.24766 -0.00208244 2.98621
97 3.25409 0.00435068 2.98534
98 3.26111 0.0113685 2.97923
99 3.26854 0.0188032 2.95051
100 3.2762 0.0264634 2.89855
101 3.28388 0.0341386 2.82998
102 3.29134 0.0416016 2.76507
103 3.29835 0.0486099 2.70769
104 3.30465 0.054907 2.69674
105 3.30997 0.0602271 2.70033
106 3.31404 0.0643042 2.71815
107 3.31663 0.0668893 2.73233
108 3.31751 0.0677731 2.72332
109 3.31655 0.0668144 2.70291
110 3.31371 0.0639681 2.65562
111 3.30905 0.059309 2.57785
112 3.30278 0.0530423 2.4783
113 3.29524 0.045499 2.35522
114 3.28685 0.0371122 2.20745
115 3.27812 0.0283788 2.05184
116 3.26955 0.0198104 1.93692
117 3.26162 0.011884 1.98054
118 3.25474 0.00499886 2.01834
119 3.24918 -0.000553777 2.05389
120 3.24513 -0.00460543 2.07405
121 3.24263 -0.00711019 2.09148
122 3.24161 -0.00813241 2.09062
123 3.24191 -0.00782647 2.07829
124 3.24333 -0.00641283 2.06829
125 3.24558 -0.0041538 2.05882
126 3.24841 -0.0013315 2.04593
127 3.25151 0.00177071 2.0423
128 3.25462 0.00488288 2.04547
129 3.2575 0.00775958 2.03442
130 3.25993 0.010188 2.01767
131 3.26173 0.0119937 1.99534
132 3.26278 0.0130456 1.98463
133 3.263 0.013259 1.98068
134 3.26234 0.0125992 1.96327
135 3.26082 0.0110836 1.92937
136 3.25852 0.00878253 1.88908
137 3.25556 0.0058185 1.8342
138 3.2521 0.00236205 1.76474
139 3.24836 -0.00137563 1.68016
140 3.24458 -0.00515391 1.58435
141 3.24102 -0.00871705 1.47986
142 3.23793 -0.0118109 1.53669
143 3.23554 -0.0142 1.59691
144 3.23405 -0.015684 1.6463
145 3.23363 -0.0161112 1.68582
146 3.23435 -0.0153882 1.71989
147 3.23625 -0.0134863 1.73477
148 3.2393 -0.0104423 1.72853
149 3.24338 -0.00635682 1.70727
150 3.24835 -0.00138825 1.67572
151 3.25399 0.00425473 1.64238
152 3.26006 0.0103234 1.63059
153 3.26628 0.0165407 1.63469
154 3.27235 0.0226143 1.64356
155 3.27799 0.0282516 1.65268
156 3.28291 0.0331756 1.67896
157 3.28688 0.0371415 1.70476
158 3.28969 0.0399532 1.71616
159 3.29122 0.0414785 1.70801
160 3.2914 0.0416602 1.68612
161 3.29026 0.0405226 1.65278
162 3.28791 0.0381715 1.6035
163 3.28452 0.0347863 1.53416
164 3.28034 0.0306055 1.45047
165 3.27564 0.0259066 1.35993
166 3.27072 0.0209829 1.33252
167 3.26586 0.0161197 1.3801
168 3.26131 0.0115736 1.4236
169 3.25729 0.00755543 1.45354
170 3.25396 0.00421963 1.46968
171 3.2514 0.0016595 1.48013
172 3.24965 -9.21695e-05 1.48236
173 3.24868 -0.00105791 1.47828
174 3.24843 -0.00130741 1.48296
175 3.24879 -0.000947446 1.50548
176 3.24963 -0.000111157 1.52433
177 3.25079 0.00105258 1.5353
178 3.25213 0.0023892 1.53506
179 3.25349 0.00374755 1.53432
180 3.25473 0.00498795 1.52563
181 3.25573 0.00598927 1.51499
182 3.25639 0.00665482 1.51297
183 3.25666 0.00691709 1.49982
184 3.25648 0.00674121 1.48719
185 3.25587 0.00612689 1.46186
186 3.25485 0.00510853 1.42692
187 3.25349 0.00375341 1.3852
188 3.2519 0.00215772 1.333
189 3.25018 0.000440595 1.26935
190 3.24847 -0.0012637 1.19708
191 3.24692 -0.00281482 1.16741
192 3.24566 -0.00407603 1.21325
193 3.24481 -0.00492377 1.24912
194 3.24448 -0.00525629 1.2742
195 3.24474 -0.00500086 1.2923
196 3.24562 -0.00411884 1.30391
197 3.24713 -0.00260865 1.30338
198 3.24923 -0.000506332 1.29141
199 3.25185 0.00211606 1.26617
200 3.25489 0.00515414 1.23303
201 3.25821 0.0084766 1.19811
202 3.26167 0.0119322 1.18582
203 3.2651 0.015358 1.20308
204 3.26833 0.0185886 1.21906
205 3.2712 0.0214653 1.23357
206 3.27358 0.0238464 1.25039
207 3.27535 0.025616 1.25773
208 3.27643 0.0266916 1.25633
209 3.27677 0.0270302 1.24565
210 3.27637 0.0266311 1.22635
211 3.27527 0.0255362 1.19268
212 3.27356 0.0238261 1.14694
213 3.27135 0.0216143 1.09206
214 3.26878 0.0190375 1.02935
215 3.26598 0.0162456 0.988323
216 3.26313 0.0133902 1.02602
217 3.26035 0.0106138 1.05348
218 3.25778 0.0080413 1.07719
219 3.25551 0.00577251 1.09139
220 3.25362 0.00387815 1.0954
221 3.25214 0.002398 1.09359
222 3.25108 0.00134148 1.08834
223 3.25043 0.000690366 1.08132
224 3.25014 0.000402797 1.07541
225 3.25016 0.000418426 1.08297
226 3.2504 0.000664047 1.0905
227 3.2508 0.00105942 1.09546
228 3.25126 0.00152294 1.09652
229 3.25172 0.00197698 1.09507
230 3.25209 0.00235264 1.09136
231 3.25233 0.00259386 1.0923
232 3.2524 0.00266061 1.08558
233 3.25227 0.00253121 1.08117
234 3.25194 0.00220349 1.06711
235 3.25143 0.00169478 1.04334
236 3.25078 0.00104072 1.01344
237 3.25003 0.000292747 0.976357
238 3.24925 -0.00048539 0.930488
239 3.24852 -0.00122212 0.877539
240 3.2479 -0.00184311 0.858226
241 3.24746 -0.00227661 0.891827
242 3.24728 -0.00245864 0.917554
243 3.2474 -0.00233778 0.935896
244 3.24786 -0.00187902 0.947072
245 3.24867 -0.00106667 0.953622
246 3.24983 9.41169e-05 0.955104
247 3.25132 0.00157701 0.945982
248 3.25307 0.00333555 0.926551
249 3.25504 0.00530539 0.901449
250 3.25715 0.00740766 0.875222
251 3.25929 0.00955326 0.870895
252 3.26139 0.0116478 0.881987
253 3.26334 0.0135969 0.89274
254 3.26505 0.015312 0.902399
255 3.26645 0.0167152 0.911734
256 3.26748 0.0177448 0.915411
257 3.2681 0.0183581 0.916818
258 3.26827 0.018535 0.909614
259 3.26802 0.0182786 0.893282
260 3.26735 0.0176148 0.867448
261 3.26633 0.0165902 0.834775
262 3.26501 0.0152684 0.797403
263 3.26346 0.0137256 0.751918
264 3.26178 0.0120447 0.734673
265 3.26005 0.01031 0.76211
266 3.25834 0.00860139 0.783515
267 3.25673 0.00698983 0.800356
268 3.25527 0.0055335 0.811082
269 3.25401 0.00427526 0.813372
270 3.25298 0.00324138 0.811399
271 3.25218 0.00244149 0.806975
272 3.25161 0.00186969 0.800283
273 3.25124 0.00150652 0.795026
274 3.25106 0.00132161 0.800273
275 3.25102 0.00127677 0.807714
276 3.25107 0.00132934 0.812771
277 3.25117 0.0014355 0.814558
278 3.25129 0.00155348 0.81343
279 3.25138 0.0016464 0.814358
280 3.25142 0.00168474 0.813379
281 3.25139 0.0016482 0.8089
282 3.25127 0.00152691 0.805593
283 3.25106 0.00132203 0.794655
284 3.25078 0.00104546 0.776514
285 3.25046 0.000718985 0.752847
286 3.25011 0.000372577 0.72427
287 3.24978 4.22383e-05 0.689009
288 3.24951 -0.000232681 0.648744
289 3.24933 -0.000412406 0.649995
290 3.24928 -0.000459742 0.673499
291 3.2494 -0.000342941 0.690735
292 3.2497 -3.82368e-05 0.702761
293 3.25021 0.000468127 0.708921
294 3.25092 0.0011785 0.712286
295 3.25182 0.00208318 0.711657
296 3.2529 0.00316049 0.703389
297 3.25412 0.00437766 0.687904
298 3.25543 0.0056924 0.668905
299 3.25679 0.0070551 0.651148
300 3.25815 0.00841147 0.655691
301 3.25944 0.00970561 0.663343
302 3.26062 0.0108831 0.66958
303 3.26163 0.0118943 0.676398
304 3.26244 0.012697 0.681804
305 3.263 0.013259 0.683847
306 3.2633 0.0135601 0.68291
307 3.26333 0.013593 0.675592
308 3.2631 0.0133636 0.661124
309 3.26263 0.0128903 0.641609
310 3.26194 0.0122029 0.616736
311 3.26108 0.0113397 0.587645
312 3.26008 0.0103458 0.552583
313 3.25901 0.00926937 0.558736
314 3.2579 0.00815876 0.577439
315 3.2568 0.00705976 0.593321
316 3.25575 0.00601298 0.604114
317 3.25479 0.00505183 0.610599
318 3.25394 0.00420119 0.610931
319 3.25322 0.00347674 0.608801
320 3.25262 0.00288491 0.604128
321 3.25216 0.00242349 0.597197
322 3.25182 0.00208272 0.593444
323 3.25159 0.0018468 0.598689
324 3.25143 0.0016956 0.604937
325 3.25134 0.00160663 0.607753
326 3.2513 0.00155693 0.609547
327 3.25126 0.00152486 0.60976
328 3.25123 0.00149179 0.611913
329 3.25118 0.00144341 0.610461
330 3.25111 0.0013707 0.608253
331 3.25101 0.00127052 0.60372
332 3.25088 0.00114579 0.593501
333 3.25074 0.00100513 0.578374
334 3.2506 0.000862225 0.559577
335 3.25047 0.000734664 0.537024
336 3.25038 0.000642617 0.509078
337 3.25035 0.000607217 0.480724
338 3.25039 0.000648875 0.499346
339 3.25052 0.000785615 0.514889
340 3.25077 0.00103153 0.525542
341 3.25113 0.00139548 0.53177
342 3.25162 0.00188011 0.535149
343 3.25222 0.00248131 0.535287
344 3.25293 0.003188 0.53242
345 3.25372 0.00398249 0.523821
346 3.25458 0.0048412 0.51126
347 3.25547 0.00573575 0.496973
348 3.25637 0.00663443 0.491105
349 3.25724 0.00750388 0.496212
350 3.25805 0.00831088 0.501403
351 3.25876 0.0090242 0.504795
352 3.25935 0.0096163 0.510229
353 3.2598 0.0100649 0.512537
354 3.26009 0.0103543 0.513425
355 3.26021 0.0104759 0.510491
356 3.26017 0.0104288 0.502402
357 3.25996 0.0102198 0.490182
358 3.2596 0.00986247 0.474653
359 3.25911 0.00937658 0.454492
360 3.25852 0.00878638 0.43079
361 3.25786 0.00811928 0.410438
362 3.25714 0.00740405 0.427499
363 3.25641 0.00666916 0.440189
364 3.25568 0.00594123 0.451107
365 3.25498 0.00524367 0.457874
366 3.25433 0.0045957 0.460478
367 3.25375 0.0040116 0.45924
368 3.25324 0.00350046 0.456884
369 3.2528 0.00306621 0.452068
370 3.25245 0.002708 0.445724
371 3.25216 0.00242089 0.446601
372 3.25194 0.00219669 0.450504
373 3.25176 0.00202502 0.454718
374 3.25163 0.00189436 0.456715
375 3.25153 0.00179316 0.456928
376 3.25145 0.00171084 0.458995
377 3.25138 0.00163866 0.459413
378 3.25131 0.00157039 0.458345
379 3.25124 0.00150283 0.456985
380 3.25117 0.00143595 0.452406
381 3.25111 0.00137291 0.442793
382 3.25106 0.00131973 0.430125
383 3.25102 0.00128481 0.414553
384 3.25102 0.00127816 0.396014
385 3.25105 0.0013106 0.37324
386 3.25113 0.00139282 0.370695
387 3.25127 0.0015344 0.383516
388 3.25148 0.00174294 0.393217
389 3.25176 0.00202324 0.399354
390 3.25212 0.0023767 0.402198
391 3.25254 0.00280092 0.402902
392 3.25303 0.0032895 0.401102
393 3.25357 0.00383216 0.39679
394 3.25415 0.00441505 0.388625
395 3.25476 0.00502138 0.377967
396 3.25537 0.00563214 0.369854
397 3.25597 0.00622711 0.371297
398 3.25652 0.00678581 0.375663
399 3.25703 0.00728864 0.378521
400 3.25746 0.00771786 0.381443
401 3.2578 0.00805857 0.383985
402 3.25804 0.00829947 0.385371
403 3.25817 0.00843339 0.384376
404 3.2582 0.00845769 0.380118
405 3.25811 0.00837423 0.372078
406 3.25793 0.00818923 0.362181
407 3.25765 0.00791276 0.34872
408 3.2573 0.00755808 0.332314
409 3.25688 0.00714084 0.312741
410 3.25642 0.0066781 0.31579
411 3.25593 0.00618739 0.326834
412 3.25542 0.00568578 0.335972
413 3.25493 0.00518902 0.342189
414 3.25445 0.00471083 0.345827
415 3.254 0.00426243 0.346116
416 3.25359 0.00385215 0.344389
417 3.25322 0.00348538 0.341842
418 3.2529 0.00316462 0.336882
419 3.25263 0.00288976 0.333407
420 3.2524 0.00265848 0.336055
421 3.25221 0.00246679 0.339609
422 3.25205 0.00230961 0.341802
423 3.25192 0.00218138 0.343051
424 3.25182 0.00207668 0.344088
425 3.25173 0.00199073 0.345903
426 3.25166 0.00191983 0.345906
427 3.2516 0.00186174 0.34522
428 3.25155 0.00181581 0.342795
429 3.25152 0.00178305 0.337485
430 3.2515 0.00176603 0.328604
431 3.25151 0.00176859 0.317928
432 3.25153 0.00179556 0.304703
433 3.25159 0.00185223 0.289056
434 3.25168 0.00194391 0.274442
435 3.25181 0.00207533 0.285325
436 3.25199 0.00225019 0.29359
437 3.25221 0.00247065 0.298963
438 3.25248 0.00273697 0.302037
439 3.25279 0.00304725 0.303284
440 3.25314 0.00339731 0.302337
441 3.25352 0.00378068 0.299649
442 3.25393 0.00418881 0.294569
443 3.25435 0.00461133 0.287637
444 3.25477 0.00503653 0.280189
445 3.25519 0.00545182 0.278592
446 3.25558 0.00584441 0.281294
447 3.25594 0.00620186 0.283852
448 3.25625 0.00651273 0.285408
449 3.25651 0.00676715 0.288313
450 3.2567 0.00695728 0.289488
451 3.25682 0.00707772 0.289244
452 3.25686 0.00712573 0.28693
453 3.25684 0.00710132 0.281943
454 3.25675 0.00700719 0.27522
455 3.25659 0.00684849 0.266347
456 3.25637 0.00663256 0.254841
457 3.25611 0.00636839 0.241248
458 3.2558 0.00606616 0.233069
459 3.25548 0.00573668 0.242675
460 3.25513 0.00539083 0.24996
461 3.25478 0.00503904 0.255841
462 3.25443 0.00469081 0.259193
463 3.25409 0.00435441 0.260372
464 3.25377 0.00403657 0.259433
465 3.25348 0.00374235 0.257864
466 3.25321 0.00347512 0.254728
467 3.25297 0.00323665 0.250605
468 3.25277 0.00302729 0.251592
469 3.25258 0.00284621 0.253897
470 3.25243 0.00269173 0.256259
471 3.2523 0.00256162 0.257595
472 3.25219 0.00245349 0.257898
473 3.2521 0.00236505 0.259986
474 3.25203 0.00229442 0.260615
475 3.25198 0.00224031 0.260012
476 3.25194 0.0022022 0.259088
477 3.25192 0.00218034 0.256018
478 3.25191 0.00217579 0.250294
479 3.25193 0.00219023 0.242551
480 3.25196 0.00222587 0.233338
481 3.25202 0.00228514 0.222298
482 3.25211 0.00237047 0.20913
483 3.25222 0.00248396 0.212121
484 3.25237 0.00262711 0.218852
485 3.25254 0.00280056 0.223864
486 3.25274 0.00300385 0.226625
487 3.25297 0.00323531 0.228005
488 3.25323 0.00349191 0.227692
489 3.25351 0.00376931 0.225995
490 3.2538 0.00406194 0.222999
491 3.2541 0.00436313 0.218325
492 3.2544 0.00466542 0.212374
493 3.2547 0.00496078 0.209123
494 3.25498 0.00524104 0.210831
495 3.25524 0.00549819 0.213189
496 3.25546 0.00572477 0.214462
497 3.25565 0.00591421 0.216275
498 3.2558 0.00606117 0.217521
499 3.2559 0.00616172 0.217863
500 3.25595 0.00621355 0.216578
501 3.25595 0.00621603 0.213572
502 3.25591 0.00617023 0.209
503 3.25582 0.0060788 0.202914
504 3.25568 0.00594579 0.194897
505 3.25551 0.00577644 0.185288
506 3.25532 0.00557691 0.173869
507 3.25509 0.00535388 0.180193
508 3.25485 0.00511432 0.186135
509 3.2546 0.0048651 0.191268
510 3.25435 0.00461274 0.194325
511 3.2541 0.00436316 0.19594
512 3.25386 0.00412149 0.195782
513 3.25363 0.00389194 0.194568
514 3.25342 0.00367775 0.192837
515 3.25322 0.0034812 0.189778
516 3.25304 0.00330367 0.188403
517 3.25288 0.00314576 0.190012
518 3.25275 0.00300747 0.192219
519 3.25263 0.00288829 0.193527
520 3.25253 0.00278751 0.194051
521 3.25244 0.00270428 0.1954
522 3.25238 0.00263784 0.196442
523 3.25233 0.00258764 0.196205
524 3.25229 0.00255341 0.195675
525 3.25227 0.00253522 0.193856
526 3.25227 0.00253348 0.190322
527 3.25229 0.0025489 0.18488
528 3.25232 0.00258239 0.178348
529 3.25237 0.00263496 0.170429
530 3.25245 0.00270756 0.161059
531 3.25254 0.00280093 0.157792
532 3.25265 0.00291542 0.163514
533 3.25279 0.00305089 0.167797
534 3.25294 0.00320654 0.170305
535 3.25312 0.00338086 0.171779
536 3.25331 0.00357155 0.172052
537 3.25351 0.00377554 0.170957
538 3.25373 0.00398902 0.169095
539 3.25395 0.00420755 0.165863
540 3.25416 0.00442621 0.161628
541 3.25438 0.00463974 0.158139
542 3.25458 0.0048428 0.15858
543 3.25477 0.00503011 0.160333
544 3.25494 0.00519674 0.161512
545 3.25508 0.0053383 0.162521
546 3.25519 0.00545111 0.163706
547 3.25527 0.00553238 0.164257
548 3.25532 0.00558028 0.163626
549 3.25533 0.00559407 0.161659
550 3.25531 0.00557405 0.158608
551 3.25526 0.00552157 0.154367
552 3.25518 0.0054389 0.148875
553 3.25507 0.00532912 0.142007
554 3.25493 0.00519599 0.133951
555 3.25478 0.00504369 0.133974
556 3.25462 0.00487672 0.139033
557 3.25444 0.00469963 0.143051
558 3.25426 0.00451687 0.145912
559 3.25407 0.00433264 0.147431
560 3.25389 0.00415073 0.147754
561 3.25371 0.00397446 0.146919
562 3.25354 0.0038066 0.145912
563 3.25339 0.00364934 0.143604
564 3.25324 0.00350433 0.141481
565 3.25311 0.00337271 0.142721
566 3.25299 0.00325518 0.144247
567 3.25289 0.0031521 0.14542
568 3.2528 0.00306358 0.146102
569 3.25273 0.00298955 0.146758
570 3.25267 0.00292991 0.147875
571 3.25262 0.00288454 0.148002
572 3.25259 0.00285342 0.147621
573 3.25257 0.0028366 0.146614
574 3.25257 0.00283427 0.144481
575 3.25259 0.00284669 0.140815
576 3.25261 0.00287419 0.136229
577 3.25266 0.00291708 0.130572
578 3.25271 0.00297561 0.123937
579 3.25279 0.00304984 0.11751
580 3.25288 0.0031396 0.122321
581 3.25298 0.0032444 0.12578
582 3.2531 0.00336334 0.128165
583 3.25323 0.0034951 0.12935
584 3.25338 0.00363788 0.129903
585 3.25353 0.00378942 0.129274
586 3.25369 0.00394705 0.128061
587 3.25385 0.00410769 0.125911
588 3.25401 0.00426801 0.12307
589 3.25416 0.00442446 0.120027
590 3.25431 0.00457346 0.119541
591 3.25445 0.00471147 0.120583
592 3.25457 0.00483516 0.121718
593 3.25468 0.00494155 0.122249
594 3.25477 0.00502809 0.123409
595 3.25483 0.00509279 0.123919
596 3.25487 0.00513427 0.123728
597 3.25489 0.00515183 0.122503
598 3.25488 0.00514546 0.120442
599 3.25485 0.0051158 0.117495
600 3.2548 0.00506415 0.113655
601 3.25473 0.00499233 0.108656
602 3.25464 0.00490266 0.102899
603 3.25454 0.00479781 0.0995618
604 3.25442 0.00468069 0.103766
605 3.25429 0.00455435 0.106889
606 3.25416 0.00442182 0.109475
607 3.25402 0.00428609 0.110847
608 3.25389 0.00414992 0.111369
609 3.25375 0.00401585 0.110963
610 3.25362 0.0038861 0.11024
611 3.2535 0.00376258 0.108817
612 3.25339 0.00364686 0.106917
613 3.25328 0.00354017 0.107121
614 3.25318 0.00344346 0.108191
615 3.2531 0.00335742 0.109314
616 3.25302 0.00328254 0.109943
617 3.25296 0.00321913 0.110279
618 3.25291 0.00316741 0.111217
619 3.25287 0.00312754 0.111606
620 3.25284 0.00309962 0.111354
621 3.25282 0.00308377 0.11092
622 3.25282 0.00308009 0.109598
623 3.25283 0.00308866 0.107172
624 3.25285 0.00310957 0.10385
625 3.25288 0.00314282 0.0998419
626 3.25293 0.00318833 0.0950571
627 3.25298 0.00324591 0.0893828
628 3.25305 0.00331516 0.0913574
629 3.25313 0.00339547 0.0941871
630 3.25322 0.003486 0.0962886
631 3.25332 0.00358563 0.0973474
632 3.25343 0.00369293 0.097936
633 3.25354 0.00380622 0.097711
634 3.25366 0.00392355 0.0968671
635 3.25378 0.00404276 0.0954915
636 3.2539 0.00416151 0.093493
637 3.25402 0.00427736 0.0910368
638 3.25413 0.00438783 0.0899495
639 3.25423 0.00449051 0.0907149
640 3.25432 0.00458312 0.0916627
641 3.2544 0.00466357 0.0921663
642 3.25447 0.0047301 0.0929093
643 3.25452 0.00478126 0.0934586
644 3.25455 0.00481603 0.0934581
645 3.25457 0.00483382 0.0927728
646 3.25457 0.00483448 0.0912955
647 3.25456 0.0048183 0.0893785
648 3.25452 0.00478601 0.0866398
649 3.25448 0.00473872 0.0831195
650 3.25442 0.00467786 0.0789394
651 3.25434 0.00460517 0.0744523
652 3.25426 0.00452254 0.0774457
653 3.25417 0.00443203 0.0799397
654 3.25407 0.00433575 0.0820698
655 3.25397 0.00423578 0.0833137
656 3.25387 0.00413416 0.083908
657 3.25377 0.00403278 0.0838142
658 3.25367 0.00393338 0.0831826
659 3.25358 0.00383753 0.0823836
660 3.25348 0.00374658 0.0809497
661 3.2534 0.00366167 0.0803654
662 3.25332 0.00358376 0.0811314
663 3.25325 0.00351361 0.0820967
664 3.25319 0.00345185 0.0826899
665 3.25314 0.00339893 0.0829721
666 3.25309 0.00335523 0.083686
667 3.25306 0.00332101 0.0841391
668 3.25303 0.00329647 0.0840485
669 3.25302 0.00328175 0.08382
670 3.25302 0.00327693 0.082984
671 3.25302 0.00328206 0.0814139
672 3.25304 0.00329711 0.0790369
673 3.25306 0.00332198 0.0762049
674 3.25309 0.00335647 0.0727245
675 3.25314 0.0034003 0.068633
676 3.25319 0.00345302 0.0681409
677 3.25325 0.00351406 0.0705197
678 3.25332 0.00358265 0.0722496
679 3.2534 0.00365788 0.0732239
680 3.25348 0.00373863 0.0737778
681 3.25356 0.00382362 0.0737965
682 3.25365 0.00391143 0.0732189
683 3.25374 0.00400047 0.0723222
684 3.25383 0.00408909 0.0709301
685 3.25391 0.00417556 0.0690299
686 3.254 0.00425815 0.0677496
687 3.25407 0.00433515 0.0682408
688 3.25414 0.00440498 0.0689548
689 3.2542 0.00446617 0.0694215
690 3.25426 0.00451745 0.0698958
691 3.2543 0.0045578 0.0703925
692 3.25432 0.00458643 0.0705196
693 3.25434 0.00460288 0.0701739
694 3.25435 0.00460694 0.0691875
695 3.25434 0.00459873 0.0678755
696 3.25432 0.00457866 0.0659228
697 3.25429 0.00454741 0.0634678
698 3.25424 0.00450588 0.0604176
699 3.25419 0.00445519 0.0568703
700 3.25413 0.00439661 0.0577541
701 3.25407 0.00433155 0.0598375
702 3.254 0.00426145 0.0615156
703 3.25393 0.0041878 0.0626427
704 3.25385 0.00411209 0.0631929
705 3.25377 0.00403571 0.0632708
706 3.2537 0.00396002 0.06282
707 3.25362 0.00388624 0.0623336
708 3.25355 0.00381549 0.0612585
709 3.25349 0.00374876 0.0603313
710 3.25343 0.0036869 0.0609551
711 3.25337 0.00363064 0.0616797
712 3.25332 0.00358059 0.0621956
713 3.25328 0.00353725 0.0625012
714 3.25324 0.00350102 0.0629261
715 3.25321 0.00347221 0.0633716
716 3.25319 0.00345104 0.0634126
717 3.25318 0.00343769 0.0632647
718 3.25317 0.00343223 0.0627617
719 3.25317 0.0034347 0.0617558
720 3.25318 0.00344504 0.0600875
721 3.2532 0.00346312 0.0580627
722 3.25323 0.00348876 0.0555351
723 3.25326 0.00352163 0.0525929
724 3.2533 0.00356134 0.0507667
725 3.25335 0.00360738 0.0527496
726 3.2534 0.00365911 0.0541532
727 3.25345 0.0037158 0.055072
728 3.25351 0.00377657 0.0555284
729 3.25358 0.00384045 0.0556732
730 3.25364 0.00390637 0.0553101
731 3.25371 0.00397318 0.0547116
732 3.25378 0.00403967 0.0537583
733 3.25384 0.00410459 0.0524466
734 3.25391 0.00416671 0.0512534
735 3.25396 0.00422482 0.0513275
736 3.25402 0.00427777 0.0518465
737 3.25406 0.00432453 0.0522776
738 3.2541 0.00436418 0.0525535
739 3.25413 0.00439596 0.0529731
740 3.25416 0.00441929 0.0531704
741 3.25417 0.00443379 0.0530215
742 3.25418 0.00443927 0.0523882
743 3.25417 0.00443575 0.0514781
744 3.25416 0.00442345 0.05011
745 3.25414 0.00440278 0.0483828
746 3.25411 0.00437434 0.0461595
747 3.25408 0.00433885 0.0436246
748 3.25404 0.00429717 0.0430258
749 3.25399 0.00425026 0.0447555
750 3.25394 0.00419913 0.0460581
751 3.25388 0.00414485 0.047072
752 3.25383 0.00408849 0.0475781
753 3.25377 0.0040311 0.0477223
754 3.25371 0.00397369 0.0474842
755 3.25366 0.00391722 0.0471301
756 3.2536 0.00386259 0.0464183
757 3.25355 0.00381061 0.0455822
758 3.2535 0.00376199 0.0457983
759 3.25346 0.00371739 0.0463358
760 3.25342 0.00367735 0.046803
761 3.25338 0.00364234 0.0470631
762 3.25335 0.00361273 0.0472995
763 3.25333 0.00358883 0.0476974
764 3.25331 0.00357089 0.0478088
765 3.2533 0.00355905 0.0477134
766 3.25329 0.00355341 0.0474322
767 3.25329 0.003554 0.0467881
768 3.2533 0.00356078 0.0456452
769 3.25331 0.00357363 0.0441824
770 3.25333 0.00359236 0.042361
771 3.25336 0.00361673 0.0402333
772 3.25338 0.00364637 0.0378695
773 3.25342 0.00368088 0.0394143
774 3.25346 0.00371973 0.0405558
775 3.2535 0.00376234 0.0413762
776 3.25355 0.00380804 0.0417737
777 3.25359 0.00385608 0.0419571
778 3.25364 0.00390566 0.0417817
779 3.25369 0.00395593 0.0413603
780 3.25374 0.00400599 0.0406942
781 3.25379 0.00405494 0.0398066
782 3.25384 0.00410188 0.0387914
783 3.25388 0.00414594 0.0386185
784 3.25392 0.00418627 0.0389706
785 3.25396 0.00422214 0.0393449
786 3.25399 0.00425286 0.0395198
787 3.25402 0.00427789 0.0398863
788 3.25404 0.00429677 0.0400894
789 3.25405 0.0043092 0.0400369
790 3.25405 0.00431501 0.0396648
791 3.25405 0.00431419 0.0389959
792 3.25405 0.00430685 0.0380891
793 3.25403 0.00429323 0.036848
794 3.25401 0.00427372 0.0352586
795 3.25399 0.00424881 0.0334105
796 3.25396 0.00421907 0.0320587
797 3.25392 0.00418518 0.0334387
798 3.25389 0.00414784 0.0344752
799 3.25385 0.00410781 0.0353356
800 3.2538 0.00406588 0.0358016
801 3.25376 0.00402282 0.0359726
802 3.25372 0.00397941 0.0358718
803 3.25367 0.00393637 0.0355955
804 3.25363 0.00389441 0.0351609
805 3.25359 0.00385417 0.0345063
806 3.25355 0.00381626 0.034406
807 3.25352 0.0037812 0.0347879
808 3.25349 0.00374947 0.0351925
809 3.25346 0.00372146 0.0354278
810 3.25344 0.00369754 0.0355457
811 3.25342 0.00367796 0.0358786
812 3.2534 0.00366295 0.0360354
813 3.25339 0.00365266 0.0359628
814 3.25339 0.00364719 0.0358313
815 3.25338 0.00364657 0.0354077
816 3.25339 0.00365076 0.0346495
817 3.2534 0.00365969 0.0335822
818 3.25341 0.00367319 0.032297
819 3.25343 0.00369107 0.0307434
820 3.25345 0.00371303 0.0289164
821 3.25348 0.00373874 0.0294213
822 3.25351 0.00376781 0.0303697
823 3.25354 0.00379976 0.0310604
824 3.25357 0.00383408 0.0314104
825 3.25361 0.0038702 0.0316165
826 3.25365 0.00390753 0.0315548
827 3.25368 0.00394542 0.0312572
828 3.25372 0.0039832 0.0308113
829 3.25376 0.00402022 0.0301883
830 3.25379 0.0040558 0.029382
831 3.25383 0.00408931 0.0290298
832 3.25386 0.00412014 0.029303
833 3.25389 0.00414772 0.0296057
834 3.25391 0.00417157 0.0297792
835 3.25393 0.00419126 0.0300191
836 3.25394 0.00420647 0.0302076
837 3.25396 0.00421694 0.0302127
838 3.25396 0.00422253 0.0300102
839 3.25396 0.0042232 0.0295204
840 3.25396 0.00421901 0.0289223
841 3.25395 0.00421011 0.0280317
842 3.25394 0.00419674 0.0269093
843 3.25392 0.00417923 0.0255555
844 3.2539 0.00415798 0.0240387
845 3.25387 0.00413345 0.0249574
846 3.25384 0.00410615 0.0258004
847 3.25381 0.00407663 0.0265019
848 3.25378 0.00404545 0.0269209
849 3.25375 0.00401319 0.0271111
850 3.25372 0.00398043 0.027096
851 3.25369 0.00394772 0.0268633
852 3.25365 0.00391562 0.0266197
853 3.25362 0.00388463 0.0261253
854 3.25359 0.00385522 0.0258386
855 3.25357 0.00382784 0.0261098
856 3.25354 0.00380287 0.0264425
857 3.25352 0.00378065 0.0266568
858 3.2535 0.00376148 0.0267459
859 3.25348 0.00374559 0.026985
860 3.25347 0.00373318 0.0271385
861 3.25346 0.00372439 0.0271145
862 3.25346 0.00371931 0.027048
863 3.25346 0.00371797 0.0267771
864 3.25346 0.00372037 0.0262777
865 3.25346 0.00372643 0.025508
866 3.25347 0.00373604 0.0245985
867 3.25349 0.00374903 0.0234648
868 3.2535 0.00376519 0.0221445
869 3.25352 0.00378426 0.02194
870 3.25354 0.00380592 0.0227329
871 3.25357 0.00382982 0.0232971
872 3.25359 0.00385555 0.0236258
873 3.25362 0.00388271 0.0238048
874 3.25365 0.00391081 0.0238171
875 3.25368 0.00393939 0.0236147
876 3.25371 0.00396795 0.0233172
877 3.25373 0.00399599 0.0228827
878 3.25376 0.00402303 0.0222709
879 3.25379 0.00404857 0.0218502
880 3.25381 0.00407218 0.0220412
881 3.25383 0.00409344 0.0222678
882 3.25385 0.00411197 0.0224215
883 3.25387 0.00412747 0.0225804
884 3.25388 0.00413966 0.0227406
885 3.25389 0.00414837 0.0227849
886 3.25389 0.00415347 0.0226847
887 3.25389 0.0041549 0.0223612
888 3.25389 0.0041527 0.021941
889 3.25389 0.00414695 0.0213053
890 3.25388 0.00413782 0.0205149
891 3.25386 0.00412552 0.0195247
892 3.25385 0.00411032 0.0183836
893 3.25383 0.00409256 0.0186099
894 3.25381 0.0040726 0.0193109
895 3.25379 0.00405082 0.0198589
896 3.25377 0.00402764 0.0202382
897 3.25374 0.0040035 0.0204163
898 3.25372 0.00397881 0.0204482
899 3.25369 0.00395402 0.0203059
900 3.25367 0.00392953 0.0201372
901 3.25364 0.00390574 0.0197806
902 3.25362 0.00388304 0.0194508
903 3.2536 0.00386175 0.0196287
904 3.25358 0.00384221 0.0198654
905 3.25356 0.00382469 0.020048
906 3.25355 0.00380943 0.0201442
907 3.25353 0.00379664 0.0202871
908 3.25352 0.00378648 0.0204281
909 3.25352 0.00377908 0.0204429
910 3.25351 0.00377451 0.0204011
911 3.25351 0.00377282 0.0202369
912 3.25351 0.00377399 0.019914
913 3.25352 0.003778 0.01937
914 3.25352 0.00378475 0.0187182
915 3.25353 0.00379412 0.017891
916 3.25354 0.00380594 0.0169402
917 3.25356 0.00382001 0.0163469
918 3.25357 0.0038361 0.0170012
919 3.25359 0.00385393 0.0174584
920 3.25361 0.0038732 0.0177633
921 3.25363 0.00389359 0.0179166
922 3.25365 0.00391475 0.0179613
923 3.25367 0.00393631 0.0178407
924 3.2537 0.00395792 0.0176308
925 3.25372 0.00397918 0.0173311
926 3.25374 0.00399975 0.0169039
927 3.25376 0.00401925 0.0165149
928 3.25378 0.00403736 0.0165679
929 3.25379 0.00405376 0.0167411
930 3.25381 0.00406817 0.0168847
931 3.25382 0.00408035 0.0169808
932 3.25383 0.00409011 0.017115
933 3.25384 0.00409728 0.0171787
934 3.25384 0.00410177 0.0171365
935 3.25384 0.00410353 0.0169302
936 3.25384 0.00410257 0.0166316
937 3.25384 0.00409893 0.0161881
938 3.25383 0.00409272 0.015626
939 3.25382 0.00408409 0.0149045
940 3.25381 0.00407323 0.0140817
941 3.2538 0.00406037 0.013866
942 3.25378 0.00404577 0.0144414
943 3.25377 0.0040297 0.0148699
944 3.25375 0.00401249 0.0152039
945 3.25373 0.00399443 0.0153716
946 3.25371 0.00397586 0.0154183
947 3.2537 0.0039571 0.0153445
948 3.25368 0.00393846 0.0152203
949 3.25366 0.00392026 0.0149876
950 3.25364 0.00390278 0.0147036
951 3.25362 0.0038863 0.0147475
952 3.25361 0.00387108 0.0149264
953 3.2536 0.00385733 0.0150825
954 3.25358 0.00384525 0.0151704
955 3.25357 0.00383502 0.0152518
956 3.25357 0.00382677 0.0153747
957 3.25356 0.0038206 0.0154103
958 3.25355 0.00381659 0.0153821
959 3.25355 0.00381478 0.0152894
960 3.25355 0.00381517 0.0150787
961 3.25356 0.00381773 0.0147065
962 3.25356 0.00382241 0.0142332
963 3.25357 0.00382911 0.0136374
964 3.25358 0.00383771 0.0129466
965 3.25359 0.00384805 0.0121859
966 3.2536 0.00385997 0.0127033
967 3.25361 0.00387324 0.013076
968 3.25363 0.00388764 0.0133443
969 3.25364 0.00390293 0.0134782
970 3.25366 0.00391885 0.0135364
971 3.25367 0.00393512 0.0134783
972 3.25369 0.00395147 0.0133273
973 3.25371 0.00396761 0.0131154
974 3.25372 0.00398326 0.012826
975 3.25374 0.00399817 0.0124936
976 3.25375 0.00401207 0.012461
977 3.25376 0.00402473 0.0125852
978 3.25377 0.00403593 0.0127074
979 3.25378 0.0040455 0.0127676
980 3.25379 0.00405328 0.0128874
981 3.2538 0.00405914 0.012952
982 3.2538 0.00406301 0.0129379
983 3.2538 0.00406485 0.012818
984 3.2538 0.00406463 0.0125962
985 3.2538 0.00406239 0.012301
986 3.2538 0.00405821 0.0118945
987 3.25379 0.00405217 0.0113793
988 3.25378 0.00404442 0.0107763
989 3.25377 0.00403511 0.0103356
990 3.25376 0.00402443 0.0107899
991 3.25375 0.00401259 0.0111318
992 3.25374 0.00399981 0.0114132
993 3.25372 0.00398632 0.011566
994 3.25371 0.00397236 0.0116221
995 3.2537 0.00395819 0.0115912
996 3.25368 0.00394403 0.0114946
997 3.25367 0.00393013 0.0113523
998 3.25366 0.00391672 0.0111306
999 3.25364 0.003904 0.0110795
1000 3.25363 0.00389218 0.0112084
1001 3.25362 0.00388143 0.0113411
1002 3.25361 0.00387191 0.0114218
1003 3.2536 0.00386377 0.0114638
1004 3.2536 0.00385711 0.0115675
1005 3.25359 0.00385203 0.0116156
1006 3.25359 0.00384857 0.0115939
1007 3.25359 0.0038468 0.0115489
1008 3.25359 0.0038467 0.0114082
1009 3.25359 0.00384827 0.01116
1010 3.25359 0.00385146 0.0108142
1011 3.25359 0.00385622 0.0103926
1012 3.2536 0.00386244 0.00988645
1013 3.25361 0.00387001 0.00928944
1014 3.25362 0.0038788 0.00948344
1015 3.25363 0.00388866 0.00979354
1016 3.25364 0.00389941 0.0100183
1017 3.25365 0.00391086 0.0101316
1018 3.25366 0.00392283 0.0102008
1019 3.25367 0.0039351 0.0101796
1020 3.25369 0.00394747 0.0100737
1021 3.2537 0.00395971 0.00992613
1022 3.25371 0.00397164 0.00972657
1023 3.25372 0.00398303 0.00946558
1024 3.25373 0.00399371 0.0093682
1025 3.25374 0.00400348 0.00946489
1026 3.25375 0.00401219 0.00956255
1027 3.25376 0.0040197 0.00961862
1028 3.25376 0.00402588 0.0097012
1029 3.25377 0.00403065 0.00976002
1030 3.25377 0.00403393 0.00976326
1031 3.25377 0.00403568 0.00969833
1032 3.25377 0.0040359 0.00953627
1033 3.25377 0.00403459 0.00933965
1034 3.25377 0.0040318 0.00904762
1035 3.25377 0.0040276 0.00868178
1036 3.25376 0.00402207 0.00824002
1037 3.25375 0.00401534 0.00774999
1038 3.25375 0.00400754 0.00805441
1039 3.25374 0.00399881 0.00833271
1040 3.25373 0.00398933 0.00856088
1041 3.25372 0.00397926 0.0086977
1042 3.25371 0.00396879 0.00875966
1043 3.2537 0.00395809 0.00875582
1044 3.25369 0.00394736 0.00867587
1045 3.25368 0.00393677 0.00859514
1046 3.25366 0.00392649 0.00842868
1047 3.25366 0.0039167 0.00832498
1048 3.25365 0.00390754 0.00841503
1049 3.25364 0.00389917 0.00852384
1050 3.25363 0.0038917 0.00859507
1051 3.25362 0.00388525 0.00862709
1052 3.25362 0.00387991 0.00870155
1053 3.25361 0.00387575 0.00875032
1054 3.25361 0.00387282 0.00873755
1055 3.25361 0.00387116 0.00871759
1056 3.25361 0.00387079 0.00862767
1057 3.25361 0.00387168 0.00846311
1058 3.25361 0.00387383 0.00820995
1059 3.25362 0.00387717 0.00791456
1060 3.25362 0.00388165 0.00754469
1061 3.25363 0.00388717 0.00711236
1062 3.25363 0.00389364 0.00707305
1063 3.25364 0.00390094 0.00733176
1064 3.25365 0.00390895 0.0075152
1065 3.25366 0.00391752 0.00762144
1066 3.25366 0.00392651 0.00768167
1067 3.25367 0.00393576 0.00768428
1068 3.25368 0.00394511 0.00761671
1069 3.25369 0.00395441 0.0075129
1070 3.2537 0.00396348 0.00737334
1071 3.25371 0.00397219 0.00717533
1072 3.25372 0.00398039 0.00704532
1073 3.25373 0.00398794 0.00712056
1074 3.25373 0.0039947 0.00719396
1075 3.25374 0.00400059 0.00724442
1076 3.25374 0.00400549 0.00729901
1077 3.25375 0.00400935 0.00734879
1078 3.25375 0.00401209 0.00736357
1079 3.25375 0.0040137 0.00733212
1080 3.25375 0.00401414 0.00722498
1081 3.25375 0.00401343 0.00708603
1082 3.25375 0.0040116 0.00687787
1083 3.25375 0.00400869 0.00661872
1084 3.25374 0.00400477 0.0062956
1085 3.25374 0.00399991 0.00592286
1086 3.25373 0.00399421 0.00600716
1087 3.25373 0.00398779 0.00623842
1088 3.25372 0.00398076 0.00641623
1089 3.25371 0.00397325 0.00653943
1090 3.2537 0.0039654 0.00659773
1091 3.2537 0.00395734 0.00660877
1092 3.25369 0.00394921 0.00656112
1093 3.25368 0.00394115 0.00650315
1094 3.25367 0.0039333 0.00638465
1095 3.25366 0.00392577 0.00627463
1096 3.25366 0.0039187 0.00632801
1097 3.25365 0.00391219 0.00640491
1098 3.25364 0.00390635 0.0064661
1099 3.25364 0.00390126 0.00649724
1100 3.25364 0.00389699 0.0065435
1101 3.25363 0.00389361 0.00658725
1102 3.25363 0.00389116 0.00658905
1103 3.25363 0.00388967 0.00657601
1104 3.25363 0.00388915 0.00652107
1105 3.25363 0.00388961 0.00641413
1106 3.25363 0.00389102 0.00623478
1107 3.25363 0.00389334 0.00602288
1108 3.25363 0.00389655 0.00575299
1109 3.25364 0.00390056 0.00544124
1110 3.25364 0.00390531 0.00527096
1111 3.25365 0.00391071 0.0054841
1112 3.25366 0.00391666 0.00563286
1113 3.25366 0.00392307 0.00573122
1114 3.25367 0.00392981 0.00578275
1115 3.25368 0.00393678 0.00579615
1116 3.25368 0.00394384 0.00575588
1117 3.25369 0.00395089 0.00568217
1118 3.2537 0.00395781 0.00558566
1119 3.2537 0.00396446 0.00544464
1120 3.25371 0.00397075 0.00532231
1121 3.25371 0.00397658 0.0053527
1122 3.25372 0.00398183 0.00540974
1123 3.25372 0.00398644 0.00545637
1124 3.25373 0.00399032 0.00549057
1125 3.25373 0.00399342 0.00553325
1126 3.25373 0.0039957 0.00555217
1127 3.25374 0.00399711 0.00554024
1128 3.25374 0.00399766 0.00547131
1129 3.25374 0.00399734 0.00537247
1130 3.25373 0.00399616 0.00522678
1131 3.25373 0.00399416 0.00504244
1132 3.25373 0.00399138 0.00480718
1133 3.25373 0.00398788 0.00453854
1134 3.25372 0.00398373 0.00447789
1135 3.25372 0.00397901 0.00466722
1136 3.25371 0.0039738 0.00480589
1137 3.25371 0.00396821 0.0049138
1138 3.2537 0.00396233 0.00496865
1139 3.25369 0.00395626 0.00498437
1140 3.25369 0.00395011 0.00495928
1141 3.25368 0.00394399 0.00491658
1142 3.25368 0.00393799 0.00484009
1143 3.25367 0.00393222 0.00474591
1144 3.25367 0.00392677 0.00475692
1145 3.25366 0.00392173 0.00481466
1146 3.25366 0.00391717 0.00486486
1147 3.25365 0.00391316 0.00489366
1148 3.25365 0.00390977 0.0049227
1149 3.25365 0.00390704 0.0049587
1150 3.25364 0.00390501 0.00496875
1151 3.25364 0.0039037 0.00495956
1152 3.25364 0.00390313 0.00492761
1153 3.25364 0.0039033 0.00485766
1154 3.25364 0.0039042 0.00473438
1155 3.25364 0.00390581 0.00458067
1156 3.25365 0.00390808 0.00438542
1157 3.25365 0.00391099 0.00415945
1158 3.25365 0.00391446 0.00392597
1159 3.25366 0.00391845 0.00409864
1160 3.25366 0.00392287 0.00421982
1161 3.25367 0.00392765 0.00430642
1162 3.25367 0.0039327 0.00435126
1163 3.25368 0.00393794 0.00436909
1164 3.25368 0.00394328 0.00434912
1165 3.25369 0.00394863 0.00429679
1166 3.25369 0.00395389 0.0042283
1167 3.2537 0.00395897 0.00413249
1168 3.2537 0.0039638 0.00402566
1169 3.25371 0.00396829 0.00402407
1170 3.25371 0.00397236 0.00406773
1171 3.25371 0.00397596 0.0041075
1172 3.25372 0.00397903 0.00412945
1173 3.25372 0.00398152 0.00416778
1174 3.25372 0.00398338 0.00418678
1175 3.25372 0.00398461 0.00418338
1176 3.25372 0.00398518 0.00414341
1177 3.25372 0.0039851 0.00407014
1178 3.25372 0.00398437 0.00397214
1179 3.25372 0.003983 0.00383959
1180 3.25372 0.00398105 0.00367189
1181 3.25372 0.00397853 0.00347493
1182 3.25371 0.00397551 0.00333892
1183 3.25371 0.00397204 0.00348873
1184 3.25371 0.00396819 0.00359914
1185 3.2537 0.00396403 0.00369031
1186 3.2537 0.00395963 0.00373948
1187 3.25369 0.00395506 0.00375797
1188 3.25369 0.00395042 0.00374688
1189 3.25368 0.00394578 0.00371425
1190 3.25368 0.00394121 0.00366736
1191 3.25368 0.00393679 0.00359384
1192 3.25367 0.00393259 0.00357471
1193 3.25367 0.00392869 0.00361662
1194 3.25366 0.00392514 0.00365951
1195 3.25366 0.003922 0.00368579
1196 3.25366 0.00391931 0.00370193
1197 3.25366 0.00391711 0.00373206
1198 3.25365 0.00391545 0.00374696
1199 3.25365 0.00391432 0.00374014
1200 3.25365 0.00391376 0.00372302
1201 3.25365 0.00391375 0.0036762
1202 3.25365 0.00391431 0.00359373
1203 3.25365 0.0039154 0.00348134
1204 3.25366 0.00391701 0.00334273
1205 3.25366 0.0039191 0.00317742
1206 3.25366 0.00392163 0.00298081
1207 3.25366 0.00392457 0.00306047
1208 3.25367 0.00392784 0.00316101
1209 3.25367 0.00393141 0.00323395
1210 3.25367 0.00393519 0.00327165
1211 3.25368 0.00393913 0.00329344
1212 3.25368 0.00394316 0.0032856
1213 3.25369 0.00394721 0.00325058
1214 3.25369 0.00395121 0.00319951
1215 3.25369 0.00395509 0.00313493
1216 3.2537 0.00395879 0.00305041
1217 3.2537 0.00396225 0.00302691
1218 3.2537 0.00396541 0.00305975
1219 3.25371 0.00396822 0.00309163
1220 3.25371 0.00397063 0.0031097
1221 3.25371 0.00397262 0.00313802
1222 3.25371 0.00397414 0.00315596
1223 3.25371 0.00397519 0.00315747
1224 3.25371 0.00397574 0.00313602
1225 3.25371 0.0039758 0.00308248
1226 3.25371 0.00397536 0.00301731
1227 3.25371 0.00397444 0.00292181
1228 3.25371 0.00397307 0.0028026
1229 3.25371 0.00397127 0.00265842
1230 3.25371 0.00396908 0.00250194
1231 3.2537 0.00396654 0.00260539
1232 3.2537 0.00396369 0.00269586
1233 3.2537 0.00396059 0.00276944
1234 3.2537 0.0039573 0.00281355
1235 3.25369 0.00395388 0.00283344
1236 3.25369 0.00395037 0.00283125
1237 3.25369 0.00394685 0.00280455
1238 3.25368 0.00394337 0.00277769
1239 3.25368 0.00394 0.00272241
1240 3.25368 0.00393677 0.00268706
1241 3.25367 0.00393376 0.00271654
1242 3.25367 0.003931 0.00275137
1243 3.25367 0.00392854 0.00277477
1244 3.25366 0.00392642 0.00278637
1245 3.25366 0.00392466 0.00280886
1246 3.25366 0.0039233 0.00282347
1247 3.25366 0.00392235 0.00281875
1248 3.25366 0.00392182 0.00281113
1249 3.25366 0.00392172 0.00278097
1250 3.25366 0.00392203 0.00272623
1251 3.25366 0.00392277 0.00264391
1252 3.25366 0.00392389 0.00254645
1253 3.25366 0.0039254 0.00242555
1254 3.25367 0.00392724 0.00228332
1255 3.25367 0.0039294 0.00228315
1256 3.25367 0.00393182 0.00236701
1257 3.25367 0.00393447 0.00242663
1258 3.25368 0.0039373 0.00246047
1259 3.25368 0.00394026 0.00248089
1260 3.25368 0.0039433 0.00248102
1261 3.25368 0.00394636 0.00245849
1262 3.25369 0.0039494 0.00242264
1263 3.25369 0.00395236 0.00237733
1264 3.25369 0.0039552 0.00231303
1265 3.2537 0.00395786 0.00227635
1266 3.2537 0.0039603 0.00230253
1267 3.2537 0.00396249 0.00232662
1268 3.2537 0.00396439 0.00234306
1269 3.2537 0.00396597 0.00236184
1270 3.25371 0.00396721 0.00237717
1271 3.25371 0.00396809 0.00238213
1272 3.25371 0.0039686 0.00237177
1273 3.25371 0.00396873 0.00233614
1274 3.25371 0.00396849 0.00229034
1275 3.25371 0.00396788 0.00222239
1276 3.25371 0.00396693 0.00213751
1277 3.2537 0.00396564 0.00203204
1278 3.2537 0.00396405 0.00190974
1279 3.2537 0.00396219 0.00194399
1280 3.2537 0.00396009 0.00201931
1281 3.2537 0.00395779 0.00207666
1282 3.25369 0.00395534 0.00211633
1283 3.25369 0.00395277 0.00213516
1284 3.25369 0.00395013 0.00213775
1285 3.25369 0.00394746 0.00212155
1286 3.25368 0.00394481 0.00210246
1287 3.25368 0.00394224 0.00206334
1288 3.25368 0.00393976 0.00202629
1289 3.25368 0.00393744 0.00204336
1290 3.25367 0.0039353 0.00206819
1291 3.25367 0.00393338 0.00208837
1292 3.25367 0.00393171 0.00209903
1293 3.25367 0.00393031 0.00211365
1294 3.25367 0.00392921 0.00212617
1295 3.25367 0.00392841 0.0021257
1296 3.25367 0.00392793 0.00212158
1297 3.25367 0.00392777 0.00210268
1298 3.25367 0.00392794 0.00206694
1299 3.25367 0.00392842 0.00200758
1300 3.25367 0.00392921 0.00193846
1301 3.25367 0.00393028 0.00185043
1302 3.25367 0.00393162 0.00174779
1303 3.25367 0.0039332 0.00170181
1304 3.25367 0.00393499 0.00177099
1305 3.25368 0.00393695 0.00181935
1306 3.25368 0.00393907 0.00185082
1307 3.25368 0.00394129 0.00186809
1308 3.25368 0.00394358 0.00187206
1309 3.25368 0.00394589 0.00185856
1310 3.25369 0.0039482 0.00183318
1311 3.25369 0.00395046 0.00180172
1312 3.25369 0.00395263 0.00175498
1313 3.25369 0.00395468 0.00171714
1314 3.25369 0.00395657 0.00173153
1315 3.2537 0.00395827 0.00175013
1316 3.2537 0.00395976 0.00176526
1317 3.2537 0.00396102 0.00177725
1318 3.2537 0.00396202 0.0017908
1319 3.2537 0.00396275 0.00179653
1320 3.2537 0.0039632 0.00179281
1321 3.2537 0.00396337 0.0017698
1322 3.2537 0.00396325 0.00173735
1323 3.2537 0.00396286 0.00168956
1324 3.2537 0.0039622 0.00162921
1325 3.2537 0.00396129 0.00155216
1326 3.2537 0.00396014 0.00146403
1327 3.2537 0.00395878 0.00144939
1328 3.2537 0.00395723 0.00151119
1329 3.25369 0.00395553 0.00155599
1330 3.25369 0.00395369 0.00159109
1331 3.25369 0.00395177 0.00160877
1332 3.25369 0.00394978 0.00161318
1333 3.25369 0.00394776 0.00160414
1334 3.25368 0.00394575 0.00159015
1335 3.25368 0.00394379 0.00156483
1336 3.25368 0.00394189 0.00153321
1337 3.25368 0.0039401 0.00153676
1338 3.25368 0.00393845 0.0015556
1339 3.25368 0.00393695 0.00157153
1340 3.25367 0.00393564 0.00158195
1341 3.25367 0.00393453 0.00159089
1342 3.25367 0.00393364 0.00160086
1343 3.25367 0.00393298 0.00160367
1344 3.25367 0.00393256 0.001601
1345 3.25367 0.00393238 0.00158928
1346 3.25367 0.00393245 0.00156599
1347 3.25367 0.00393276 0.00152496
1348 3.25367 0.0039333 0.00147493
1349 3.25367 0.00393406 0.00141104
1350 3.25367 0.00393503 0.0013368
1351 3.25367 0.00393618 0.00126767
1352 3.25368 0.0039375 0.00132395
1353 3.25368 0.00393896 0.00136328
1354 3.25368 0.00394054 0.00139114
1355 3.25368 0.0039422 0.0014061
1356 3.25368 0.00394392 0.00141157
1357 3.25368 0.00394567 0.00140454
1358 3.25369 0.00394742 0.00138739
1359 3.25369 0.00394914 0.00136449
1360 3.25369 0.0039508 0.00133267
1361 3.25369 0.00395238 0.00129919
1362 3.25369 0.00395384 0.00130166
1363 3.25369 0.00395516 0.00131626
1364 3.25369 0.00395633 0.00132923
1365 3.2537 0.00395732 0.00133711
1366 3.2537 0.00395813 0.0013494
1367 3.2537 0.00395873 0.00135486
1368 3.2537 0.00395912 0.00135423
1369 3.2537 0.0039593 0.00134082
1370 3.2537 0.00395926 0.00131689
1371 3.2537 0.00395901 0.00128458
1372 3.2537 0.00395856 0.00124103
1373 3.2537 0.00395792 0.00118597
1374 3.2537 0.00395709 0.00112145
1375 3.25369 0.0039561 0.00108075
1376 3.25369 0.00395496 0.00112989
1377 3.25369 0.0039537 0.00116542
1378 3.25369 0.00395233 0.00119529
1379 3.25369 0.00395089 0.00121134
1380 3.25369 0.0039494 0.00121689
1381 3.25369 0.00394787 0.00121242
1382 3.25368 0.00394635 0.00120175
1383 3.25368 0.00394485 0.00118613
1384 3.25368 0.0039434 0.00116149
1385 3.25368 0.00394203 0.00115521
1386 3.25368 0.00394075 0.00116924
1387 3.25368 0.00393958 0.00118279
1388 3.25368 0.00393855 0.00119181
1389 3.25368 0.00393767 0.00119716
1390 3.25368 0.00393696 0.00120578
1391 3.25367 0.00393642 0.00120976
1392 3.25367 0.00393605 0.00120777
1393 3.25367 0.00393588 0.00120129
1394 3.25367 0.00393588 0.00118561
1395 3.25367 0.00393607 0.00115808
1396 3.25367 0.00393644 0.00112149
1397 3.25368 0.00393698 0.00107612
1398 3.25368 0.00393768 0.00102178
1399 3.25368 0.00393852 0.000956893
1400 3.25368 0.00393949 0.00098887
1401 3.25368 0.00394057 0.00102138
1402 3.25368 0.00394175 0.00104503
1403 3.25368 0.00394299 0.00105756
1404 3.25368 0.00394429 0.00106435
1405 3.25368 0.00394561 0.00106145
1406 3.25369 0.00394693 0.00104986
1407 3.25369 0.00394824 0.00103263
1408 3.25369 0.00394951 0.00101141
1409 3.25369 0.00395072 0.000984082
1410 3.25369 0.00395185 0.000979436
1411 3.25369 0.00395287 0.000990275
1412 3.25369 0.00395379 0.00100074
1413 3.25369 0.00395457 0.00100678
1414 3.25369 0.00395521 0.00101619
1415 3.25369 0.0039557 0.00102163
1416 3.25369 0.00395604 0.00102232
1417 3.25369 0.00395621 0.00101529
1418 3.25369 0.00395622 0.000997899
1419 3.25369 0.00395608 0.000976062
1420 3.25369 0.00395577 0.000944677
1421 3.25369 0.00395532 0.000905609
1422 3.25369 0.00395472 0.000858344
1423 3.25369 0.003954 0.000808769
1424 3.25369 0.00395317 0.000844003
1425 3.25369 0.00395223 0.000873246
1426 3.25369 0.00395122 0.000897279
1427 3.25369 0.00395014 0.000911644
1428 3.25369 0.00394902 0.000917901
1429 3.25369 0.00394787 0.000916644
1430 3.25369 0.00394671 0.000907798
1431 3.25368 0.00394557 0.000898733
1432 3.25368 0.00394446 0.00088028
1433 3.25368 0.00394341 0.000868705
1434 3.25368 0.00394242 0.000878607
1435 3.25368 0.00394152 0.000889746
1436 3.25368 0.00394071 0.000897434
1437 3.25368 0.00394002 0.000901295
1438 3.25368 0.00393945 0.000908188
1439 3.25368 0.003939 0.000911921
1440 3.25368 0.0039387 0.000910553
1441 3.25368 0.00393853 0.000907523
1442 3.25368 0.0039385 0.000897185
1443 3.25368 0.00393861 0.000878922
1444 3.25368 0.00393886 0.000852126
1445 3.25368 0.00393924 0.000820207
1446 3.25368 0.00393974 0.000780397
1447 3.25368 0.00394035 0.000733508
1448 3.25368 0.00394106 0.000737907
1449 3.25368 0.00394186 0.000765035
1450 3.25368 0.00394273 0.0007844
1451 3.25368 0.00394367 0.0007952
1452 3.25368 0.00394464 0.000802044
1453 3.25368 0.00394564 0.000801819
1454 3.25368 0.00394664 0.000794295
1455 3.25369 0.00394763 0.000782069
1456 3.25369 0.0039486 0.000767319
1457 3.25369 0.00394953 0.000746497
1458 3.25369 0.0039504 0.000736738
1459 3.25369 0.00395119 0.000745448
1460 3.25369 0.00395191 0.000753309
1461 3.25369 0.00395252 0.000758677
1462 3.25369 0.00395304 0.000765074
1463 3.25369 0.00395344 0.000769788
1464 3.25369 0.00395372 0.000771496
1465 3.25369 0.00395388 0.000768206
1466 3.25369 0.00395392 0.000756513
1467 3.25369 0.00395383 0.000741185
1468 3.25369 0.00395363 0.000718803
1469 3.25369 0.00395331 0.000690949
1470 3.25369 0.00395289 0.000656423
1471 3.25369 0.00395237 0.000616198
1472 3.25369 0.00395175 0.000629875
1473 3.25369 0.00395106 0.00065427
1474 3.25369 0.00395031 0.000672997
1475 3.25369 0.0039495 0.000685828
1476 3.25369 0.00394866 0.00069188
1477 3.25369 0.00394779 0.000692486
1478 3.25369 0.00394692 0.000687054
1479 3.25368 0.00394605 0.000680609
1480 3.25368 0.00394521 0.000667631
1481 3.25368 0.0039444 0.000655383
1482 3.25368 0.00394364 0.000660969
1483 3.25368 0.00394294 0.000669124
1484 3.25368 0.00394231 0.000675551
1485 3.25368 0.00394176 0.000679233
1486 3.25368 0.00394131 0.000683853
1487 3.25368 0.00394095 0.000687065
1488 3.25368 0.00394069 0.00068654
1489 3.25368 0.00394054 0.000685222
1490 3.25368 0.00394049 0.000678654
1491 3.25368 0.00394055 0.000666658
1492 3.25368 0.00394071 0.000647004
1493 3.25368 0.00394097 0.0006247
1494 3.25368 0.00394133 0.000595682
1495 3.25368 0.00394178 0.000561846
1496 3.25368 0.0039423 0.000550148
1497 3.25368 0.00394289 0.000572566
1498 3.25368 0.00394354 0.000588287
1499 3.25368 0.00394423 0.000598319
1500 3.25368 0.00394496 0.000604085
1501 3.25368 0.00394571 0.000605249
1502 3.25368 0.00394647 0.000600715
1503 3.25369 0.00394723 0.000592342
1504 3.25369 0.00394797 0.00058181
1505 3.25369 0.00394868 0.000566492
1506 3.25369 0.00394935 0.000554951
1507 3.25369 0.00394996 0.000560941
1508 3.25369 0.00395052 0.000566811
1509 3.25369 0.003951 0.000571684
1510 3.25369 0.00395141 0.000575854
1511 3.25369 0.00395173 0.000580153
1512 3.25369 0.00395197 0.00058191
1513 3.25369 0.00395211 0.00058089
1514 3.25369 0.00395216 0.000573271
1515 3.25369 0.00395212 0.000562459
1516 3.25369 0.00395199 0.000546655
1517 3.25369 0.00395177 0.000526786
1518 3.25369 0.00395147 0.000501576
1519 3.25369 0.00395109 0.000472572
1520 3.25369 0.00395064 0.000469699
1521 3.25369 0.00395013 0.000489763
1522 3.25369 0.00394957 0.000504364
1523 3.25369 0.00394897 0.00051575
1524 3.25369 0.00394834 0.000521408
1525 3.25369 0.00394769 0.000522729
1526 3.25369 0.00394703 0.000519782
1527 3.25368 0.00394637 0.000515074
1528 3.25368 0.00394572 0.000506613
1529 3.25368 0.0039451 0.000496157
1530 3.25368 0.00394452 0.000497379
1531 3.25368 0.00394397 0.000503438
1532 3.25368 0.00394349 0.000508429
1533 3.25368 0.00394306 0.000512086
1534 3.25368 0.00394269 0.000515022
1535 3.25368 0.0039424 0.000517722
1536 3.25368 0.00394219 0.000518104
1537 3.25368 0.00394206 0.000517389
1538 3.25368 0.003942 0.000513155
1539 3.25368 0.00394203 0.000505314
1540 3.25368 0.00394213 0.000491639
1541 3.25368 0.00394231 0.000475502
1542 3.25368 0.00394257 0.000454413
1543 3.25368 0.00394289 0.00043001
1544 3.25368 0.00394327 0.000409845
1545 3.25368 0.00394371 0.000428166
1546 3.25368 0.00394419 0.000440922
1547 3.25368 0.00394471 0.000449875
1548 3.25368 0.00394525 0.000454849
1549 3.25368 0.00394582 0.000456536
1550 3.25368 0.00394639 0.000454042
1551 3.25369 0.00394697 0.00044843
1552 3.25369 0.00394753 0.000440824
1553 3.25369 0.00394807 0.000430233
1554 3.25369 0.00394859 0.000419743
1555 3.25369 0.00394906 0.000421754
1556 3.25369 0.00394949 0.00042635
1557 3.25369 0.00394987 0.00043059
1558 3.25369 0.0039502 0.000433361
1559 3.25369 0.00395046 0.000437307
1560 3.25369 0.00395065 0.00043894
1561 3.25369 0.00395078 0.000438953
1562 3.25369 0.00395083 0.000434415
1563 3.25369 0.00395082 0.000426494
1564 3.25369 0.00395073 0.000415755
1565 3.25369 0.00395058 0.000401445
1566 3.25369 0.00395037 0.000383296
1567 3.25369 0.0039501 0.000362144
1568 3.25369 0.00394977 0.000350199
1569 3.25369 0.0039494 0.000366281
1570 3.25369 0.00394898 0.000377833
1571 3.25369 0.00394853 0.000387541
1572 3.25369 0.00394806 0.000392715
1573 3.25369 0.00394757 0.000394451
1574 3.25369 0.00394707 0.000392982
1575 3.25368 0.00394657 0.000389515
1576 3.25368 0.00394608 0.000384214
1577 3.25368 0.0039456 0.00037607
1578 3.25368 0.00394515 0.000374021
1579 3.25368 0.00394473 0.000378581
1580 3.25368 0.00394435 0.000382846
1581 3.25368 0.00394402 0.00038591
1582 3.25368 0.00394373 0.00038769
1583 3.25368 0.0039435 0.000390323
1584 3.25368 0.00394332 0.000390989
1585 3.25368 0.00394321 0.000390426
1586 3.25368 0.00394315 0.000388038
1587 3.25368 0.00394316 0.00038274
1588 3.25368 0.00394322 0.000373542
1589 3.25368 0.00394334 0.0003617
1590 3.25368 0.00394352 0.000346751
1591 3.25368 0.00394375 0.00032888
1592 3.25368 0.00394403 0.000307463
1593 3.25368 0.00394435 0.000319892
1594 3.25368 0.00394471 0.000330389
1595 3.25368 0.0039451 0.000338052
1596 3.25368 0.00394551 0.000342221
1597 3.25368 0.00394593 0.000344316
1598 3.25368 0.00394636 0.000343258
1599 3.25369 0.0039468 0.000339426
1600 3.25369 0.00394723 0.000333753
1601 3.25369 0.00394764 0.000326661
1602 3.25369 0.00394804 0.000317815
1603 3.25369 0.00394841 0.000317258
1604 3.25369 0.00394874 0.0003209
1605 3.25369 0.00394904 0.000324238
1606 3.25369 0.00394929 0.000326244
1607 3.25369 0.0039495 0.000329381
1608 3.25369 0.00394966 0.000331024
1609 3.25369 0.00394977 0.000331436
1610 3.25369 0.00394982 0.000329047
1611 3.25369 0.00394982 0.000323311
1612 3.25369 0.00394977 0.000315998
1613 3.25369 0.00394967 0.000305704
1614 3.25369 0.00394952 0.000292831
1615 3.25369 0.00394932 0.000277324
1616 3.25369 0.00394909 0.00026167
1617 3.25369 0.00394881 0.000273672
1618 3.25369 0.0039485 0.000283178
1619 3.25369 0.00394817 0.00029099
1620 3.25369 0.00394782 0.000295623
1621 3.25369 0.00394745 0.000297604
1622 3.25369 0.00394707 0.000297205
1623 3.25369 0.00394669 0.000294387
1624 3.25368 0.00394632 0.000291266
1625 3.25368 0.00394595 0.00028516
1626 3.25368 0.00394561 0.00028137
1627 3.25368 0.00394529 0.000284588
1628 3.25368 0.00394499 0.000288099
1629 3.25368 0.00394473 0.000290704
1630 3.25368 0.0039445 0.00029187
1631 3.25368 0.00394432 0.000294119
1632 3.25368 0.00394417 0.000294989
1633 3.25368 0.00394407 0.000294438
1634 3.25368 0.00394402 0.000293264
1635 3.25368 0.00394401 0.000289758
1636 3.25368 0.00394405 0.000283632
1637 3.25368 0.00394413 0.00027493
1638 3.25368 0.00394426 0.000264433
1639 3.25368 0.00394443 0.000251339
1640 3.25368 0.00394463 0.000235855
1641 3.25368 0.00394486 0.000238774
1642 3.25368 0.00394513 0.00024754
1643 3.25368 0.00394542 0.000253828
1644 3.25368 0.00394572 0.000257362
1645 3.25368 0.00394604 0.000259556
1646 3.25368 0.00394637 0.000259388
1647 3.25369 0.0039467 0.000256886
1648 3.25369 0.00394702 0.000252827
1649 3.25369 0.00394734 0.000247918
1650 3.25369 0.00394764 0.00024118
1651 3.25369 0.00394793 0.000238693
1652 3.25369 0.00394819 0.000241632
1653 3.25369 0.00394842 0.000244141
1654 3.25369 0.00394862 0.000245934
1655 3.25369 0.00394879 0.000248054
1656 3.25369 0.00394892 0.000249508
1657 3.25369 0.00394901 0.000250168
1658 3.25369 0.00394906 0.00024905
1659 3.25369 0.00394907 0.000245176
1660 3.25369 0.00394904 0.000240028
1661 3.25369 0.00394897 0.00023267
1662 3.25369 0.00394887 0.000223531
1663 3.25369 0.00394873 0.000212195
1664 3.25369 0.00394855 0.000198974
1665 3.25369 0.00394835 0.000204284
1666 3.25369 0.00394812 0.000212224
1667 3.25369 0.00394788 0.000218302
1668 3.25369 0.00394761 0.000222432
1669 3.25369 0.00394733 0.000224399
1670 3.25369 0.00394705 0.000224612
1671 3.25369 0.00394676 0.000222848
1672 3.25368 0.00394648 0.000220695
1673 3.25368 0.0039462 0.000216359
1674 3.25368 0.00394594 0.000212295
1675 3.25368 0.00394569 0.000214166
1676 3.25368 0.00394546 0.000216765
1677 3.25368 0.00394525 0.000218867
1678 3.25368 0.00394508 0.000220024
1679 3.25368 0.00394493 0.000221539
1680 3.25368 0.00394481 0.000222466
1681 3.25368 0.00394473 0.000221975
1682 3.25368 0.00394468 0.000221539
1683 3.25368 0.00394467 0.000219292
1684 3.25368 0.00394469 0.000215228
1685 3.25368 0.00394474 0.000208824
1686 3.25368 0.00394483 0.000201511
1687 3.25368 0.00394495 0.000191943
1688 3.25368 0.00394509 0.000180783
1689 3.25368 0.00394527 0.000178061
1690 3.25368 0.00394546 0.00018532
1691 3.25368 0.00394568 0.000190428
1692 3.25368 0.0039459 0.00019362
1693 3.25368 0.00394614 0.000195539
1694 3.25368 0.00394639 0.000195874
1695 3.25368 0.00394664 0.000194355
1696 3.25369 0.00394689 0.000191589
1697 3.25369 0.00394713 0.000188067
1698 3.25369 0.00394736 0.000183077
1699 3.25369 0.00394758 0.000179591
1700 3.25369 0.00394778 0.000181886
1701 3.25369 0.00394796 0.000183756
1702 3.25369 0.00394812 0.00018531
1703 3.25369 0.00394825 0.000186749
1704 3.25369 0.00394836 0.000188112
1705 3.25369 0.00394843 0.000188733
1706 3.25369 0.00394848 0.000188378
1707 3.25369 0.00394849 0.00018583
1708 3.25369 0.00394848 0.00018222
1709 3.25369 0.00394843 0.000176996
1710 3.25369 0.00394836 0.000170491
1711 3.25369 0.00394826 0.000162221
1712 3.25369 0.00394814 0.000152682
1713 3.25369 0.00394799 0.000152365
1714 3.25369 0.00394782 0.000158904
1715 3.25369 0.00394764 0.000163634
1716 3.25369 0.00394744 0.000167321
1717 3.25369 0.00394723 0.000169141
1718 3.25369 0.00394702 0.000169612
1719 3.25369 0.0039468 0.000168645
1720 3.25368 0.00394658 0.000167088
1721 3.25368 0.00394637 0.000164257
1722 3.25368 0.00394617 0.000160755
1723 3.25368 0.00394598 0.000161189
1724 3.25368 0.0039458 0.000163156
1725 3.25368 0.00394564 0.000164718
1726 3.25368 0.0039455 0.000165915
1727 3.25368 0.00394538 0.000166889
1728 3.25368 0.00394529 0.000167716
1729 3.25368 0.00394522 0.000167613
1730 3.25368 0.00394518 0.000167362
1731 3.25368 0.00394516 0.000165861
1732 3.25368 0.00394517 0.000163213
1733 3.25368 0.00394521 0.000158655
1734 3.25368 0.00394527 0.000153459
1735 3.25368 0.00394535 0.00014649
1736 3.25368 0.00394546 0.000138454
1737 3.25368 0.00394558 0.000132679
1738 3.25368 0.00394573 0.000138624
1739 3.25368 0.00394589 0.000142761
1740 3.25368 0.00394606 0.000145634
1741 3.25368 0.00394624 0.000147282
1742 3.25368 0.00394642 0.0001478
1743 3.25368 0.00394661 0.000146937
1744 3.25369 0.0039468 0.000145082
1745 3.25369 0.00394698 0.000142557
1746 3.25369 0.00394716 0.000139032
1747 3.25369 0.00394733 0.000135748
1748 3.25369 0.00394748 0.000136798
1749 3.25369 0.00394763 0.00013825
1750 3.25369 0.00394775 0.000139622
1751 3.25369 0.00394785 0.00014058
1752 3.25369 0.00394794 0.000141843
1753 3.25369 0.003948 0.000142384
1754 3.25369 0.00394804 0.000142397
1755 3.25369 0.00394806 0.00014085
1756 3.25369 0.00394805 0.000138224
1757 3.25369 0.00394802 0.000134652
1758 3.25369 0.00394797 0.000129956
1759 3.25369 0.0039479 0.000123999
1760 3.25369 0.00394781 0.000117056
1761 3.25369 0.0039477 0.000113594
1762 3.25369 0.00394758 0.000118869
1763 3.25369 0.00394744 0.000122601
1764 3.25369 0.0039473 0.000125759
1765 3.25369 0.00394714 0.000127436
1766 3.25369 0.00394698 0.000128025
1767 3.25369 0.00394682 0.000127542
1768 3.25369 0.00394665 0.000126399
1769 3.25368 0.00394649 0.000124635
1770 3.25368 0.00394634 0.000121888
1771 3.25368 0.00394619 0.000121238
1772 3.25368 0.00394605 0.000122739
1773 3.25368 0.00394593 0.000124079
1774 3.25368 0.00394582 0.000125085
1775 3.25368 0.00394573 0.000125667
1776 3.25368 0.00394565 0.000126487
1777 3.25368 0.00394559 0.000126601
1778 3.25368 0.00394556 0.000126345
1779 3.25368 0.00394554 0.000125463
1780 3.25368 0.00394554 0.000123691
1781 3.25368 0.00394556 0.000120603
1782 3.25368 0.0039456 0.000116791
1783 3.25368 0.00394566 0.000111837
1784 3.25368 0.00394574 0.000105958
1785 3.25368 0.00394583 9.91673e-05
1786 3.25368 0.00394594 0.000103599
1787 3.25368 0.00394606 0.000106989
1788 3.25368 0.00394618 0.000109468
1789 3.25368 0.00394632 0.000110851
1790 3.25368 0.00394646 0.000111493
1791 3.25368 0.0039466 0.000111112
1792 3.25369 0.00394674 0.000109843
1793 3.25369 0.00394688 0.000107985
1794 3.25369 0.00394702 0.000105607
1795 3.25369 0.00394715 0.000102744
1796 3.25369 0.00394727 0.000102893
1797 3.25369 0.00394738 0.000104105
1798 3.25369 0.00394747 0.000105149
1799 3.25369 0.00394756 0.000105811
1800 3.25369 0.00394762 0.000106867
1801 3.25369 0.00394768 0.00010738
1802 3.25369 0.00394771 0.000107552
1803 3.25369 0.00394773 0.000106721
1804 3.25369 0.00394773 0.000104828
1805 3.25369 0.00394771 0.000102385
1806 3.25369 0.00394768 9.90074e-05
1807 3.25369 0.00394763 9.47643e-05
1808 3.25369 0.00394756 8.96781e-05
1809 3.25369 0.00394748 8.47451e-05
1810 3.25369 0.00394739 8.88349e-05
1811 3.25369 0.00394729 9.19068e-05
1812 3.25369 0.00394718 9.44549e-05
1813 3.25369 0.00394706 9.59527e-05
1814 3.25369 0.00394694 9.66073e-05
1815 3.25369 0.00394682 9.64674e-05
1816 3.25369 0.00394669 9.55577e-05
1817 3.25368 0.00394657 9.45144e-05
1818 3.25368 0.00394645 9.24629e-05
1819 3.25368 0.00394634 9.12216e-05
1820 3.25368 0.00394623 9.2284e-05
1821 3.25368 0.00394614 9.34122e-05
1822 3.25368 0.00394605 9.42753e-05
1823 3.25368 0.00394598 9.46009e-05
1824 3.25368 0.00394592 9.53401e-05
1825 3.25368 0.00394587 9.55714e-05
1826 3.25368 0.00394584 9.53368e-05
1827 3.25368 0.00394582 9.48647e-05
1828 3.25368 0.00394582 9.36816e-05
1829 3.25368 0.00394584 9.16168e-05
1830 3.25368 0.00394586 8.88166e-05
1831 3.25368 0.00394591 8.53332e-05
1832 3.25368 0.00394596 8.10254e-05
1833 3.25368 0.00394603 7.59114e-05
1834 3.25368 0.0039461 7.73496e-05
1835 3.25368 0.00394619 8.01807e-05
1836 3.25368 0.00394629 8.22215e-05
1837 3.25368 0.00394639 8.3385e-05
1838 3.25368 0.00394649 8.40778e-05
1839 3.25368 0.0039466 8.39918e-05
1840 3.25369 0.00394671 8.31609e-05
1841 3.25369 0.00394681 8.18141e-05
1842 3.25369 0.00394692 8.01775e-05
1843 3.25369 0.00394702 7.79941e-05
1844 3.25369 0.00394711 7.74061e-05
1845 3.25369 0.00394719 7.83912e-05
1846 3.25369 0.00394727 7.91994e-05
1847 3.25369 0.00394734 7.97918e-05
1848 3.25369 0.00394739 8.04941e-05
1849 3.25369 0.00394743 8.0962e-05
1850 3.25369 0.00394746 8.11828e-05
1851 3.25369 0.00394748 8.08002e-05
1852 3.25369 0.00394748 7.95163e-05
1853 3.25369 0.00394747 7.7789e-05
1854 3.25369 0.00394745 7.53809e-05
1855 3.25369 0.00394741 7.23659e-05
1856 3.25369 0.00394737 6.86451e-05
1857 3.25369 0.00394731 6.43038e-05
1858 3.25369 0.00394724 6.63246e-05
1859 3.25369 0.00394717 6.88954e-05
1860 3.25369 0.00394709 7.08803e-05
1861 3.25369 0.003947 7.22086e-05
1862 3.25369 0.00394691 7.28643e-05
1863 3.25369 0.00394681 7.29252e-05
1864 3.25369 0.00394672 7.23441e-05
1865 3.25368 0.00394663 7.16385e-05
1866 3.25368 0.00394654 7.01834e-05
1867 3.25368 0.00394645 6.88222e-05
1868 3.25368 0.00394637 6.94673e-05
1869 3.25368 0.00394629 7.02998e-05
1870 3.25368 0.00394623 7.10089e-05
1871 3.25368 0.00394617 7.13482e-05
1872 3.25368 0.00394612 7.1836e-05
1873 3.25368 0.00394608 7.21113e-05
1874 3.25368 0.00394606 7.19317e-05
1875 3.25368 0.00394604 7.17049e-05
1876 3.25368 0.00394604 7.09262e-05
1877 3.25368 0.00394604 6.95519e-05
1878 3.25368 0.00394606 6.74914e-05
1879 3.25368 0.00394609 6.50628e-05
1880 3.25368 0.00394613 6.19096e-05
1881 3.25368 0.00394618 5.82258e-05
1882 3.25368 0.00394624 5.7696e-05
1883 3.25368 0.0039463 6.00451e-05
1884 3.25368 0.00394637 6.17044e-05
1885 3.25368 0.00394645 6.27251e-05
1886 3.25368 0.00394652 6.33561e-05
1887 3.25368 0.00394661 6.34491e-05
1888 3.25369 0.00394669 6.29392e-05
1889 3.25369 0.00394677 6.20236e-05
1890 3.25369 0.00394685 6.08485e-05
1891 3.25369 0.00394692 5.92214e-05
1892 3.25369 0.00394699 5.82327e-05
1893 3.25369 0.00394706 5.90274e-05
1894 3.25369 0.00394712 5.96365e-05
1895 3.25369 0.00394717 6.01286e-05
1896 3.25369 0.00394721 6.0614e-05
1897 3.25369 0.00394725 6.10593e-05
1898 3.25369 0.00394727 6.12642e-05
1899 3.25369 0.00394729 6.1133e-05
1900 3.25369 0.00394729 6.02822e-05
1901 3.25369 0.00394729 5.90759e-05
1902 3.25369 0.00394727 5.73494e-05
1903 3.25369 0.00394725 5.5219e-05
1904 3.25369 0.00394721 5.25045e-05
1905 3.25369 0.00394717 4.93676e-05
1906 3.25369 0.00394712 4.94762e-05
1907 3.25369 0.00394707 5.15995e-05
1908 3.25369 0.00394701 5.31435e-05
1909 3.25369 0.00394694 5.43343e-05
1910 3.25369 0.00394687 5.49283e-05
1911 3.25369 0.0039468 5.50828e-05
1912 3.25369 0.00394673 5.47645e-05
1913 3.25369 0.00394666 5.42554e-05
1914 3.25368 0.00394659 5.33061e-05
1915 3.25368 0.00394653 5.21241e-05
1916 3.25368 0.00394646 5.22833e-05
1917 3.25368 0.00394641 5.29256e-05
1918 3.25368 0.00394635 5.34614e-05
1919 3.25368 0.00394631 5.38178e-05
1920 3.25368 0.00394627 5.4127e-05
1921 3.25368 0.00394624 5.43868e-05
1922 3.25368 0.00394622 5.43101e-05
1923 3.25368 0.0039462 5.41953e-05
1924 3.25368 0.0039462 5.36627e-05
1925 3.25368 0.0039462 5.2774e-05
1926 3.25368 0.00394621 5.12646e-05
1927 3.25368 0.00394623 4.95713e-05
1928 3.25368 0.00394626 4.72742e-05
1929 3.25368 0.0039463 4.46218e-05
1930 3.25368 0.00394634 4.30015e-05
1931 3.25368 0.00394639 4.49284e-05
1932 3.25368 0.00394644 4.62698e-05
1933 3.25368 0.00394649 4.71903e-05
1934 3.25368 0.00394655 4.77356e-05
1935 3.25368 0.00394661 4.78932e-05
1936 3.25369 0.00394668 4.76015e-05
1937 3.25369 0.00394674 4.69839e-05
1938 3.25369 0.0039468 4.61436e-05
1939 3.25369 0.00394686 4.497e-05
1940 3.25369 0.00394691 4.39461e-05
1941 3.25369 0.00394696 4.44094e-05
1942 3.25369 0.00394701 4.48828e-05
1943 3.25369 0.00394705 4.53123e-05
1944 3.25369 0.00394708 4.56445e-05
1945 3.25369 0.00394711 4.60547e-05
1946 3.25369 0.00394713 4.62211e-05
1947 3.25369 0.00394714 4.62268e-05
1948 3.25369 0.00394715 4.56996e-05
1949 3.25369 0.00394715 4.48294e-05
1950 3.25369 0.00394714 4.36409e-05
1951 3.25369 0.00394712 4.21067e-05
1952 3.25369 0.0039471 4.01422e-05
1953 3.25369 0.00394707 3.7865e-05
1954 3.25369 0.00394703 3.68834e-05
1955 3.25369 0.00394699 3.86093e-05
1956 3.25369 0.00394695 3.98231e-05
1957 3.25369 0.0039469 4.08493e-05
1958 3.25369 0.00394685 4.13947e-05
1959 3.25369 0.00394679 4.15867e-05
1960 3.25369 0.00394674 4.14286e-05
1961 3.25369 0.00394669 4.10565e-05
1962 3.25368 0.00394663 4.04605e-05
1963 3.25368 0.00394658 3.95363e-05
1964 3.25368 0.00394653 3.93374e-05
1965 3.25368 0.00394649 3.98278e-05
1966 3.25368 0.00394645 4.02562e-05
1967 3.25368 0.00394641 4.05919e-05
1968 3.25368 0.00394638 4.07696e-05
1969 3.25368 0.00394636 4.10242e-05
1970 3.25368 0.00394634 4.10361e-05
1971 3.25368 0.00394633 4.09438e-05
1972 3.25368 0.00394632 4.06034e-05
1973 3.25368 0.00394632 4.00128e-05
1974 3.25368 0.00394633 3.89784e-05
1975 3.25368 0.00394634 3.77454e-05
1976 3.25368 0.00394636 3.61037e-05
1977 3.25368 0.00394639 3.41691e-05
1978 3.25368 0.00394642 3.20578e-05
1979 3.25368 0.00394646 3.35862e-05
1980 3.25368 0.00394649 3.46813e-05
1981 3.25368 0.00394654 3.54821e-05
1982 3.25368 0.00394658 3.59401e-05
1983 3.25368 0.00394663 3.61356e-05
1984 3.25369 0.00394667 3.59992e-05
1985 3.25369 0.00394672 3.55821e-05
1986 3.25369 0.00394677 3.49788e-05
1987 3.25369 0.00394681 3.41734e-05
1988 3.25369 0.00394685 3.32692e-05
1989 3.25369 0.00394689 3.33994e-05
1990 3.25369 0.00394693 3.38022e-05
1991 3.25369 0.00394696 3.41293e-05
1992 3.25369 0.00394699 3.43631e-05
1993 3.25369 0.00394701 3.47083e-05
1994 3.25369 0.00394702 3.48659e-05
1995 3.25369 0.00394703 3.49266e-05
1996 3.25369 0.00394704 3.46374e-05
1997 3.25369 0.00394704 3.40129e-05
1998 3.25369 0.00394703 3.31967e-05
1999 3.25369 0.00394702 3.20878e-05
2000 3.25369 0.00394701 3.06928e-05
2001 3.25369 0.00394698 2.90232e-05
2002 3.25369 0.00394696 2.75044e-05
2003 3.25369 0.00394693 2.88615e-05
2004 3.25369 0.0039469 2.98567e-05
2005 3.25369 0.00394686 3.06891e-05
2006 3.25369 0.00394682 3.11737e-05
2007 3.25369 0.00394678 3.13861e-05
2008 3.25369 0.00394674 3.13381e-05
2009 3.25369 0.0039467 3.10466e-05
2010 3.25369 0.00394666 3.06911e-05
2011 3.25368 0.00394662 3.00095e-05
2012 3.25368 0.00394658 2.95995e-05
2013 3.25368 0.00394655 2.99509e-05
2014 3.25368 0.00394652 3.03132e-05
2015 3.25368 0.00394649 3.06058e-05
2016 3.25368 0.00394647 3.06944e-05
2017 3.25368 0.00394645 3.09314e-05
2018 3.25368 0.00394643 3.09934e-05
2019 3.25368 0.00394642 3.09186e-05
2020 3.25368 0.00394642 3.07183e-05
2021 3.25368 0.00394642 3.03161e-05
2022 3.25368 0.00394642 2.96211e-05
2023 3.25368 0.00394643 2.87182e-05
2024 3.25368 0.00394644 2.75621e-05
2025 3.25368 0.00394646 2.61446e-05
2026 3.25368 0.00394648 2.44555e-05
2027 3.25368 0.00394651 2.50832e-05
2028 3.25368 0.00394654 2.59971e-05
2029 3.25368 0.00394657 2.66592e-05
2030 3.25368 0.0039466 2.70421e-05
2031 3.25368 0.00394664 2.72598e-05
2032 3.25369 0.00394667 2.72214e-05
2033 3.25369 0.00394671 2.69457e-05
2034 3.25369 0.00394674 2.65071e-05
2035 3.25369 0.00394678 2.59531e-05
2036 3.25369 0.00394681 2.52445e-05
2037 3.25369 0.00394684 2.5129e-05
2038 3.25369 0.00394687 2.54526e-05
2039 3.25369 0.00394689 2.57179e-05
2040 3.25369 0.00394691 2.59089e-05
2041 3.25369 0.00394693 2.61455e-05
2042 3.25369 0.00394694 2.62908e-05
2043 3.25369 0.00394695 2.63676e-05
2044 3.25369 0.00394696 2.62337e-05
2045 3.25369 0.00394696 2.58068e-05
2046 3.25369 0.00394696 2.52313e-05
2047 3.25369 0.00394695 2.44404e-05
2048 3.25369 0.00394694 2.34471e-05
2049 3.25369 0.00394692 2.2227e-05
2050 3.25369 0.0039469 2.07966e-05
2051 3.25369 0.00394688 2.15534e-05
2052 3.25369 0.00394686 2.23853e-05
2053 3.25369 0.00394683 2.30358e-05
2054 3.25369 0.0039468 2.34635e-05
2055 3.25369 0.00394677 2.36796e-05
2056 3.25369 0.00394674 2.36972e-05
2057 3.25369 0.00394671 2.35065e-05
2058 3.25369 0.00394668 2.32699e-05
2059 3.25368 0.00394665 2.27822e-05
2060 3.25368 0.00394662 2.23278e-05
2061 3.25368 0.00394659 2.25509e-05
2062 3.25368 0.00394657 2.2818e-05
2063 3.25368 0.00394655 2.30578e-05
2064 3.25368 0.00394653 2.31637e-05
2065 3.25368 0.00394651 2.33131e-05
2066 3.25368 0.0039465 2.3395e-05
2067 3.25368 0.00394649 2.33352e-05
2068 3.25368 0.00394649 2.32361e-05
2069 3.25368 0.00394649 2.29606e-05
2070 3.25368 0.00394649 2.24998e-05
2071 3.25368 0.00394649 2.18329e-05
2072 3.25368 0.0039465 2.10258e-05
2073 3.25368 0.00394652 1.99879e-05
2074 3.25368 0.00394653 1.87704e-05
2075 3.25368 0.00394655 1.87145e-05
2076 3.25368 0.00394657 1.94743e-05
2077 3.25368 0.0039466 2.00131e-05
2078 3.25368 0.00394662 2.03454e-05
2079 3.25368 0.00394665 2.05479e-05
2080 3.25369 0.00394667 2.05712e-05
2081 3.25369 0.0039467 2.03994e-05
2082 3.25369 0.00394673 2.00961e-05
2083 3.25369 0.00394675 1.97046e-05
2084 3.25369 0.00394678 1.91738e-05
2085 3.25369 0.0039468 1.8907e-05
2086 3.25369 0.00394682 1.91716e-05
2087 3.25369 0.00394684 1.9373e-05
2088 3.25369 0.00394686 1.95286e-05
2089 3.25369 0.00394687 1.96902e-05
2090 3.25369 0.00394688 1.98333e-05
2091 3.25369 0.00394689 1.99011e-05
2092 3.25369 0.0039469 1.98528e-05
2093 3.25369 0.0039469 1.95714e-05
2094 3.25369 0.0039469 1.91658e-05
2095 3.25369 0.00394689 1.86005e-05
2096 3.25369 0.00394688 1.78969e-05
2097 3.25369 0.00394687 1.70074e-05
2098 3.25369 0.00394686 1.59747e-05
2099 3.25369 0.00394684 1.60814e-05
2100 3.25369 0.00394682 1.6769e-05
2101 3.25369 0.0039468 1.72755e-05
2102 3.25369 0.00394678 1.76588e-05
2103 3.25369 0.00394676 1.78538e-05
2104 3.25369 0.00394674 1.79049e-05
2105 3.25369 0.00394671 1.78e-05
2106 3.25369 0.00394669 1.76295e-05
2107 3.25369 0.00394667 1.731e-05
2108 3.25368 0.00394665 1.69142e-05
2109 3.25368 0.00394663 1.69725e-05
2110 3.25368 0.00394661 1.71824e-05
2111 3.25368 0.00394659 1.73652e-05
2112 3.25368 0.00394657 1.74746e-05
2113 3.25368 0.00394656 1.75698e-05
2114 3.25368 0.00394655 1.76511e-05
2115 3.25368 0.00394654 1.76135e-05
2116 3.25368 0.00394654 1.75722e-05
2117 3.25368 0.00394654 1.73789e-05
2118 3.25368 0.00394654 1.70796e-05
2119 3.25368 0.00394654 1.65875e-05
2120 3.25368 0.00394655 1.60271e-05
2121 3.25368 0.00394656 1.52697e-05
2122 3.25368 0.00394657 1.4394e-05
2123 3.25368 0.00394659 1.39513e-05
2124 3.25368 0.0039466 1.45757e-05
2125 3.25368 0.00394662 1.5011e-05
2126 3.25368 0.00394664 1.53052e-05
2127 3.25369 0.00394666 1.54851e-05
2128 3.25369 0.00394668 1.55331e-05
2129 3.25369 0.0039467 1.54341e-05
2130 3.25369 0.00394672 1.52291e-05
2131 3.25369 0.00394674 1.49496e-05
2132 3.25369 0.00394676 1.45609e-05
2133 3.25369 0.00394677 1.42461e-05
2134 3.25369 0.00394679 1.44282e-05
2135 3.25369 0.00394681 1.45838e-05
2136 3.25369 0.00394682 1.47175e-05
2137 3.25369 0.00394683 1.48317e-05
2138 3.25369 0.00394684 1.49643e-05
2139 3.25369 0.00394684 1.50172e-05
2140 3.25369 0.00394685 1.50171e-05
2141 3.25369 0.00394685 1.48375e-05
2142 3.25369 0.00394685 1.45493e-05
2143 3.25369 0.00394685 1.41539e-05
2144 3.25369 0.00394684 1.36524e-05
2145 3.25369 0.00394683 1.30048e-05
2146 3.25369 0.00394682 1.2259e-05
2147 3.25369 0.00394681 1.19885e-05
2148 3.25369 0.0039468 1.25505e-05
2149 3.25369 0.00394678 1.29474e-05
2150 3.25369 0.00394677 1.32797e-05
2151 3.25369 0.00394675 1.34586e-05
2152 3.25369 0.00394673 1.35215e-05
2153 3.25369 0.00394672 1.34695e-05
2154 3.25369 0.0039467 1.33455e-05
2155 3.25369 0.00394668 1.3143e-05
2156 3.25369 0.00394666 1.28347e-05
2157 3.25368 0.00394665 1.2774e-05
2158 3.25368 0.00394663 1.29342e-05
2159 3.25368 0.00394662 1.30761e-05
2160 3.25368 0.00394661 1.31836e-05
2161 3.25368 0.0039466 1.32418e-05
2162 3.25368 0.00394659 1.33164e-05
2163 3.25368 0.00394658 1.33138e-05
2164 3.25368 0.00394658 1.32846e-05
2165 3.25368 0.00394658 1.31547e-05
2166 3.25368 0.00394658 1.29551e-05
2167 3.25368 0.00394658 1.26126e-05
2168 3.25368 0.00394659 1.22093e-05
2169 3.25368 0.00394659 1.16653e-05
2170 3.25368 0.0039466 1.10286e-05
2171 3.25368 0.00394661 1.03967e-05
2172 3.25368 0.00394662 1.08991e-05
2173 3.25368 0.00394664 1.12539e-05
2174 3.25368 0.00394665 1.15112e-05
2175 3.25369 0.00394666 1.16625e-05
2176 3.25369 0.00394668 1.17218e-05
2177 3.25369 0.00394669 1.16732e-05
2178 3.25369 0.00394671 1.15363e-05
2179 3.25369 0.00394673 1.13396e-05
2180 3.25369 0.00394674 1.10676e-05
2181 3.25369 0.00394675 1.07826e-05
2182 3.25369 0.00394677 1.08504e-05
2183 3.25369 0.00394678 1.0984e-05
2184 3.25369 0.00394679 1.10886e-05
2185 3.25369 0.0039468 1.1169e-05
2186 3.25369 0.0039468 1.1281e-05
2187 3.25369 0.00394681 1.13298e-05
2188 3.25369 0.00394681 1.13498e-05
2189 3.25369 0.00394681 1.12494e-05
2190 3.25369 0.00394681 1.10433e-05
2191 3.25369 0.00394681 1.07708e-05
2192 3.25369 0.00394681 1.0408e-05
2193 3.25369 0.0039468 9.94751e-06
