0 -6.43666 -10.529 63.8526
1 -0.232818 -4.32513 48.9732
2 0.103246 -3.98907 48.0228
3 0.347559 -3.74476 46.2044
4 0.575857 -3.51646 45.5029
5 0.822305 -3.27001 46.0506
6 1.11129 -2.98103 45.9961
7 1.46482 -2.6275 45.2024
8 1.90344 -2.18888 43.5315
9 2.44286 -1.64945 40.789
10 3.0857 -1.00662 36.9472
11 3.80958 -0.282739 31.9466
12 4.55839 0.466077 25.8366
13 5.24585 1.15353 18.9314
14 5.77257 1.68025 14.9207
15 6.05019 1.95788 18.0289
16 6.02835 1.93603 20.2326
17 5.71634 1.62402 20.8244
18 5.1838 1.09148 19.7554
19 4.53577 0.443454 18.2539
20 3.8768 -0.215513 16.7604
21 3.28406 -0.808253 14.5228
22 2.7987 -1.29362 12.2952
23 2.43162 -1.66069 9.94938
24 2.17494 -1.91738 7.59498
25 2.01226 -2.08006 8.50554
26 1.92555 -2.16677 10.1003
27 1.89859 -2.19373 11.4598
28 1.91818 -2.17414 12.4086
29 1.97416 -2.11816 12.9126
30 2.05882 -2.0335 13.1766
31 2.16623 -1.92608 13.1627
32 2.29148 -1.80083 12.885
33 2.43004 -1.66227 12.8506
34 2.5772 -1.51511 12.8004
35 2.72771 -1.3646 12.4804
36 2.87564 -1.21667 11.8956
37 3.01463 -1.07769 11.0908
38 3.13844 -0.953874 10.052
39 3.24173 -0.850585 8.77987
40 3.32064 -0.771678 7.32418
41 3.37309 -0.719229 5.76335
42 3.39874 -0.693582 5.12096
43 3.39876 -0.693555 5.09141
44 3.37569 -0.716631 5.17683
45 3.33318 -0.759132 5.11955
46 3.27586 -0.816454 4.96939
47 3.20888 -0.883436 4.94031
48 3.13746 -0.954858 4.8728
49 3.06638 -1.02594 4.67657
50 2.99954 -1.09278 4.41092
51 2.93975 -1.15257 4.05473
52 2.88858 -1.20374 3.66271
53 2.8465 -1.24582 3.61708
54 2.81311 -1.27921 3.74116
55 2.78748 -1.30484 3.84178
56 2.76858 -1.32373 3.88762
57 2.7557 -1.33661 3.87083
58 2.74868 -1.34364 3.79005
59 2.7479 -1.34442 3.62915
60 2.75405 -1.33826 3.65667
61 2.76774 -1.32458 3.87541
62 2.7891 -1.30322 4.05518
63 2.81762 -1.2747 4.15967
64 2.8521 -1.24022 4.17044
65 2.8908 -1.20151 4.08475
66 2.93159 -1.16073 3.92121
67 2.9721 -1.12021 3.70556
68 3.00992 -1.08239 3.45815
69 3.04266 -1.04966 3.25524
70 3.0681 -1.02421 3.14096
71 3.08442 -1.00789 3.03954
72 3.09045 -1.00187 2.9265
73 3.08596 -1.00636 2.79248
74 3.07188 -1.02044 2.6195
75 3.05027 -1.04205 2.38467
76 3.02398 -1.06833 2.09693
77 2.99616 -1.09616 1.93103
78 2.96966 -1.12265 1.9887
79 2.94671 -1.14561 2.03766
80 2.92867 -1.16364 2.11777
81 2.91612 -1.1762 2.20928
82 2.90892 -1.18339 2.27503
83 2.90647 -1.18585 2.34084
84 2.90779 -1.18453 2.39427
85 2.91171 -1.18061 2.42699
86 2.91696 -1.17536 2.45944
87 2.92228 -1.17004 2.47513
88 2.92655 -1.16577 2.45089
89 2.92893 -1.16339 2.4
90 2.92897 -1.16335 2.30149
91 2.92672 -1.1656 2.15657
92 2.92271 -1.16961 1.96621
93 2.91784 -1.17448 1.74361
94 2.91321 -1.1791 1.6012
95 2.90987 -1.18244 1.68298
96 2.90864 -1.18368 1.77374
97 2.90998 -1.18234 1.85511
98 2.91399 -1.17832 1.92457
99 2.92042 -1.17189 1.96486
100 2.92873 -1.16358 1.96895
101 2.93816 -1.15416 1.95984
102 2.94778 -1.14454 1.9538
103 2.95658 -1.13573 1.98053
104 2.96356 -1.12875 1.9804
105 2.96786 -1.12446 1.95698
106 2.96888 -1.12344 1.90087
107 2.96649 -1.12583 1.79953
108 2.96105 -1.13127 1.65715
109 2.95341 -1.13891 1.47076
110 2.94474 -1.14757 1.28121
111 2.93634 -1.15598 1.30642
112 2.92932 -1.16299 1.40017
113 2.92451 -1.16781 1.48913
114 2.92229 -1.17003 1.55529
115 2.92265 -1.16967 1.59487
116 2.92521 -1.16711 1.5994
117 2.92936 -1.16295 1.59588
118 2.93433 -1.15799 1.61008
119 2.93926 -1.15305 1.60489
120 2.94337 -1.14895 1.59183
121 2.94594 -1.14638 1.58398
122 2.94647 -1.14585 1.56322
123 2.94472 -1.14759 1.51331
124 2.94078 -1.15153 1.43147
125 2.93504 -1.15727 1.32178
126 2.92818 -1.16413 1.19137
127 2.92106 -1.17126 1.0458
128 2.91456 -1.17776 1.07319
129 2.9095 -1.18282 1.17337
130 2.90648 -1.18584 1.2632
131 2.90584 -1.18647 1.3357
132 2.90764 -1.18468 1.39504
133 2.91165 -1.18067 1.43026
134 2.91743 -1.17489 1.43227
135 2.92434 -1.16798 1.4189
136 2.93164 -1.16068 1.39993
137 2.93852 -1.15379 1.40116
138 2.94427 -1.14805 1.41063
139 2.94829 -1.14403 1.38792
140 2.95025 -1.14207 1.33723
141 2.95012 -1.14219 1.26218
142 2.9482 -1.14411 1.16321
143 2.94504 -1.14728 1.04246
144 2.94134 -1.15098 0.969708
145 2.93781 -1.15451 1.05847
146 2.93504 -1.15727 1.13902
147 2.93344 -1.15888 1.1965
148 2.93314 -1.15918 1.23661
149 2.93405 -1.15827 1.26031
150 2.93588 -1.15643 1.29279
151 2.93822 -1.1541 1.32508
152 2.94054 -1.15177 1.33853
153 2.94236 -1.14996 1.33266
154 2.94321 -1.14911 1.30551
155 2.94276 -1.14956 1.27997
156 2.94084 -1.15147 1.24665
157 2.93751 -1.15481 1.19044
158 2.933 -1.15931 1.11155
159 2.92776 -1.16456 1.01356
160 2.92234 -1.16998 0.904102
161 2.91736 -1.17496 0.860798
162 2.91338 -1.17894 0.941133
163 2.91085 -1.18147 1.01178
164 2.91005 -1.18227 1.07049
165 2.91105 -1.18126 1.11321
166 2.91374 -1.17858 1.14909
167 2.9178 -1.17452 1.1591
168 2.9228 -1.16952 1.14265
169 2.9282 -1.16412 1.12065
170 2.93345 -1.15887 1.12458
171 2.93802 -1.1543 1.13342
172 2.94147 -1.15084 1.12317
173 2.94356 -1.14876 1.08931
174 2.94421 -1.14811 1.03228
175 2.94357 -1.14875 0.95528
176 2.94194 -1.15038 0.860477
177 2.93976 -1.15255 0.780075
178 2.93749 -1.15482 0.836006
179 2.93554 -1.15678 0.896163
180 2.9342 -1.15812 0.946068
181 2.93361 -1.1587 0.978795
182 2.93378 -1.15853 0.994685
183 2.93456 -1.15775 1.00599
184 2.93569 -1.15663 1.02757
185 2.93686 -1.15546 1.04172
186 2.93772 -1.1546 1.04319
187 2.93798 -1.15434 1.02732
188 2.93742 -1.1549 1.00972
189 2.93591 -1.15641 0.989735
190 2.93348 -1.15883 0.950491
191 2.9303 -1.16202 0.891065
192 2.92664 -1.16568 0.815888
193 2.92287 -1.16945 0.727415
194 2.9194 -1.17292 0.672252
195 2.91661 -1.17571 0.738767
196 2.91482 -1.1775 0.796469
197 2.91422 -1.1781 0.845194
198 2.91487 -1.17744 0.880501
199 2.91672 -1.1756 0.906303
200 2.91955 -1.17277 0.917758
201 2.92306 -1.16925 0.908686
202 2.92691 -1.16541 0.900659
203 2.93069 -1.16163 0.90884
204 2.93405 -1.15827 0.919176
205 2.9367 -1.15562 0.912268
206 2.93844 -1.15388 0.887204
207 2.93922 -1.1531 0.846703
208 2.93911 -1.15321 0.786518
209 2.93831 -1.15401 0.709484
210 2.93707 -1.15525 0.633018
211 2.93569 -1.15662 0.675351
212 2.93445 -1.15787 0.72476
213 2.93354 -1.15878 0.7655
214 2.93308 -1.15923 0.792045
215 2.93309 -1.15923 0.806032
216 2.93348 -1.15883 0.813531
217 2.9341 -1.15822 0.826196
218 2.93474 -1.15758 0.840483
219 2.93517 -1.15714 0.845825
220 2.93521 -1.15711 0.835794
221 2.9347 -1.15762 0.822748
222 2.93355 -1.15876 0.808173
223 2.9318 -1.16052 0.778743
224 2.92954 -1.16278 0.735001
225 2.92697 -1.16535 0.679848
226 2.92433 -1.16799 0.612566
227 2.9219 -1.17042 0.559267
228 2.91994 -1.17238 0.615884
229 2.91867 -1.17365 0.662208
230 2.91822 -1.1741 0.699034
231 2.91866 -1.17366 0.725864
232 2.91993 -1.17239 0.745398
233 2.92191 -1.17041 0.757743
234 2.92439 -1.16793 0.752808
235 2.92712 -1.1652 0.748447
236 2.92983 -1.16248 0.748845
237 2.93229 -1.16003 0.756594
238 2.93428 -1.15803 0.751325
239 2.93568 -1.15664 0.731838
240 2.93642 -1.15589 0.699586
241 2.93657 -1.15575 0.651604
242 2.93622 -1.1561 0.590618
243 2.93554 -1.15677 0.526018
244 2.93473 -1.15758 0.560414
245 2.93396 -1.15835 0.603711
246 2.93338 -1.15894 0.637101
247 2.93305 -1.15927 0.658879
248 2.933 -1.15932 0.670239
249 2.93318 -1.15913 0.675004
250 2.9335 -1.15882 0.687594
251 2.93381 -1.15851 0.703075
252 2.93397 -1.15835 0.709427
253 2.93386 -1.15846 0.702709
254 2.93336 -1.15895 0.692876
255 2.93244 -1.15987 0.682576
256 2.93112 -1.1612 0.661643
257 2.92945 -1.16286 0.629214
258 2.92759 -1.16473 0.584541
259 2.92569 -1.16662 0.529636
260 2.92396 -1.16836 0.480013
261 2.92256 -1.16976 0.525783
262 2.92165 -1.17067 0.563619
263 2.92133 -1.17099 0.592954
264 2.92163 -1.17069 0.614527
265 2.92253 -1.16979 0.628241
266 2.92393 -1.16838 0.637382
267 2.9257 -1.16661 0.633364
268 2.92767 -1.16465 0.628746
269 2.92964 -1.16268 0.62841
270 2.93145 -1.16087 0.632766
271 2.93295 -1.15937 0.628175
272 2.93405 -1.15826 0.612604
273 2.93472 -1.1576 0.586378
274 2.93497 -1.15735 0.548023
275 2.93487 -1.15744 0.498873
276 2.93453 -1.15778 0.445673
277 2.93408 -1.15824 0.475948
278 2.93362 -1.1587 0.511338
279 2.93325 -1.15907 0.538462
280 2.93303 -1.15929 0.555889
281 2.93297 -1.15935 0.565015
282 2.93303 -1.15928 0.567213
283 2.93317 -1.15915 0.580734
284 2.93328 -1.15904 0.594433
285 2.93327 -1.15904 0.600298
286 2.93307 -1.15925 0.595741
287 2.9326 -1.15972 0.587511
288 2.93184 -1.16047 0.581292
289 2.93081 -1.16151 0.563947
290 2.92956 -1.16276 0.536629
291 2.92818 -1.16414 0.500159
292 2.9268 -1.16552 0.455289
293 2.92554 -1.16677 0.414029
294 2.92454 -1.16778 0.451215
295 2.92389 -1.16842 0.481548
296 2.92367 -1.16865 0.505075
297 2.9239 -1.16842 0.521753
298 2.92455 -1.16777 0.531695
299 2.92557 -1.16675 0.537886
300 2.92685 -1.16547 0.534846
301 2.92828 -1.16404 0.53092
302 2.92973 -1.16259 0.529488
303 2.93107 -1.16124 0.532845
304 2.93221 -1.1601 0.527312
305 2.93309 -1.15923 0.514033
306 2.93366 -1.15866 0.49178
307 2.93394 -1.15838 0.460403
308 2.93398 -1.15834 0.42037
309 2.93384 -1.15848 0.378948
310 2.9336 -1.15872 0.405852
311 2.93334 -1.15898 0.434541
312 2.93312 -1.1592 0.456314
313 2.93297 -1.15934 0.470087
314 2.93291 -1.15941 0.4772
315 2.93292 -1.1594 0.478459
316 2.93294 -1.15937 0.490764
317 2.93294 -1.15938 0.502043
318 2.93284 -1.15948 0.506464
319 2.93259 -1.15972 0.502604
320 2.93216 -1.16016 0.497239
321 2.93153 -1.16079 0.492296
322 2.93071 -1.16161 0.477963
323 2.92975 -1.16256 0.45528
324 2.92872 -1.16359 0.424375
325 2.92771 -1.16461 0.386747
326 2.92679 -1.16552 0.354506
327 2.92607 -1.16624 0.384625
328 2.92562 -1.1667 0.408969
329 2.92547 -1.16685 0.427633
330 2.92565 -1.16667 0.440509
331 2.92614 -1.16618 0.447033
332 2.92689 -1.16543 0.450959
333 2.92784 -1.16448 0.448188
334 2.9289 -1.16342 0.445097
335 2.92997 -1.16235 0.444259
336 2.93098 -1.16134 0.446756
337 2.93185 -1.16047 0.441211
338 2.93254 -1.15978 0.429211
339 2.93302 -1.1593 0.410031
340 2.9333 -1.15902 0.384042
341 2.9334 -1.15892 0.351265
342 2.93338 -1.15894 0.320059
343 2.93327 -1.15905 0.343638
344 2.93313 -1.15918 0.366326
345 2.93301 -1.15931 0.383507
346 2.93291 -1.15941 0.394219
347 2.93286 -1.15946 0.399344
348 2.93283 -1.15949 0.400385
349 2.9328 -1.15952 0.410149
350 2.93273 -1.15959 0.41927
351 2.93258 -1.15974 0.42238
352 2.93232 -1.16 0.420475
353 2.93193 -1.16039 0.41606
354 2.9314 -1.16092 0.411404
355 2.93075 -1.16157 0.399282
356 2.93001 -1.16231 0.380073
357 2.92923 -1.16309 0.354241
358 2.92848 -1.16384 0.322714
359 2.92781 -1.16451 0.299175
360 2.92729 -1.16503 0.323437
361 2.92697 -1.16535 0.342838
362 2.92688 -1.16544 0.357563
363 2.92703 -1.16529 0.367414
364 2.92741 -1.16491 0.371835
365 2.92797 -1.16434 0.373614
366 2.92868 -1.16363 0.370765
367 2.92947 -1.16284 0.369069
368 2.93028 -1.16204 0.369146
369 2.93105 -1.16127 0.370736
370 2.93172 -1.1606 0.365665
371 2.93226 -1.16005 0.355184
372 2.93267 -1.15965 0.338625
373 2.93293 -1.15939 0.316967
374 2.93306 -1.15926 0.289888
375 2.9331 -1.15922 0.266179
376 2.93307 -1.15925 0.28713
377 2.93301 -1.15931 0.305271
378 2.93294 -1.15937 0.318602
379 2.93288 -1.15943 0.326821
380 2.93283 -1.15948 0.330422
381 2.93279 -1.15953 0.33125
382 2.93272 -1.15959 0.338482
383 2.93262 -1.1597 0.345881
384 2.93245 -1.15986 0.348648
385 2.9322 -1.16011 0.347115
386 2.93186 -1.16046 0.343742
387 2.93142 -1.1609 0.339214
388 2.9309 -1.16142 0.328641
389 2.93032 -1.162 0.312305
390 2.92973 -1.16259 0.290621
391 2.92916 -1.16315 0.264338
392 2.92867 -1.16364 0.249111
393 2.9283 -1.16401 0.268541
394 2.92808 -1.16424 0.28374
395 2.92803 -1.16428 0.295215
396 2.92816 -1.16416 0.302793
397 2.92845 -1.16386 0.305808
398 2.92889 -1.16343 0.306547
399 2.92943 -1.16289 0.304166
400 2.93003 -1.16229 0.30288
401 2.93065 -1.16167 0.303812
402 2.93123 -1.16108 0.304631
403 2.93176 -1.16056 0.300062
404 2.93219 -1.16012 0.291036
405 2.93253 -1.15979 0.277206
406 2.93276 -1.15955 0.258865
407 2.93291 -1.15941 0.236118
408 2.93298 -1.15934 0.219697
409 2.93299 -1.15932 0.237338
410 2.93298 -1.15934 0.251906
411 2.93295 -1.15937 0.262346
412 2.93291 -1.15941 0.268549
413 2.93286 -1.15946 0.271009
414 2.93281 -1.15951 0.271822
415 2.93273 -1.15959 0.277403
416 2.93261 -1.15971 0.283216
417 2.93244 -1.15988 0.285714
418 2.93221 -1.16011 0.284121
419 2.93191 -1.16041 0.281657
420 2.93154 -1.16078 0.277433
421 2.93112 -1.1612 0.268232
422 2.93067 -1.16165 0.254234
423 2.93022 -1.1621 0.235866
424 2.92979 -1.16252 0.213766
425 2.92943 -1.16288 0.205495
426 2.92917 -1.16315 0.221206
427 2.92902 -1.1633 0.233365
428 2.929 -1.16332 0.242265
429 2.92911 -1.16321 0.248014
430 2.92934 -1.16297 0.250037
431 2.92968 -1.16264 0.250261
432 2.9301 -1.16222 0.248129
433 2.93056 -1.16176 0.247274
434 2.93103 -1.16128 0.248647
435 2.93149 -1.16083 0.248885
436 2.9319 -1.16041 0.244824
437 2.93225 -1.16006 0.237057
438 2.93253 -1.15978 0.22548
439 2.93274 -1.15958 0.209935
440 2.93288 -1.15944 0.190809
441 2.93296 -1.15935 0.180907
442 2.933 -1.15931 0.195179
443 2.93301 -1.15931 0.20687
444 2.933 -1.15932 0.215071
445 2.93297 -1.15934 0.219982
446 2.93293 -1.15939 0.221678
447 2.93287 -1.15945 0.222301
448 2.93279 -1.15953 0.226689
449 2.93267 -1.15965 0.23129
450 2.93251 -1.15981 0.233319
451 2.93229 -1.16002 0.231666
452 2.93203 -1.16028 0.230037
453 2.93173 -1.16059 0.226156
454 2.93139 -1.16093 0.218068
455 2.93104 -1.16128 0.206168
456 2.93069 -1.16163 0.190732
457 2.93037 -1.16195 0.172218
458 2.93011 -1.16221 0.169213
459 2.92992 -1.1624 0.181825
460 2.92981 -1.1625 0.191557
461 2.92981 -1.1625 0.198506
462 2.92991 -1.16241 0.202864
463 2.9301 -1.16222 0.204118
464 2.93037 -1.16195 0.204045
465 2.93069 -1.16163 0.202176
466 2.93105 -1.16127 0.201687
467 2.93142 -1.1609 0.203258
468 2.93178 -1.16054 0.203056
469 2.93211 -1.16021 0.199424
470 2.93239 -1.15992 0.192748
471 2.93263 -1.15969 0.183008
472 2.93281 -1.15951 0.169837
473 2.93293 -1.15938 0.153706
474 2.93302 -1.1593 0.148916
475 2.93307 -1.15925 0.16052
476 2.93309 -1.15923 0.169935
477 2.93309 -1.15923 0.176577
478 2.93307 -1.15925 0.180289
479 2.93303 -1.15929 0.18136
480 2.93297 -1.15935 0.181806
481 2.93288 -1.15944 0.185427
482 2.93276 -1.15955 0.189319
483 2.93261 -1.1597 0.190652
484 2.93243 -1.15989 0.189094
485 2.93221 -1.16011 0.188005
486 2.93195 -1.16036 0.184433
487 2.93168 -1.16064 0.177376
488 2.9314 -1.16092 0.167215
489 2.93113 -1.16118 0.15422
490 2.93089 -1.16143 0.138735
491 2.9307 -1.16162 0.139795
492 2.93056 -1.16176 0.149897
493 2.93049 -1.16182 0.157536
494 2.9305 -1.16181 0.162922
495 2.93059 -1.16173 0.166206
496 2.93074 -1.16158 0.166901
497 2.93095 -1.16136 0.166647
498 2.93121 -1.16111 0.165168
499 2.93149 -1.16082 0.164805
500 2.93179 -1.16053 0.166414
501 2.93207 -1.16025 0.165896
502 2.93233 -1.15999 0.162636
503 2.93256 -1.15975 0.156857
504 2.93276 -1.15956 0.148635
505 2.93291 -1.15941 0.13746
506 2.93303 -1.15929 0.12384
507 2.93311 -1.15921 0.122943
508 2.93316 -1.15916 0.132526
509 2.93318 -1.15914 0.140066
510 2.93318 -1.15913 0.145261
511 2.93316 -1.15915 0.148065
512 2.93313 -1.15919 0.148688
513 2.93307 -1.15925 0.149112
514 2.93299 -1.15933 0.152187
515 2.93288 -1.15944 0.155418
516 2.93274 -1.15957 0.156233
517 2.93258 -1.15974 0.15487
518 2.93239 -1.15993 0.154043
519 2.93218 -1.16014 0.150754
520 2.93196 -1.16036 0.144613
521 2.93174 -1.16058 0.135911
522 2.93153 -1.16078 0.124952
523 2.93135 -1.16097 0.111988
524 2.9312 -1.16111 0.115915
525 2.93111 -1.16121 0.124056
526 2.93106 -1.16125 0.130189
527 2.93108 -1.16124 0.134267
528 2.93115 -1.16116 0.136776
529 2.93128 -1.16104 0.137102
530 2.93145 -1.16087 0.136761
531 2.93166 -1.16066 0.135718
532 2.93188 -1.16044 0.135398
533 2.93211 -1.1602 0.136815
534 2.93234 -1.15998 0.136012
535 2.93255 -1.15977 0.133017
536 2.93274 -1.15958 0.127942
537 2.9329 -1.15942 0.12095
538 2.93303 -1.15929 0.111455
539 2.93313 -1.15919 0.0999433
540 2.9332 -1.15911 0.102065
541 2.93325 -1.15907 0.109861
542 2.93327 -1.15904 0.115798
543 2.93328 -1.15904 0.119845
544 2.93326 -1.15906 0.12194
545 2.93322 -1.15909 0.122207
546 2.93317 -1.15915 0.122698
547 2.93309 -1.15923 0.125395
548 2.93299 -1.15932 0.128024
549 2.93287 -1.15944 0.12842
550 2.93273 -1.15959 0.127453
551 2.93257 -1.15975 0.126576
552 2.9324 -1.15992 0.123552
553 2.93222 -1.1601 0.118213
554 2.93205 -1.16027 0.110748
555 2.93189 -1.16043 0.101495
556 2.93175 -1.16057 0.0906749
557 2.93164 -1.16068 0.0966022
558 2.93157 -1.16075 0.103235
559 2.93154 -1.16077 0.108106
560 2.93156 -1.16076 0.111228
561 2.93163 -1.16069 0.112937
562 2.93173 -1.16059 0.112989
563 2.93187 -1.16045 0.112558
564 2.93203 -1.16028 0.111858
565 2.93221 -1.1601 0.111738
566 2.9324 -1.15992 0.112821
567 2.93258 -1.15974 0.111898
568 2.93275 -1.15957 0.109251
569 2.93291 -1.15941 0.104777
570 2.93304 -1.15928 0.0986938
571 2.93315 -1.15917 0.0905679
572 2.93324 -1.15908 0.0809326
573 2.9333 -1.15902 0.0850662
574 2.93334 -1.15898 0.091363
575 2.93336 -1.15896 0.0960161
576 2.93336 -1.15895 0.0991458
577 2.93335 -1.15897 0.100674
578 2.93331 -1.159 0.100683
579 2.93326 -1.15906 0.101294
580 2.93319 -1.15913 0.103743
581 2.9331 -1.15921 0.105777
582 2.933 -1.15932 0.105879
583 2.93288 -1.15944 0.105185
584 2.93274 -1.15958 0.104271
585 2.9326 -1.15972 0.101502
586 2.93246 -1.15986 0.0968621
587 2.93232 -1.16 0.0904728
588 2.93219 -1.16013 0.0827309
589 2.93209 -1.16023 0.0744139
590 2.932 -1.16031 0.0808122
591 2.93196 -1.16036 0.0861008
592 2.93194 -1.16038 0.0899392
593 2.93196 -1.16036 0.0923375
594 2.93202 -1.1603 0.0934854
595 2.9321 -1.16021 0.093351
596 2.93222 -1.1601 0.092828
597 2.93235 -1.15997 0.0923946
598 2.93249 -1.15982 0.0924551
599 2.93264 -1.15967 0.0932059
600 2.93279 -1.15953 0.0922391
601 2.93293 -1.15939 0.0898855
602 2.93306 -1.15926 0.0859824
603 2.93317 -1.15915 0.0807386
604 2.93326 -1.15906 0.073882
605 2.93333 -1.15898 0.0660514
606 2.93339 -1.15893 0.0711279
607 2.93342 -1.1589 0.0761809
608 2.93344 -1.15888 0.079839
609 2.93344 -1.15888 0.0822115
610 2.93342 -1.15889 0.0832878
611 2.93339 -1.15892 0.0832863
612 2.93334 -1.15897 0.0839235
613 2.93328 -1.15904 0.0861196
614 2.9332 -1.15911 0.0876078
615 2.93311 -1.15921 0.0875152
616 2.93301 -1.15931 0.0869914
617 2.9329 -1.15942 0.0860735
618 2.93278 -1.15954 0.0835499
619 2.93266 -1.15965 0.079559
620 2.93255 -1.15976 0.0741561
621 2.93246 -1.15986 0.0675727
622 2.93237 -1.15994 0.0625675
623 2.93231 -1.16 0.0677515
624 2.93228 -1.16004 0.0719359
625 2.93227 -1.16004 0.0749472
626 2.93229 -1.16002 0.0767829
627 2.93234 -1.15998 0.0775692
628 2.93241 -1.1599 0.0772813
629 2.93251 -1.15981 0.0767131
630 2.93261 -1.1597 0.0764619
631 2.93273 -1.15959 0.076675
632 2.93285 -1.15946 0.0771313
633 2.93297 -1.15934 0.0761561
634 2.93309 -1.15923 0.074054
635 2.93319 -1.15913 0.070678
636 2.93328 -1.15904 0.0661726
637 2.93336 -1.15896 0.0603453
638 2.93342 -1.1589 0.0548621
639 2.93346 -1.15885 0.0596191
640 2.93349 -1.15882 0.0636515
641 2.93351 -1.15881 0.0665357
642 2.93351 -1.15881 0.0682868
643 2.93349 -1.15883 0.0690202
644 2.93346 -1.15886 0.0690818
645 2.93342 -1.1589 0.0697597
646 2.93336 -1.15895 0.0716403
647 2.93329 -1.15902 0.0726979
648 2.93322 -1.1591 0.0724774
649 2.93313 -1.15919 0.0720672
650 2.93303 -1.15928 0.0711795
651 2.93294 -1.15938 0.0689155
652 2.93285 -1.15947 0.0654773
653 2.93276 -1.15956 0.0608631
654 2.93268 -1.15964 0.0552648
655 2.93262 -1.1597 0.0527
656 2.93257 -1.15974 0.0568978
657 2.93255 -1.15977 0.0601855
658 2.93255 -1.15977 0.0625467
659 2.93257 -1.15975 0.0639289
660 2.93261 -1.15971 0.0644422
661 2.93267 -1.15965 0.0641019
662 2.93275 -1.15957 0.0635188
663 2.93283 -1.15948 0.0633751
664 2.93293 -1.15939 0.0637368
665 2.93303 -1.15929 0.0639157
666 2.93313 -1.15919 0.062972
667 2.93322 -1.1591 0.0610811
668 2.93331 -1.15901 0.0581958
669 2.93338 -1.15894 0.054279
670 2.93344 -1.15887 0.0493282
671 2.93349 -1.15882 0.0462225
672 2.93353 -1.15879 0.0500866
673 2.93356 -1.15876 0.0532682
674 2.93357 -1.15875 0.0555281
675 2.93356 -1.15875 0.0568008
676 2.93355 -1.15877 0.0572766
677 2.93352 -1.15879 0.0573976
678 2.93348 -1.15883 0.0581171
679 2.93343 -1.15888 0.0597004
680 2.93338 -1.15894 0.0604143
681 2.93331 -1.15901 0.0601143
682 2.93323 -1.15908 0.0598138
683 2.93316 -1.15916 0.0589733
684 2.93308 -1.15924 0.0569279
685 2.933 -1.15931 0.0539502
686 2.93293 -1.15938 0.0500128
687 2.93287 -1.15944 0.0452559
688 2.93283 -1.15949 0.0444584
689 2.93279 -1.15953 0.0478386
690 2.93278 -1.15954 0.0504145
691 2.93278 -1.15954 0.0522517
692 2.9328 -1.15952 0.0532831
693 2.93283 -1.15948 0.0535883
694 2.93288 -1.15943 0.0532389
695 2.93295 -1.15937 0.0527257
696 2.93302 -1.1593 0.0526125
697 2.9331 -1.15922 0.0530349
698 2.93318 -1.15914 0.0530159
699 2.93326 -1.15906 0.052123
700 2.93333 -1.15898 0.0504449
701 2.9334 -1.15891 0.0479518
702 2.93347 -1.15885 0.0445517
703 2.93352 -1.1588 0.0403482
704 2.93356 -1.15876 0.0390328
705 2.93359 -1.15873 0.0421242
706 2.93361 -1.15871 0.0446557
707 2.93362 -1.1587 0.0463905
708 2.93361 -1.1587 0.0473368
709 2.9336 -1.15872 0.047613
710 2.93358 -1.15874 0.0477576
711 2.93354 -1.15878 0.0485037
712 2.9335 -1.15882 0.0498172
713 2.93345 -1.15887 0.0502712
714 2.93339 -1.15893 0.0499445
715 2.93333 -1.15899 0.0497501
716 2.93326 -1.15905 0.0489125
717 2.9332 -1.15912 0.0470791
718 2.93314 -1.15918 0.0444991
719 2.93308 -1.15923 0.0411432
720 2.93304 -1.15928 0.0371222
721 2.933 -1.15932 0.0375474
722 2.93298 -1.15934 0.0402629
723 2.93297 -1.15935 0.0422979
724 2.93297 -1.15935 0.0436844
725 2.93299 -1.15933 0.0444496
726 2.93302 -1.1593 0.0445955
727 2.93306 -1.15926 0.04428
728 2.93311 -1.1592 0.0438996
729 2.93317 -1.15914 0.0438197
730 2.93324 -1.15908 0.0441703
731 2.9333 -1.15901 0.0440341
732 2.93337 -1.15895 0.0431845
733 2.93343 -1.15889 0.0416851
734 2.93349 -1.15883 0.0395321
735 2.93354 -1.15878 0.0365999
736 2.93358 -1.15873 0.0330195
737 2.93362 -1.1587 0.0329882
738 2.93364 -1.15868 0.0354813
739 2.93366 -1.15866 0.0374611
740 2.93366 -1.15866 0.0388004
741 2.93366 -1.15866 0.0394819
742 2.93364 -1.15867 0.0396198
743 2.93362 -1.15869 0.0397668
744 2.93359 -1.15872 0.0406198
745 2.93356 -1.15876 0.0416161
746 2.93351 -1.15881 0.041875
747 2.93346 -1.15885 0.0416005
748 2.93341 -1.15891 0.0414157
749 2.93336 -1.15896 0.0406013
750 2.93331 -1.15901 0.0389752
751 2.93326 -1.15906 0.0367288
752 2.93321 -1.1591 0.0338713
753 2.93318 -1.15914 0.0304787
754 2.93315 -1.15917 0.0317341
755 2.93313 -1.15919 0.0339053
756 2.93312 -1.15919 0.0355144
757 2.93313 -1.15919 0.0365466
758 2.93314 -1.15917 0.0371084
759 2.93317 -1.15915 0.0371327
760 2.93321 -1.15911 0.0368628
761 2.93325 -1.15907 0.0366041
762 2.9333 -1.15902 0.0365315
763 2.93335 -1.15896 0.0368152
764 2.93341 -1.15891 0.0366008
765 2.93346 -1.15886 0.0358016
766 2.93351 -1.1588 0.0344612
767 2.93356 -1.15876 0.0326038
768 2.9336 -1.15871 0.0300866
769 2.93364 -1.15868 0.0270327
770 2.93367 -1.15865 0.0278961
771 2.93369 -1.15863 0.0299058
772 2.9337 -1.15862 0.0314404
773 2.9337 -1.15862 0.032471
774 2.9337 -1.15862 0.0329591
775 2.93368 -1.15863 0.0329858
776 2.93366 -1.15865 0.0332016
777 2.93364 -1.15868 0.0340582
778 2.93361 -1.15871 0.0347949
779 2.93357 -1.15875 0.0349426
780 2.93353 -1.15879 0.03471
781 2.93348 -1.15883 0.0344995
782 2.93344 -1.15888 0.0337196
783 2.9334 -1.15892 0.0322892
784 2.93336 -1.15896 0.0303342
785 2.93332 -1.15899 0.0279019
786 2.93329 -1.15902 0.0250418
787 2.93327 -1.15904 0.0268313
788 2.93326 -1.15906 0.0285661
789 2.93326 -1.15906 0.0298293
790 2.93326 -1.15905 0.0305916
791 2.93328 -1.15904 0.0309922
792 2.9333 -1.15902 0.0309326
793 2.93333 -1.15899 0.0307033
794 2.93337 -1.15895 0.0305492
795 2.93341 -1.15891 0.030477
796 2.93345 -1.15887 0.0307002
797 2.9335 -1.15882 0.0304334
798 2.93354 -1.15878 0.0297048
799 2.93358 -1.15873 0.0285114
800 2.93362 -1.1587 0.0268975
801 2.93366 -1.15866 0.0247407
802 2.93368 -1.15863 0.0221453
803 2.93371 -1.15861 0.0236031
804 2.93372 -1.15859 0.0252139
805 2.93373 -1.15859 0.0264003
806 2.93373 -1.15858 0.027186
807 2.93373 -1.15859 0.0275263
808 2.93372 -1.1586 0.0275439
809 2.9337 -1.15862 0.0278084
810 2.93368 -1.15864 0.0285791
811 2.93365 -1.15867 0.0291172
812 2.93362 -1.1587 0.0291739
813 2.93358 -1.15873 0.0289804
814 2.93355 -1.15877 0.0287493
815 2.93351 -1.1588 0.0280155
816 2.93348 -1.15884 0.0267617
817 2.93345 -1.15887 0.0250653
818 2.93342 -1.1589 0.0229967
819 2.9334 -1.15892 0.0210222
820 2.93338 -1.15894 0.0226995
821 2.93337 -1.15895 0.0240756
822 2.93337 -1.15895 0.0250598
823 2.93337 -1.15894 0.0256361
824 2.93339 -1.15893 0.0258931
825 2.93341 -1.15891 0.025805
826 2.93343 -1.15888 0.0255858
827 2.93346 -1.15885 0.0255054
828 2.9335 -1.15882 0.0254761
829 2.93353 -1.15878 0.0256068
830 2.93357 -1.15875 0.0253127
831 2.93361 -1.15871 0.0246588
832 2.93364 -1.15868 0.023597
833 2.93367 -1.15864 0.0221945
834 2.9337 -1.15862 0.0203511
835 2.93372 -1.15859 0.0184971
836 2.93374 -1.15857 0.0199753
837 2.93376 -1.15856 0.0212609
838 2.93376 -1.15856 0.0221874
839 2.93376 -1.15855 0.0227653
840 2.93376 -1.15856 0.0229937
841 2.93375 -1.15857 0.0230519
842 2.93373 -1.15858 0.0233397
843 2.93371 -1.1586 0.0239958
844 2.93369 -1.15863 0.0243765
845 2.93366 -1.15865 0.0243677
846 2.93363 -1.15868 0.0242033
847 2.9336 -1.15871 0.0239644
848 2.93358 -1.15874 0.0232836
849 2.93355 -1.15877 0.0221899
850 2.93352 -1.1588 0.0207308
851 2.9335 -1.15882 0.0189626
852 2.93348 -1.15884 0.0178572
853 2.93347 -1.15885 0.0192123
854 2.93346 -1.15885 0.0202925
855 2.93346 -1.15885 0.0210585
856 2.93347 -1.15885 0.0214905
857 2.93348 -1.15884 0.021657
858 2.9335 -1.15882 0.0215398
859 2.93352 -1.1588 0.0213442
860 2.93354 -1.15877 0.0213004
861 2.93357 -1.15874 0.0213035
862 2.9336 -1.15871 0.0213647
863 2.93363 -1.15868 0.0210654
864 2.93366 -1.15865 0.0204741
865 2.93369 -1.15863 0.0195412
866 2.93372 -1.1586 0.0183166
867 2.93374 -1.15858 0.0167434
868 2.93376 -1.15856 0.0156531
869 2.93377 -1.15854 0.0169064
870 2.93378 -1.15853 0.0179278
871 2.93379 -1.15853 0.0186527
872 2.93379 -1.15853 0.0190658
873 2.93378 -1.15853 0.0192128
874 2.93377 -1.15854 0.0193021
875 2.93376 -1.15856 0.0196079
876 2.93374 -1.15857 0.0201552
877 2.93372 -1.15859 0.0204132
878 2.9337 -1.15862 0.0203609
879 2.93368 -1.15864 0.020231
880 2.93365 -1.15866 0.0199856
881 2.93363 -1.15869 0.0193563
882 2.93361 -1.15871 0.0184053
883 2.93359 -1.15873 0.0171527
884 2.93357 -1.15875 0.0156429
885 2.93355 -1.15876 0.0151689
886 2.93355 -1.15877 0.016262
887 2.93354 -1.15878 0.0171038
888 2.93354 -1.15878 0.0177002
889 2.93355 -1.15877 0.0180177
890 2.93356 -1.15876 0.018117
891 2.93357 -1.15875 0.0179859
892 2.93359 -1.15873 0.0178475
893 2.93361 -1.15871 0.0177978
894 2.93364 -1.15868 0.0178158
895 2.93366 -1.15866 0.0178282
896 2.93369 -1.15863 0.0175373
897 2.93371 -1.15861 0.0170008
898 2.93373 -1.15858 0.0161886
899 2.93376 -1.15856 0.0151178
900 2.93377 -1.15854 0.0137773
901 2.93379 -1.15853 0.0133092
902 2.9338 -1.15852 0.0143077
903 2.93381 -1.15851 0.015118
904 2.93381 -1.15851 0.0156806
905 2.93381 -1.15851 0.0159779
906 2.93381 -1.15851 0.0160643
907 2.9338 -1.15852 0.0161635
908 2.93379 -1.15853 0.0164782
909 2.93377 -1.15855 0.0169342
910 2.93376 -1.15856 0.0170996
911 2.93374 -1.15858 0.0170178
912 2.93372 -1.1586 0.0169248
913 2.9337 -1.15862 0.016671
914 2.93368 -1.15864 0.0160958
915 2.93366 -1.15866 0.01527
916 2.93364 -1.15868 0.0141978
917 2.93363 -1.15869 0.0129121
918 2.93362 -1.1587 0.0128844
919 2.93361 -1.15871 0.0137624
920 2.93361 -1.15871 0.0144207
921 2.93361 -1.15871 0.0148768
922 2.93361 -1.1587 0.0151075
923 2.93362 -1.15869 0.0151561
924 2.93364 -1.15868 0.0150291
925 2.93365 -1.15867 0.0149285
926 2.93367 -1.15865 0.0148893
927 2.93369 -1.15863 0.014914
928 2.93371 -1.15861 0.0148792
929 2.93373 -1.15859 0.0146016
930 2.93375 -1.15857 0.0141173
931 2.93377 -1.15855 0.0134118
932 2.93379 -1.15853 0.0124798
933 2.9338 -1.15852 0.011339
934 2.93381 -1.1585 0.0113129
935 2.93382 -1.15849 0.0121105
936 2.93383 -1.15849 0.0127474
937 2.93383 -1.15849 0.0131809
938 2.93383 -1.15849 0.0133979
939 2.93383 -1.15849 0.0134416
940 2.93382 -1.1585 0.0135512
941 2.93381 -1.15851 0.0138899
942 2.9338 -1.15852 0.0142284
943 2.93378 -1.15854 0.0143333
944 2.93377 -1.15855 0.0142318
945 2.93375 -1.15857 0.0141613
946 2.93373 -1.15858 0.0139077
947 2.93372 -1.1586 0.0133884
948 2.9337 -1.15862 0.0126715
949 2.93369 -1.15863 0.0117559
950 2.93368 -1.15864 0.0106687
951 2.93367 -1.15865 0.0109422
952 2.93366 -1.15865 0.0116444
953 2.93366 -1.15865 0.0121641
954 2.93366 -1.15865 0.0125027
955 2.93367 -1.15865 0.0126704
956 2.93368 -1.15864 0.0126789
957 2.93369 -1.15863 0.0125684
958 2.9337 -1.15862 0.0124966
959 2.93372 -1.1586 0.0124598
960 2.93373 -1.15858 0.0124856
961 2.93375 -1.15857 0.012422
962 2.93377 -1.15855 0.0121576
963 2.93378 -1.15853 0.0117231
964 2.9338 -1.15852 0.0111114
965 2.93381 -1.1585 0.0103076
966 2.93383 -1.15849 0.00933703
967 2.93384 -1.15848 0.00961261
968 2.93384 -1.15847 0.0102545
969 2.93385 -1.15847 0.0107467
970 2.93385 -1.15847 0.0110785
971 2.93385 -1.15847 0.011235
972 2.93384 -1.15847 0.0112718
973 2.93384 -1.15848 0.0113984
974 2.93383 -1.15849 0.0117094
975 2.93382 -1.1585 0.0119551
976 2.93381 -1.15851 0.012019
977 2.93379 -1.15852 0.011912
978 2.93378 -1.15854 0.0118492
979 2.93377 -1.15855 0.0116032
980 2.93375 -1.15857 0.0111414
981 2.93374 -1.15858 0.0105173
982 2.93373 -1.15859 0.00973663
983 2.93372 -1.1586 0.00881836
984 2.93371 -1.1586 0.00929072
985 2.93371 -1.15861 0.00985036
986 2.93371 -1.15861 0.0102586
987 2.93371 -1.15861 0.0105066
988 2.93372 -1.1586 0.0106265
989 2.93372 -1.15859 0.0106066
990 2.93373 -1.15858 0.0105145
991 2.93374 -1.15857 0.0104747
992 2.93376 -1.15856 0.0104373
993 2.93377 -1.15855 0.010453
994 2.93378 -1.15853 0.0103708
995 2.9338 -1.15852 0.0101255
996 2.93381 -1.1585 0.00973529
997 2.93383 -1.15849 0.00920566
998 2.93384 -1.15848 0.00851468
999 2.93385 -1.15847 0.00768953
1000 2.93385 -1.15846 0.00816663
1001 2.93386 -1.15846 0.00868119
1002 2.93386 -1.15845 0.00905964
1003 2.93386 -1.15845 0.00931147
1004 2.93386 -1.15845 0.00942011
1005 2.93386 -1.15846 0.00946086
1006 2.93385 -1.15846 0.00960553
1007 2.93385 -1.15847 0.00987063
1008 2.93384 -1.15848 0.0100469
1009 2.93383 -1.15849 0.0100784
1010 2.93382 -1.1585 0.00997889
1011 2.9338 -1.15851 0.00991471
1012 2.93379 -1.15852 0.00968108
1013 2.93378 -1.15853 0.00927485
1014 2.93377 -1.15854 0.00873086
1015 2.93376 -1.15855 0.00806639
1016 2.93376 -1.15856 0.00734765
1017 2.93375 -1.15856 0.00788714
1018 2.93375 -1.15857 0.008332
1019 2.93375 -1.15857 0.00864963
1020 2.93375 -1.15857 0.00883433
1021 2.93376 -1.15856 0.00891129
1022 2.93376 -1.15856 0.00887642
1023 2.93377 -1.15855 0.00880265
1024 2.93378 -1.15854 0.00878044
1025 2.93379 -1.15853 0.0087438
1026 2.9338 -1.15852 0.00875081
1027 2.93381 -1.1585 0.00866075
1028 2.93382 -1.15849 0.00843591
1029 2.93384 -1.15848 0.00808469
1030 2.93385 -1.15847 0.00762668
1031 2.93386 -1.15846 0.00703483
1032 2.93386 -1.15845 0.00645807
1033 2.93387 -1.15845 0.00693596
1034 2.93387 -1.15844 0.00734672
1035 2.93388 -1.15844 0.00763946
1036 2.93388 -1.15844 0.00782497
1037 2.93388 -1.15844 0.00789726
1038 2.93387 -1.15844 0.00795003
1039 2.93387 -1.15845 0.00810184
1040 2.93386 -1.15846 0.00831933
1041 2.93385 -1.15846 0.00844301
1042 2.93385 -1.15847 0.00845097
1043 2.93384 -1.15848 0.00836906
1044 2.93383 -1.15849 0.00829589
1045 2.93382 -1.1585 0.00807768
1046 2.93381 -1.15851 0.00772259
1047 2.9338 -1.15852 0.00725233
1048 2.93379 -1.15852 0.00668448
1049 2.93379 -1.15853 0.00626145
1050 2.93379 -1.15853 0.0066969
1051 2.93378 -1.15853 0.00704565
1052 2.93378 -1.15853 0.00729204
1053 2.93379 -1.15853 0.00742981
1054 2.93379 -1.15853 0.00747581
1055 2.93379 -1.15852 0.0074355
1056 2.9338 -1.15852 0.00738627
1057 2.93381 -1.15851 0.00735973
1058 2.93382 -1.1585 0.00732677
1059 2.93383 -1.15849 0.00732535
1060 2.93384 -1.15848 0.00723201
1061 2.93385 -1.15847 0.00702848
1062 2.93386 -1.15846 0.00671802
1063 2.93386 -1.15845 0.00631848
1064 2.93387 -1.15844 0.00581334
1065 2.93388 -1.15844 0.00548568
1066 2.93388 -1.15843 0.00588889
1067 2.93389 -1.15843 0.00621516
1068 2.93389 -1.15843 0.00644384
1069 2.93389 -1.15843 0.00657563
1070 2.93389 -1.15843 0.00662421
1071 2.93389 -1.15843 0.00668093
1072 2.93388 -1.15844 0.00683244
1073 2.93388 -1.15844 0.00701116
1074 2.93387 -1.15845 0.0070991
1075 2.93386 -1.15846 0.00708604
1076 2.93385 -1.15846 0.00702044
1077 2.93385 -1.15847 0.00694243
1078 2.93384 -1.15848 0.0067401
1079 2.93383 -1.15849 0.00643075
1080 2.93383 -1.15849 0.0060265
1081 2.93382 -1.1585 0.00554084
1082 2.93382 -1.1585 0.0053333
1083 2.93381 -1.1585 0.00568449
1084 2.93381 -1.15851 0.00595593
1085 2.93381 -1.15851 0.00614756
1086 2.93381 -1.1585 0.00624769
1087 2.93382 -1.1585 0.00627368
1088 2.93382 -1.1585 0.00622878
1089 2.93383 -1.15849 0.00619755
1090 2.93383 -1.15848 0.00617624
1091 2.93384 -1.15848 0.00614692
1092 2.93385 -1.15847 0.00613193
1093 2.93386 -1.15846 0.00603839
1094 2.93387 -1.15845 0.00585536
1095 2.93387 -1.15844 0.00558329
1096 2.93388 -1.15844 0.00523464
1097 2.93389 -1.15843 0.00480586
1098 2.93389 -1.15843 0.00467642
1099 2.9339 -1.15842 0.00499765
1100 2.9339 -1.15842 0.00525637
1101 2.9339 -1.15842 0.00543374
1102 2.9339 -1.15842 0.0055276
1103 2.9339 -1.15842 0.00556309
1104 2.9339 -1.15842 0.00562726
1105 2.93389 -1.15843 0.00576402
1106 2.93389 -1.15843 0.00590951
1107 2.93388 -1.15844 0.00596899
1108 2.93388 -1.15844 0.00594248
1109 2.93387 -1.15845 0.00589185
1110 2.93386 -1.15845 0.00581018
1111 2.93386 -1.15846 0.00562467
1112 2.93385 -1.15847 0.00535555
1113 2.93385 -1.15847 0.00500905
1114 2.93384 -1.15848 0.00459467
1115 2.93384 -1.15848 0.00454117
1116 2.93384 -1.15848 0.00482306
1117 2.93384 -1.15848 0.00503433
1118 2.93384 -1.15848 0.00518133
1119 2.93384 -1.15848 0.00525336
1120 2.93384 -1.15848 0.005264
1121 2.93384 -1.15847 0.00521757
1122 2.93385 -1.15847 0.00520079
1123 2.93386 -1.15846 0.00518329
1124 2.93386 -1.15846 0.00515644
1125 2.93387 -1.15845 0.00513217
1126 2.93387 -1.15844 0.00504243
1127 2.93388 -1.15844 0.00487763
1128 2.93389 -1.15843 0.00464001
1129 2.93389 -1.15842 0.00433672
1130 2.9339 -1.15842 0.00397337
1131 2.9339 -1.15841 0.00398441
1132 2.93391 -1.15841 0.00424018
1133 2.93391 -1.15841 0.00444422
1134 2.93391 -1.15841 0.00458063
1135 2.93391 -1.15841 0.00464816
1136 2.93391 -1.15841 0.0046801
1137 2.93391 -1.15841 0.00474728
1138 2.9339 -1.15842 0.00487179
1139 2.9339 -1.15842 0.00497997
1140 2.93389 -1.15842 0.00501843
1141 2.93389 -1.15843 0.00498318
1142 2.93388 -1.15843 0.0049446
1143 2.93388 -1.15844 0.00486237
1144 2.93387 -1.15844 0.0046944
1145 2.93387 -1.15845 0.00446069
1146 2.93386 -1.15845 0.00416451
1147 2.93386 -1.15846 0.00381368
1148 2.93386 -1.15846 0.00386496
1149 2.93386 -1.15846 0.00409032
1150 2.93386 -1.15846 0.00425694
1151 2.93386 -1.15846 0.00436581
1152 2.93386 -1.15846 0.00441738
1153 2.93386 -1.15846 0.00441611
1154 2.93386 -1.15845 0.00437508
1155 2.93387 -1.15845 0.00436448
1156 2.93387 -1.15844 0.00434943
1157 2.93388 -1.15844 0.00432476
1158 2.93388 -1.15843 0.00429669
1159 2.93389 -1.15843 0.00421051
1160 2.93389 -1.15842 0.00406291
1161 2.9339 -1.15842 0.00385594
1162 2.9339 -1.15841 0.00359479
1163 2.93391 -1.15841 0.00328546
1164 2.93391 -1.15841 0.00339276
1165 2.93391 -1.1584 0.00359813
1166 2.93392 -1.1584 0.00375617
1167 2.93392 -1.1584 0.00386038
1168 2.93392 -1.1584 0.00391022
1169 2.93392 -1.1584 0.00394006
1170 2.93391 -1.1584 0.00401287
1171 2.93391 -1.15841 0.0041172
1172 2.93391 -1.15841 0.00419597
1173 2.9339 -1.15841 0.00421975
1174 2.9339 -1.15842 0.00418072
1175 2.93389 -1.15842 0.00414914
1176 2.93389 -1.15843 0.00406901
1177 2.93389 -1.15843 0.00391997
1178 2.93388 -1.15843 0.00371581
1179 2.93388 -1.15844 0.00346307
1180 2.93388 -1.15844 0.00316653
1181 2.93387 -1.15844 0.00328809
1182 2.93387 -1.15844 0.00346754
1183 2.93387 -1.15844 0.0035983
1184 2.93387 -1.15844 0.00367775
1185 2.93388 -1.15844 0.00371402
1186 2.93388 -1.15844 0.00370439
1187 2.93388 -1.15844 0.00367761
1188 2.93388 -1.15843 0.00366446
1189 2.93389 -1.15843 0.00364928
1190 2.93389 -1.15842 0.00362683
1191 2.9339 -1.15842 0.00359819
1192 2.9339 -1.15842 0.00351674
1193 2.93391 -1.15841 0.00338418
1194 2.93391 -1.15841 0.00320427
1195 2.93391 -1.1584 0.00298109
1196 2.93392 -1.1584 0.00272668
1197 2.93392 -1.1584 0.00288781
1198 2.93392 -1.1584 0.0030524
1199 2.93392 -1.15839 0.00317366
1200 2.93392 -1.15839 0.00325292
1201 2.93392 -1.15839 0.003291
1202 2.93392 -1.1584 0.00331733
1203 2.93392 -1.1584 0.00339343
1204 2.93392 -1.1584 0.00347881
1205 2.93392 -1.1584 0.00353724
1206 2.93391 -1.15841 0.00354802
1207 2.93391 -1.15841 0.00351203
1208 2.9339 -1.15841 0.00348129
1209 2.9339 -1.15842 0.00340498
1210 2.9339 -1.15842 0.00327343
1211 2.93389 -1.15842 0.00309572
1212 2.93389 -1.15843 0.00288043
1213 2.93389 -1.15843 0.0026314
1214 2.93389 -1.15843 0.00279626
1215 2.93389 -1.15843 0.00293897
1216 2.93389 -1.15843 0.0030405
1217 2.93389 -1.15843 0.00309913
1218 2.93389 -1.15843 0.00312207
1219 2.93389 -1.15843 0.00310786
1220 2.93389 -1.15842 0.00309199
1221 2.9339 -1.15842 0.00307814
1222 2.9339 -1.15842 0.00306197
1223 2.9339 -1.15841 0.00304145
1224 2.93391 -1.15841 0.00301278
1225 2.93391 -1.15841 0.00293698
1226 2.93392 -1.1584 0.0028188
1227 2.93392 -1.1584 0.00266271
1228 2.93392 -1.15839 0.00247289
1229 2.93392 -1.15839 0.00229971
1230 2.93393 -1.15839 0.00245689
1231 2.93393 -1.15839 0.00258819
1232 2.93393 -1.15839 0.00268152
1233 2.93393 -1.15839 0.00274042
1234 2.93393 -1.15839 0.00276923
1235 2.93393 -1.15839 0.00279876
1236 2.93393 -1.15839 0.00286881
1237 2.93392 -1.15839 0.00293888
1238 2.93392 -1.15839 0.00298144
1239 2.93392 -1.1584 0.00298283
1240 2.93392 -1.1584 0.00295014
1241 2.93391 -1.1584 0.00292067
1242 2.93391 -1.15841 0.00284928
1243 2.93391 -1.15841 0.00273369
1244 2.93391 -1.15841 0.00258037
1245 2.9339 -1.15841 0.00239639
1246 2.9339 -1.15842 0.00223869
1247 2.9339 -1.15842 0.00237819
1248 2.9339 -1.15842 0.00248993
1249 2.9339 -1.15842 0.0025687
1250 2.9339 -1.15842 0.00261212
1251 2.9339 -1.15842 0.00262462
1252 2.9339 -1.15841 0.00260919
1253 2.93391 -1.15841 0.00260096
1254 2.93391 -1.15841 0.00258951
1255 2.93391 -1.15841 0.00257103
1256 2.93391 -1.1584 0.00255178
1257 2.93392 -1.1584 0.0025222
1258 2.93392 -1.1584 0.00245337
1259 2.93392 -1.15839 0.00234825
1260 2.93393 -1.15839 0.00221268
1261 2.93393 -1.15839 0.00205152
1262 2.93393 -1.15839 0.00196076
1263 2.93393 -1.15838 0.00208938
1264 2.93393 -1.15838 0.00219357
1265 2.93393 -1.15838 0.00226626
1266 2.93393 -1.15838 0.00230936
1267 2.93393 -1.15838 0.0023309
1268 2.93393 -1.15838 0.00236496
1269 2.93393 -1.15838 0.00242463
1270 2.93393 -1.15839 0.00248206
1271 2.93393 -1.15839 0.00251252
1272 2.93393 -1.15839 0.00250738
1273 2.93392 -1.15839 0.00247932
1274 2.93392 -1.1584 0.00245048
1275 2.93392 -1.1584 0.00238429
1276 2.93392 -1.1584 0.00228311
1277 2.93391 -1.1584 0.00215153
1278 2.93391 -1.1584 0.00199421
1279 2.93391 -1.15841 0.00190932
1280 2.93391 -1.15841 0.00202175
1281 2.93391 -1.15841 0.00210864
1282 2.93391 -1.15841 0.00216982
1283 2.93391 -1.15841 0.00220139
1284 2.93391 -1.1584 0.00220751
1285 2.93391 -1.1584 0.00219097
1286 2.93392 -1.1584 0.00218771
1287 2.93392 -1.1584 0.00217823
1288 2.93392 -1.1584 0.00215952
1289 2.93392 -1.15839 0.00214099
1290 2.93393 -1.15839 0.00211121
1291 2.93393 -1.15839 0.00204939
1292 2.93393 -1.15839 0.00195665
1293 2.93393 -1.15838 0.00183931
1294 2.93394 -1.15838 0.00170214
1295 2.93394 -1.15838 0.00167348
1296 2.93394 -1.15838 0.00177589
1297 2.93394 -1.15838 0.0018584
1298 2.93394 -1.15838 0.00191469
1299 2.93394 -1.15838 0.00194734
1300 2.93394 -1.15838 0.00196464
1301 2.93394 -1.15838 0.00200133
1302 2.93394 -1.15838 0.00205045
1303 2.93394 -1.15838 0.0020969
1304 2.93393 -1.15838 0.00211719
1305 2.93393 -1.15839 0.00210787
1306 2.93393 -1.15839 0.00208403
1307 2.93393 -1.15839 0.00205606
1308 2.93393 -1.15839 0.0019955
1309 2.93392 -1.15839 0.00190727
1310 2.93392 -1.15839 0.00179435
1311 2.93392 -1.1584 0.00166015
1312 2.93392 -1.1584 0.0016277
1313 2.93392 -1.1584 0.0017179
1314 2.93392 -1.1584 0.00178539
1315 2.93392 -1.1584 0.0018323
1316 2.93392 -1.1584 0.00185494
1317 2.93392 -1.1584 0.00185633
1318 2.93392 -1.15839 0.00184249
1319 2.93392 -1.15839 0.0018402
1320 2.93393 -1.15839 0.00183223
1321 2.93393 -1.15839 0.0018136
1322 2.93393 -1.15839 0.00179638
1323 2.93393 -1.15838 0.00176729
1324 2.93393 -1.15838 0.0017118
1325 2.93394 -1.15838 0.00163049
1326 2.93394 -1.15838 0.00152952
1327 2.93394 -1.15838 0.00141243
1328 2.93394 -1.15838 0.00142739
1329 2.93394 -1.15837 0.00150883
1330 2.93394 -1.15837 0.00157392
1331 2.93394 -1.15837 0.00161741
1332 2.93394 -1.15837 0.0016425
1333 2.93394 -1.15837 0.00165735
1334 2.93394 -1.15837 0.00169563
1335 2.93394 -1.15838 0.00173622
1336 2.93394 -1.15838 0.00177163
1337 2.93394 -1.15838 0.00178393
1338 2.93394 -1.15838 0.00177248
1339 2.93394 -1.15838 0.0017521
1340 2.93393 -1.15838 0.001725
1341 2.93393 -1.15839 0.0016703
1342 2.93393 -1.15839 0.00159348
1343 2.93393 -1.15839 0.00149689
1344 2.93393 -1.15839 0.00138329
1345 2.93393 -1.15839 0.00138692
1346 2.93393 -1.15839 0.00145899
1347 2.93393 -1.15839 0.00151217
1348 2.93393 -1.15839 0.00154682
1349 2.93393 -1.15839 0.00156298
1350 2.93393 -1.15839 0.00156079
1351 2.93393 -1.15839 0.00155114
1352 2.93393 -1.15839 0.00154802
1353 2.93393 -1.15838 0.00154103
1354 2.93393 -1.15838 0.00152287
1355 2.93394 -1.15838 0.00150761
1356 2.93394 -1.15838 0.00147943
1357 2.93394 -1.15838 0.00142976
1358 2.93394 -1.15838 0.00135898
1359 2.93394 -1.15837 0.00127257
1360 2.93394 -1.15837 0.00117222
1361 2.93395 -1.15837 0.00121671
1362 2.93395 -1.15837 0.00128205
1363 2.93395 -1.15837 0.00133244
1364 2.93395 -1.15837 0.00136687
1365 2.93395 -1.15837 0.00138527
1366 2.93395 -1.15837 0.00140018
1367 2.93395 -1.15837 0.00143627
1368 2.93395 -1.15837 0.0014699
1369 2.93394 -1.15837 0.00149644
1370 2.93394 -1.15837 0.00150317
1371 2.93394 -1.15838 0.00149129
1372 2.93394 -1.15838 0.00147354
1373 2.93394 -1.15838 0.00144717
1374 2.93394 -1.15838 0.00139862
1375 2.93394 -1.15838 0.00133148
1376 2.93394 -1.15838 0.00124906
1377 2.93393 -1.15838 0.001153
1378 2.93393 -1.15838 0.00118126
1379 2.93393 -1.15838 0.00123862
1380 2.93393 -1.15838 0.00128025
1381 2.93393 -1.15838 0.00130546
1382 2.93393 -1.15838 0.00131675
1383 2.93393 -1.15838 0.0013123
1384 2.93394 -1.15838 0.00130695
1385 2.93394 -1.15838 0.00130253
1386 2.93394 -1.15838 0.00129599
1387 2.93394 -1.15838 0.00127944
1388 2.93394 -1.15838 0.0012653
1389 2.93394 -1.15837 0.00123867
1390 2.93394 -1.15837 0.0011942
1391 2.93395 -1.15837 0.00113299
1392 2.93395 -1.15837 0.00105898
1393 2.93395 -1.15837 0.000982828
1394 2.93395 -1.15837 0.00103665
1395 2.93395 -1.15837 0.00108902
1396 2.93395 -1.15837 0.00112791
1397 2.93395 -1.15837 0.00115497
1398 2.93395 -1.15837 0.00116822
1399 2.93395 -1.15837 0.00118465
1400 2.93395 -1.15837 0.00121657
1401 2.93395 -1.15837 0.00124417
1402 2.93395 -1.15837 0.00126389
1403 2.93395 -1.15837 0.00126655
1404 2.93395 -1.15837 0.0012548
1405 2.93394 -1.15837 0.00123911
1406 2.93394 -1.15837 0.00121404
1407 2.93394 -1.15838 0.00117118
1408 2.93394 -1.15838 0.0011127
1409 2.93394 -1.15838 0.0010425
1410 2.93394 -1.15838 0.000961392
1411 2.93394 -1.15838 0.00100567
1412 2.93394 -1.15838 0.00105125
1413 2.93394 -1.15838 0.0010836
1414 2.93394 -1.15838 0.00110199
1415 2.93394 -1.15838 0.0011091
1416 2.93394 -1.15838 0.00110343
1417 2.93394 -1.15838 0.00110117
1418 2.93394 -1.15838 0.0010974
1419 2.93394 -1.15837 0.00108994
1420 2.93394 -1.15837 0.00107523
1421 2.93395 -1.15837 0.00106177
1422 2.93395 -1.15837 0.001037
1423 2.93395 -1.15837 0.000997472
1424 2.93395 -1.15837 0.000944938
1425 2.93395 -1.15837 0.000881452
1426 2.93395 -1.15837 0.000831718
1427 2.93395 -1.15837 0.000882865
1428 2.93395 -1.15836 0.00092478
1429 2.93395 -1.15836 0.000955227
1430 2.93395 -1.15836 0.0009757
1431 2.93395 -1.15836 0.000986119
1432 2.93395 -1.15836 0.00100407
1433 2.93395 -1.15837 0.00103019
1434 2.93395 -1.15837 0.00105329
1435 2.93395 -1.15837 0.00106729
1436 2.93395 -1.15837 0.00106703
1437 2.93395 -1.15837 0.00105618
1438 2.93395 -1.15837 0.00104189
1439 2.93395 -1.15837 0.0010185
1440 2.93395 -1.15837 0.000980786
1441 2.93395 -1.15837 0.000930316
1442 2.93394 -1.15837 0.00087032
1443 2.93394 -1.15837 0.000811602
1444 2.93394 -1.15837 0.000856182
1445 2.93394 -1.15837 0.000891834
1446 2.93394 -1.15837 0.00091691
1447 2.93394 -1.15837 0.000930493
1448 2.93394 -1.15837 0.000934053
1449 2.93394 -1.15837 0.00092948
1450 2.93395 -1.15837 0.000928169
1451 2.93395 -1.15837 0.000924546
1452 2.93395 -1.15837 0.000916761
1453 2.93395 -1.15837 0.000903588
1454 2.93395 -1.15837 0.000890886
1455 2.93395 -1.15837 0.000868099
1456 2.93395 -1.15837 0.000833318
1457 2.93395 -1.15837 0.000788167
1458 2.93395 -1.15836 0.000733802
1459 2.93395 -1.15836 0.000710928
1460 2.93395 -1.15836 0.000751738
1461 2.93395 -1.15836 0.00078504
1462 2.93395 -1.15836 0.000809225
1463 2.93395 -1.15836 0.000824034
1464 2.93395 -1.15836 0.000832294
1465 2.93395 -1.15836 0.000852361
1466 2.93395 -1.15836 0.000872536
1467 2.93395 -1.15836 0.000891524
1468 2.93395 -1.15836 0.000901093
1469 2.93395 -1.15836 0.000898976
1470 2.93395 -1.15837 0.000889537
1471 2.93395 -1.15837 0.000876101
1472 2.93395 -1.15837 0.000854501
1473 2.93395 -1.15837 0.000821415
1474 2.93395 -1.15837 0.000778083
1475 2.93395 -1.15837 0.000726783
1476 2.93395 -1.15837 0.000692692
1477 2.93395 -1.15837 0.000728597
1478 2.93395 -1.15837 0.000756286
1479 2.93395 -1.15837 0.000775737
1480 2.93395 -1.15837 0.000785621
1481 2.93395 -1.15837 0.000787122
1482 2.93395 -1.15837 0.000783888
1483 2.93395 -1.15837 0.000782308
1484 2.93395 -1.15837 0.000778927
1485 2.93395 -1.15837 0.000771022
1486 2.93395 -1.15837 0.00075956
1487 2.93395 -1.15836 0.000747447
1488 2.93395 -1.15836 0.00072682
1489 2.93395 -1.15836 0.000696594
1490 2.93395 -1.15836 0.00065748
1491 2.93396 -1.15836 0.000610987
1492 2.93396 -1.15836 0.000607278
1493 2.93396 -1.15836 0.000639776
1494 2.93396 -1.15836 0.000666531
1495 2.93396 -1.15836 0.000685361
1496 2.93396 -1.15836 0.000696076
1497 2.93396 -1.15836 0.000704608
1498 2.93396 -1.15836 0.000723315
1499 2.93396 -1.15836 0.000739123
1500 2.93396 -1.15836 0.000754561
1501 2.93396 -1.15836 0.000760633
1502 2.93395 -1.15836 0.000757719
1503 2.93395 -1.15836 0.000749296
1504 2.93395 -1.15836 0.000736718
1505 2.93395 -1.15836 0.000716967
1506 2.93395 -1.15837 0.000688012
1507 2.93395 -1.15837 0.000650914
1508 2.93395 -1.15837 0.000607164
1509 2.93395 -1.15837 0.000590945
1510 2.93395 -1.15837 0.000619732
1511 2.93395 -1.15837 0.000641221
1512 2.93395 -1.15837 0.000656097
1513 2.93395 -1.15837 0.000663153
1514 2.93395 -1.15837 0.000663197
1515 2.93395 -1.15837 0.000661017
1516 2.93395 -1.15837 0.000659433
1517 2.93395 -1.15836 0.000656248
1518 2.93395 -1.15836 0.000648399
1519 2.93395 -1.15836 0.000638419
1520 2.93395 -1.15836 0.000627037
1521 2.93396 -1.15836 0.000608594
1522 2.93396 -1.15836 0.000582331
1523 2.93396 -1.15836 0.000548538
1524 2.93396 -1.15836 0.000509014
1525 2.93396 -1.15836 0.000518517
1526 2.93396 -1.15836 0.000544491
1527 2.93396 -1.15836 0.00056573
1528 2.93396 -1.15836 0.000580265
1529 2.93396 -1.15836 0.000588096
1530 2.93396 -1.15836 0.000596856
1531 2.93396 -1.15836 0.000613607
1532 2.93396 -1.15836 0.000626996
1533 2.93396 -1.15836 0.00063853
1534 2.93396 -1.15836 0.000642048
1535 2.93396 -1.15836 0.000638603
1536 2.93396 -1.15836 0.000631123
1537 2.93396 -1.15836 0.000619474
1538 2.93396 -1.15836 0.000601636
1539 2.93395 -1.15836 0.000576348
1540 2.93395 -1.15836 0.000544682
1541 2.93395 -1.15836 0.000507659
1542 2.93395 -1.15836 0.00050391
1543 2.93395 -1.15836 0.000526881
1544 2.93395 -1.15836 0.000543793
1545 2.93395 -1.15836 0.00055475
1546 2.93395 -1.15836 0.000559765
1547 2.93395 -1.15836 0.000558851
1548 2.93395 -1.15836 0.00055769
1549 2.93395 -1.15836 0.000556218
1550 2.93396 -1.15836 0.000552831
1551 2.93396 -1.15836 0.000545244
1552 2.93396 -1.15836 0.00053662
1553 2.93396 -1.15836 0.000526071
1554 2.93396 -1.15836 0.000509731
1555 2.93396 -1.15836 0.000486846
1556 2.93396 -1.15836 0.000457901
1557 2.93396 -1.15836 0.000424437
1558 2.93396 -1.15836 0.000442613
1559 2.93396 -1.15836 0.000463486
1560 2.93396 -1.15836 0.000479986
1561 2.93396 -1.15836 0.000491136
1562 2.93396 -1.15836 0.000497354
1563 2.93396 -1.15836 0.000506446
1564 2.93396 -1.15836 0.000520457
1565 2.93396 -1.15836 0.000531834
1566 2.93396 -1.15836 0.000540212
1567 2.93396 -1.15836 0.000541973
1568 2.93396 -1.15836 0.000538424
1569 2.93396 -1.15836 0.000531556
1570 2.93396 -1.15836 0.000520904
1571 2.93396 -1.15836 0.000505033
1572 2.93396 -1.15836 0.000482878
1573 2.93396 -1.15836 0.000455898
1574 2.93396 -1.15836 0.000424608
1575 2.93396 -1.15836 0.000429514
1576 2.93396 -1.15836 0.000447807
1577 2.93396 -1.15836 0.00046102
1578 2.93396 -1.15836 0.000468939
1579 2.93396 -1.15836 0.000472412
1580 2.93396 -1.15836 0.000471807
1581 2.93396 -1.15836 0.00047063
1582 2.93396 -1.15836 0.000469366
1583 2.93396 -1.15836 0.000465835
1584 2.93396 -1.15836 0.000458509
1585 2.93396 -1.15836 0.000451161
1586 2.93396 -1.15836 0.000441447
1587 2.93396 -1.15836 0.000426971
1588 2.93396 -1.15836 0.000407056
1589 2.93396 -1.15836 0.000382342
1590 2.93396 -1.15836 0.000359514
1591 2.93396 -1.15836 0.000377656
1592 2.93396 -1.15836 0.000394401
1593 2.93396 -1.15836 0.000407104
1594 2.93396 -1.15836 0.000415614
1595 2.93396 -1.15836 0.000421026
1596 2.93396 -1.15836 0.000430713
1597 2.93396 -1.15836 0.000441514
1598 2.93396 -1.15836 0.000450986
1599 2.93396 -1.15836 0.000456992
1600 2.93396 -1.15836 0.000457549
1601 2.93396 -1.15836 0.000454111
1602 2.93396 -1.15836 0.000447683
1603 2.93396 -1.15836 0.000438025
1604 2.93396 -1.15836 0.00042397
1605 2.93396 -1.15836 0.000404635
1606 2.93396 -1.15836 0.000381685
1607 2.93396 -1.15836 0.000355273
1608 2.93396 -1.15836 0.000365967
1609 2.93396 -1.15836 0.000380474
1610 2.93396 -1.15836 0.000390745
1611 2.93396 -1.15836 0.00039648
1612 2.93396 -1.15836 0.000398624
1613 2.93396 -1.15836 0.000398349
1614 2.93396 -1.15836 0.000397181
1615 2.93396 -1.15836 0.000396059
1616 2.93396 -1.15836 0.00039256
1617 2.93396 -1.15836 0.000385866
1618 2.93396 -1.15836 0.000379304
1619 2.93396 -1.15836 0.000370528
1620 2.93396 -1.15836 0.000357669
1621 2.93396 -1.15836 0.000340385
1622 2.93396 -1.15836 0.000319356
1623 2.93396 -1.15836 0.00030581
1624 2.93396 -1.15835 0.000322091
1625 2.93396 -1.15835 0.000335473
1626 2.93396 -1.15835 0.000345258
1627 2.93396 -1.15835 0.000351639
1628 2.93396 -1.15835 0.000356615
1629 2.93396 -1.15835 0.000366166
1630 2.93396 -1.15835 0.000374667
1631 2.93396 -1.15836 0.000382319
1632 2.93396 -1.15836 0.000386531
1633 2.93396 -1.15836 0.000386384
1634 2.93396 -1.15836 0.000383013
1635 2.93396 -1.15836 0.000377046
1636 2.93396 -1.15836 0.000368333
1637 2.93396 -1.15836 0.00035595
1638 2.93396 -1.15836 0.00033925
1639 2.93396 -1.15836 0.000319642
1640 2.93396 -1.15836 0.000298478
1641 2.93396 -1.15836 0.0003118
1642 2.93396 -1.15836 0.000323135
1643 2.93396 -1.15836 0.00033109
1644 2.93396 -1.15836 0.00033533
1645 2.93396 -1.15836 0.000336305
1646 2.93396 -1.15836 0.000336311
1647 2.93396 -1.15836 0.000335422
1648 2.93396 -1.15836 0.000334341
1649 2.93396 -1.15836 0.000330858
1650 2.93396 -1.15836 0.000324792
1651 2.93396 -1.15836 0.000318928
1652 2.93396 -1.15836 0.000310992
1653 2.93396 -1.15835 0.000299677
1654 2.93396 -1.15835 0.000284674
1655 2.93396 -1.15835 0.000266811
1656 2.93396 -1.15835 0.000261627
1657 2.93396 -1.15835 0.000274591
1658 2.93396 -1.15835 0.000285227
1659 2.93396 -1.15835 0.000292853
1660 2.93396 -1.15835 0.000297439
1661 2.93396 -1.15835 0.000302356
1662 2.93396 -1.15835 0.000311181
1663 2.93396 -1.15835 0.000318026
1664 2.93396 -1.15835 0.000324022
1665 2.93396 -1.15835 0.000326874
1666 2.93396 -1.15835 0.000326251
1667 2.93396 -1.15835 0.00032309
1668 2.93396 -1.15835 0.000317596
1669 2.93396 -1.15836 0.000309736
1670 2.93396 -1.15836 0.000298876
1671 2.93396 -1.15836 0.000284542
1672 2.93396 -1.15836 0.000267766
1673 2.93396 -1.15836 0.000254106
1674 2.93396 -1.15836 0.000265545
1675 2.93396 -1.15836 0.000274335
1676 2.93396 -1.15836 0.000280495
1677 2.93396 -1.15836 0.000283562
1678 2.93396 -1.15836 0.000284217
1679 2.93396 -1.15836 0.000284077
1680 2.93396 -1.15836 0.000283328
1681 2.93396 -1.15836 0.000282241
1682 2.93396 -1.15835 0.000278867
1683 2.93396 -1.15835 0.000273468
1684 2.93396 -1.15835 0.000268179
1685 2.93396 -1.15835 0.000261019
1686 2.93396 -1.15835 0.000251157
1687 2.93396 -1.15835 0.000238138
1688 2.93396 -1.15835 0.000222969
1689 2.93396 -1.15835 0.000223692
1690 2.93396 -1.15835 0.000233985
1691 2.93396 -1.15835 0.000242417
1692 2.93396 -1.15835 0.000248325
1693 2.93396 -1.15835 0.00025211
1694 2.93396 -1.15835 0.00025708
1695 2.93396 -1.15835 0.000264495
1696 2.93396 -1.15835 0.000269872
1697 2.93396 -1.15835 0.000274579
1698 2.93396 -1.15835 0.00027638
1699 2.93396 -1.15835 0.000275493
1700 2.93396 -1.15835 0.000272562
1701 2.93396 -1.15835 0.000267572
1702 2.93396 -1.15835 0.000260487
1703 2.93396 -1.15835 0.000250985
1704 2.93396 -1.15835 0.000238714
1705 2.93396 -1.15835 0.000224413
1706 2.93396 -1.15835 0.00021689
1707 2.93396 -1.15835 0.000226054
1708 2.93396 -1.15835 0.000232873
1709 2.93396 -1.15835 0.000237565
1710 2.93396 -1.15835 0.00023975
1711 2.93396 -1.15835 0.000240416
1712 2.93396 -1.15835 0.00024
1713 2.93396 -1.15835 0.000239555
1714 2.93396 -1.15835 0.000238265
1715 2.93396 -1.15835 0.000235052
1716 2.93396 -1.15835 0.000230267
1717 2.93396 -1.15835 0.000225503
1718 2.93396 -1.15835 0.000219078
1719 2.93396 -1.15835 0.00021051
1720 2.93396 -1.15835 0.000199265
1721 2.93396 -1.15835 0.000186384
1722 2.93396 -1.15835 0.000191163
1723 2.93397 -1.15835 0.000199298
1724 2.93397 -1.15835 0.000205973
1725 2.93397 -1.15835 0.000210519
1726 2.93397 -1.15835 0.000213933
1727 2.93397 -1.15835 0.000218801
1728 2.93397 -1.15835 0.000224749
1729 2.93396 -1.15835 0.000229164
1730 2.93396 -1.15835 0.000232681
1731 2.93396 -1.15835 0.000233701
1732 2.93396 -1.15835 0.000232633
1733 2.93396 -1.15835 0.000229933
1734 2.93396 -1.15835 0.000225433
1735 2.93396 -1.15835 0.000219099
1736 2.93396 -1.15835 0.000210801
1737 2.93396 -1.15835 0.000200325
1738 2.93396 -1.15835 0.000188219
1739 2.93396 -1.15835 0.000185055
1740 2.93396 -1.15835 0.000192363
1741 2.93396 -1.15835 0.000197718
1742 2.93396 -1.15835 0.000201155
1743 2.93396 -1.15835 0.000202695
1744 2.93396 -1.15835 0.000203334
1745 2.93396 -1.15835 0.00020289
1746 2.93396 -1.15835 0.000202523
1747 2.93396 -1.15835 0.000201125
1748 2.93396 -1.15835 0.000198167
1749 2.93396 -1.15835 0.0001939
1750 2.93396 -1.15835 0.000189627
1751 2.93396 -1.15835 0.000183934
1752 2.93397 -1.15835 0.000176461
1753 2.93397 -1.15835 0.000166828
1754 2.93397 -1.15835 0.000157227
1755 2.93397 -1.15835 0.000163277
1756 2.93397 -1.15835 0.00016977
1757 2.93397 -1.15835 0.000174946
1758 2.93397 -1.15835 0.000178421
1759 2.93397 -1.15835 0.000181515
1760 2.93397 -1.15835 0.000186352
1761 2.93397 -1.15835 0.000190936
1762 2.93397 -1.15835 0.000194602
1763 2.93397 -1.15835 0.000197135
1764 2.93397 -1.15835 0.000197676
1765 2.93397 -1.15835 0.000196578
1766 2.93397 -1.15835 0.000194019
1767 2.93396 -1.15835 0.00018994
1768 2.93396 -1.15835 0.000184348
1769 2.93396 -1.15835 0.00017708
1770 2.93396 -1.15835 0.000168153
1771 2.93396 -1.15835 0.000157921
1772 2.93396 -1.15835 0.000157826
1773 2.93396 -1.15835 0.000163644
1774 2.93396 -1.15835 0.00016783
1775 2.93396 -1.15835 0.0001703
1776 2.93396 -1.15835 0.000171493
1777 2.93396 -1.15835 0.000171976
1778 2.93396 -1.15835 0.000171524
1779 2.93396 -1.15835 0.000171199
1780 2.93397 -1.15835 0.000169765
1781 2.93397 -1.15835 0.000167071
1782 2.93397 -1.15835 0.000163337
1783 2.93397 -1.15835 0.000159518
1784 2.93397 -1.15835 0.000154441
1785 2.93397 -1.15835 0.000147939
1786 2.93397 -1.15835 0.000139711
1787 2.93397 -1.15835 0.00013338
1788 2.93397 -1.15835 0.000139406
1789 2.93397 -1.15835 0.000144577
1790 2.93397 -1.15835 0.000148549
1791 2.93397 -1.15835 0.000151367
1792 2.93397 -1.15835 0.000154192
1793 2.93397 -1.15835 0.000158693
1794 2.93397 -1.15835 0.000162207
1795 2.93397 -1.15835 0.000165211
1796 2.93397 -1.15835 0.000167007
1797 2.93397 -1.15835 0.000167221
1798 2.93397 -1.15835 0.000166107
1799 2.93397 -1.15835 0.000163735
1800 2.93397 -1.15835 0.000160045
1801 2.93397 -1.15835 0.000155122
1802 2.93397 -1.15835 0.000148782
1803 2.93397 -1.15835 0.000141187
1804 2.93397 -1.15835 0.00013255
1805 2.93397 -1.15835 0.000134565
1806 2.93397 -1.15835 0.000139167
1807 2.93397 -1.15835 0.000142415
1808 2.93397 -1.15835 0.000144203
1809 2.93397 -1.15835 0.000145222
1810 2.93397 -1.15835 0.000145467
1811 2.93397 -1.15835 0.000144995
1812 2.93397 -1.15835 0.00014471
1813 2.93397 -1.15835 0.000143319
1814 2.93397 -1.15835 0.000140876
1815 2.93397 -1.15835 0.000137596
1816 2.93397 -1.15835 0.000134196
1817 2.93397 -1.15835 0.000129688
1818 2.93397 -1.15835 0.000124045
1819 2.93397 -1.15835 0.000117044
1820 2.93397 -1.15835 0.000113935
1821 2.93397 -1.15835 0.00011898
1822 2.93397 -1.15835 0.000123108
1823 2.93397 -1.15835 0.000126128
1824 2.93397 -1.15835 0.000128615
1825 2.93397 -1.15835 0.000131359
1826 2.93397 -1.15835 0.000135096
1827 2.93397 -1.15835 0.000137871
1828 2.93397 -1.15835 0.000140226
1829 2.93397 -1.15835 0.000141464
1830 2.93397 -1.15835 0.000141444
1831 2.93397 -1.15835 0.000140363
1832 2.93397 -1.15835 0.000138184
1833 2.93397 -1.15835 0.000134867
1834 2.93397 -1.15835 0.000130544
1835 2.93397 -1.15835 0.000125068
1836 2.93397 -1.15835 0.00011858
1837 2.93397 -1.15835 0.000111336
1838 2.93397 -1.15835 0.000114719
1839 2.93397 -1.15835 0.000118309
1840 2.93397 -1.15835 0.000120823
1841 2.93397 -1.15835 0.000122134
1842 2.93397 -1.15835 0.000122965
1843 2.93397 -1.15835 0.00012304
1844 2.93397 -1.15835 0.000122716
1845 2.93397 -1.15835 0.00012231
1846 2.93397 -1.15835 0.000121022
1847 2.93397 -1.15835 0.000118805
1848 2.93397 -1.15835 0.000115915
1849 2.93397 -1.15835 0.000112899
1850 2.93397 -1.15835 0.000108926
1851 2.93397 -1.15835 0.00010403
1852 2.93397 -1.15835 9.80804e-05
1853 2.93397 -1.15835 9.74849e-05
1854 2.93397 -1.15835 0.000101511
1855 2.93397 -1.15835 0.000104788
1856 2.93397 -1.15835 0.00010714
1857 2.93397 -1.15835 0.000109282
1858 2.93397 -1.15835 0.000111927
1859 2.93397 -1.15835 0.000114971
1860 2.93397 -1.15835 0.000117155
1861 2.93397 -1.15835 0.000118993
1862 2.93397 -1.15835 0.000119848
1863 2.93397 -1.15835 0.000119631
1864 2.93397 -1.15835 0.000118624
1865 2.93397 -1.15835 0.000116637
1866 2.93397 -1.15835 0.000113661
1867 2.93397 -1.15835 0.000109875
1868 2.93397 -1.15835 0.000105168
1869 2.93397 -1.15835 9.96234e-05
1870 2.93397 -1.15835 9.41657e-05
1871 2.93397 -1.15835 9.77687e-05
1872 2.93397 -1.15835 0.000100544
1873 2.93397 -1.15835 0.000102487
1874 2.93397 -1.15835 0.000103538
1875 2.93397 -1.15835 0.00010416
1876 2.93397 -1.15835 0.000104072
1877 2.93397 -1.15835 0.000103885
1878 2.93397 -1.15835 0.000103412
1879 2.93397 -1.15835 0.000102207
1880 2.93397 -1.15835 0.000100207
1881 2.93397 -1.15835 9.76643e-05
1882 2.93397 -1.15835 9.49893e-05
1883 2.93397 -1.15835 9.15139e-05
1884 2.93397 -1.15835 8.72609e-05
1885 2.93397 -1.15835 8.22127e-05
1886 2.93397 -1.15835 8.33657e-05
1887 2.93397 -1.15835 8.65713e-05
1888 2.93397 -1.15835 8.91655e-05
1889 2.93397 -1.15835 9.11203e-05
1890 2.93397 -1.15835 9.29209e-05
1891 2.93397 -1.15835 9.53987e-05
1892 2.93397 -1.15835 9.78173e-05
1893 2.93397 -1.15835 9.95279e-05
1894 2.93397 -1.15835 0.000100957
1895 2.93397 -1.15835 0.000101535
1896 2.93397 -1.15835 0.000101199
1897 2.93397 -1.15835 0.000100259
1898 2.93397 -1.15835 9.84607e-05
1899 2.93397 -1.15835 9.58057e-05
1900 2.93397 -1.15835 9.24916e-05
1901 2.93397 -1.15835 8.84566e-05
1902 2.93397 -1.15835 8.37399e-05
1903 2.93397 -1.15835 8.03953e-05
1904 2.93397 -1.15835 8.32932e-05
1905 2.93397 -1.15835 8.54438e-05
1906 2.93397 -1.15835 8.69123e-05
1907 2.93397 -1.15835 8.78323e-05
1908 2.93397 -1.15835 8.82575e-05
1909 2.93397 -1.15835 8.80714e-05
1910 2.93397 -1.15835 8.79714e-05
1911 2.93397 -1.15835 8.74482e-05
1912 2.93397 -1.15835 8.63175e-05
1913 2.93397 -1.15835 8.45268e-05
1914 2.93397 -1.15835 8.22948e-05
1915 2.93397 -1.15835 7.99282e-05
1916 2.93397 -1.15835 7.68942e-05
1917 2.93397 -1.15835 7.32114e-05
1918 2.93397 -1.15835 6.91886e-05
1919 2.93397 -1.15835 7.12589e-05
1920 2.93397 -1.15835 7.38014e-05
1921 2.93397 -1.15835 7.5854e-05
1922 2.93397 -1.15835 7.7553e-05
1923 2.93397 -1.15835 7.91878e-05
1924 2.93397 -1.15835 8.13176e-05
1925 2.93397 -1.15835 8.32e-05
1926 2.93397 -1.15835 8.45895e-05
1927 2.93397 -1.15835 8.56538e-05
1928 2.93397 -1.15835 8.6012e-05
1929 2.93397 -1.15835 8.56421e-05
1930 2.93397 -1.15835 8.47408e-05
1931 2.93397 -1.15835 8.31206e-05
1932 2.93397 -1.15835 8.07732e-05
1933 2.93397 -1.15835 7.78717e-05
1934 2.93397 -1.15835 7.44228e-05
1935 2.93397 -1.15835 7.04333e-05
1936 2.93397 -1.15835 6.86287e-05
1937 2.93397 -1.15835 7.09387e-05
1938 2.93397 -1.15835 7.26272e-05
1939 2.93397 -1.15835 7.37005e-05
1940 2.93397 -1.15835 7.45087e-05
1941 2.93397 -1.15835 7.47727e-05
1942 2.93397 -1.15835 7.45793e-05
1943 2.93397 -1.15835 7.44875e-05
1944 2.93397 -1.15835 7.39478e-05
1945 2.93397 -1.15835 7.2904e-05
1946 2.93397 -1.15835 7.13065e-05
1947 2.93397 -1.15835 6.93462e-05
1948 2.93397 -1.15835 6.72635e-05
1949 2.93397 -1.15835 6.46189e-05
1950 2.93397 -1.15835 6.14566e-05
1951 2.93397 -1.15835 5.87735e-05
1952 2.93397 -1.15835 6.08831e-05
1953 2.93397 -1.15835 6.29214e-05
1954 2.93397 -1.15835 6.45766e-05
1955 2.93397 -1.15835 6.60004e-05
1956 2.93397 -1.15835 6.75464e-05
1957 2.93397 -1.15835 6.93194e-05
1958 2.93397 -1.15835 7.07597e-05
1959 2.93397 -1.15835 7.19064e-05
1960 2.93397 -1.15835 7.26689e-05
1961 2.93397 -1.15835 7.28565e-05
1962 2.93397 -1.15835 7.24889e-05
1963 2.93397 -1.15835 7.16256e-05
1964 2.93397 -1.15835 7.01751e-05
1965 2.93397 -1.15835 6.81234e-05
1966 2.93397 -1.15835 6.55748e-05
1967 2.93397 -1.15835 6.26333e-05
1968 2.93397 -1.15835 5.92634e-05
1969 2.93397 -1.15835 5.85608e-05
1970 2.93397 -1.15835 6.03986e-05
1971 2.93397 -1.15835 6.17156e-05
1972 2.93397 -1.15835 6.25945e-05
1973 2.93397 -1.15835 6.31976e-05
1974 2.93397 -1.15835 6.33471e-05
1975 2.93397 -1.15835 6.31988e-05
1976 2.93397 -1.15835 6.30657e-05
1977 2.93397 -1.15835 6.25449e-05
1978 2.93397 -1.15835 6.15794e-05
1979 2.93397 -1.15835 6.01713e-05
1980 2.93397 -1.15835 5.84529e-05
1981 2.93397 -1.15835 5.66146e-05
1982 2.93397 -1.15835 5.43158e-05
1983 2.93397 -1.15835 5.16058e-05
1984 2.93397 -1.15835 5.00206e-05
1985 2.93397 -1.15835 5.20007e-05
1986 2.93397 -1.15835 5.36305e-05
1987 2.93397 -1.15835 5.49885e-05
1988 2.93397 -1.15835 5.6173e-05
1989 2.93397 -1.15835 5.76134e-05
1990 2.93397 -1.15835 5.90731e-05
1991 2.93397 -1.15835 6.02025e-05
1992 2.93397 -1.15835 6.11112e-05
1993 2.93397 -1.15835 6.16677e-05
1994 2.93397 -1.15835 6.17195e-05
1995 2.93397 -1.15835 6.13568e-05
1996 2.93397 -1.15835 6.05419e-05
1997 2.93397 -1.15835 5.92507e-05
1998 2.93397 -1.15835 5.74638e-05
1999 2.93397 -1.15835 5.5231e-05
2000 2.93397 -1.15835 5.27265e-05
2001 2.93397 -1.15835 4.98834e-05
2002 2.93397 -1.15835 4.99599e-05
2003 2.93397 -1.15835 5.14095e-05
2004 2.93397 -1.15835 5.24295e-05
2005 2.93397 -1.15835 5.3167e-05
2006 2.93397 -1.15835 5.36064e-05
2007 2.93397 -1.15835 5.3666e-05
2008 2.93397 -1.15835 5.35513e-05
2009 2.93397 -1.15835 5.3393e-05
2010 2.93397 -1.15835 5.29123e-05
2011 2.93397 -1.15835 5.20234e-05
2012 2.93397 -1.15835 5.07856e-05
2013 2.93397 -1.15835 4.92784e-05
2014 2.93397 -1.15835 4.76651e-05
2015 2.93397 -1.15835 4.56902e-05
2016 2.93397 -1.15835 4.33503e-05
2017 2.93397 -1.15835 4.28051e-05
2018 2.93397 -1.15835 4.43995e-05
2019 2.93397 -1.15835 4.57503e-05
2020 2.93397 -1.15835 4.68497e-05
2021 2.93397 -1.15835 4.79136e-05
2022 2.93397 -1.15835 4.91258e-05
2023 2.93397 -1.15835 5.03273e-05
2024 2.93397 -1.15835 5.12149e-05
2025 2.93397 -1.15835 5.19256e-05
2026 2.93397 -1.15835 5.23281e-05
2027 2.93397 -1.15835 5.22841e-05
2028 2.93397 -1.15835 5.19437e-05
2029 2.93397 -1.15835 5.11764e-05
2030 2.93397 -1.15835 5.00319e-05
2031 2.93397 -1.15835 4.84807e-05
2032 2.93397 -1.15835 4.65418e-05
2033 2.93397 -1.15835 4.44002e-05
2034 2.93397 -1.15835 4.2004e-05
2035 2.93397 -1.15835 4.26164e-05
2036 2.93397 -1.15835 4.3745e-05
2037 2.93397 -1.15835 4.45917e-05
2038 2.93397 -1.15835 4.51701e-05
2039 2.93397 -1.15835 4.54679e-05
2040 2.93397 -1.15835 4.54616e-05
2041 2.93397 -1.15835 4.53961e-05
2042 2.93397 -1.15835 4.52014e-05
2043 2.93397 -1.15835 4.47664e-05
2044 2.93397 -1.15835 4.39555e-05
2045 2.93397 -1.15835 4.28685e-05
2046 2.93397 -1.15835 4.15513e-05
2047 2.93397 -1.15835 4.01448e-05
2048 2.93397 -1.15835 3.84437e-05
2049 2.93397 -1.15835 3.64265e-05
2050 2.93397 -1.15835 3.66271e-05
2051 2.93397 -1.15835 3.79215e-05
2052 2.93397 -1.15835 3.90259e-05
2053 2.93397 -1.15835 3.99323e-05
2054 2.93397 -1.15835 4.08848e-05
2055 2.93397 -1.15835 4.18946e-05
2056 2.93397 -1.15835 4.28647e-05
2057 2.93397 -1.15835 4.35597e-05
2058 2.93397 -1.15835 4.41161e-05
2059 2.93397 -1.15835 4.4397e-05
2060 2.93397 -1.15835 4.43011e-05
2061 2.93397 -1.15835 4.39753e-05
2062 2.93397 -1.15835 4.32673e-05
2063 2.93397 -1.15835 4.22523e-05
2064 2.93397 -1.15835 4.09096e-05
2065 2.93397 -1.15835 3.92459e-05
2066 2.93397 -1.15835 3.74006e-05
2067 2.93397 -1.15835 3.54921e-05
2068 2.93397 -1.15835 3.63428e-05
2069 2.93397 -1.15835 3.72164e-05
2070 2.93397 -1.15835 3.79342e-05
2071 2.93397 -1.15835 3.83716e-05
2072 2.93397 -1.15835 3.85628e-05
2073 2.93397 -1.15835 3.85189e-05
2074 2.93397 -1.15835 3.84889e-05
2075 2.93397 -1.15835 3.82775e-05
2076 2.93397 -1.15835 3.78755e-05
2077 2.93397 -1.15835 3.71454e-05
2078 2.93397 -1.15835 3.61905e-05
2079 2.93397 -1.15835 3.50428e-05
2080 2.93397 -1.15835 3.38225e-05
2081 2.93397 -1.15835 3.23549e-05
2082 2.93397 -1.15835 3.06758e-05
2083 2.93397 -1.15835 3.13545e-05
2084 2.93397 -1.15835 3.23992e-05
2085 2.93397 -1.15835 3.32795e-05
2086 2.93397 -1.15835 3.40446e-05
2087 2.93397 -1.15835 3.48963e-05
2088 2.93397 -1.15835 3.57321e-05
2089 2.93397 -1.15835 3.64994e-05
2090 2.93397 -1.15835 3.70415e-05
2091 2.93397 -1.15835 3.74883e-05
2092 2.93397 -1.15835 3.76637e-05
2093 2.93397 -1.15835 3.75465e-05
2094 2.93397 -1.15835 3.72307e-05
2095 2.93397 -1.15835 3.65853e-05
2096 2.93397 -1.15835 3.56884e-05
2097 2.93397 -1.15835 3.4528e-05
2098 2.93397 -1.15835 3.31114e-05
2099 2.93397 -1.15835 3.15217e-05
2100 2.93397 -1.15835 3.00803e-05
2101 2.93397 -1.15835 3.09846e-05
2102 2.93397 -1.15835 3.17089e-05
2103 2.93397 -1.15835 3.22655e-05
2104 2.93397 -1.15835 3.25956e-05
2105 2.93397 -1.15835 3.27185e-05
2106 2.93397 -1.15835 3.26651e-05
2107 2.93397 -1.15835 3.26301e-05
2108 2.93397 -1.15835 3.24163e-05
2109 2.93397 -1.15835 3.20459e-05
2110 2.93397 -1.15835 3.13938e-05
2111 2.93397 -1.15835 3.0557e-05
2112 2.93397 -1.15835 2.95588e-05
2113 2.93397 -1.15835 2.8501e-05
2114 2.93397 -1.15835 2.72381e-05
2115 2.93397 -1.15835 2.61152e-05
2116 2.93397 -1.15835 2.68374e-05
2117 2.93397 -1.15835 2.76712e-05
2118 2.93397 -1.15835 2.8394e-05
2119 2.93397 -1.15835 2.90894e-05
2120 2.93397 -1.15835 2.97943e-05
2121 2.93397 -1.15835 3.0486e-05
2122 2.93397 -1.15835 3.10774e-05
2123 2.93397 -1.15835 3.15066e-05
2124 2.93397 -1.15835 3.18533e-05
2125 2.93397 -1.15835 3.19494e-05
2126 2.93397 -1.15835 3.18272e-05
2127 2.93397 -1.15835 3.15211e-05
2128 2.93397 -1.15835 3.09379e-05
2129 2.93397 -1.15835 3.01512e-05
2130 2.93397 -1.15835 2.91482e-05
2131 2.93397 -1.15835 2.7945e-05
2132 2.93397 -1.15835 2.65886e-05
2133 2.93397 -1.15835 2.56829e-05
2134 2.93397 -1.15835 2.64312e-05
2135 2.93397 -1.15835 2.70186e-05
2136 2.93397 -1.15835 2.74383e-05
2137 2.93397 -1.15835 2.76879e-05
2138 2.93397 -1.15835 2.77569e-05
2139 2.93397 -1.15835 2.7717e-05
2140 2.93397 -1.15835 2.76623e-05
2141 2.93397 -1.15835 2.74635e-05
2142 2.93397 -1.15835 2.71146e-05
2143 2.93397 -1.15835 2.65366e-05
2144 2.93397 -1.15835 2.58043e-05
2145 2.93397 -1.15835 2.49378e-05
2146 2.93397 -1.15835 2.40214e-05
2147 2.93397 -1.15835 2.29427e-05
2148 2.93397 -1.15835 2.22315e-05
2149 2.93397 -1.15835 2.29625e-05
2150 2.93397 -1.15835 2.36339e-05
2151 2.93397 -1.15835 2.42229e-05
2152 2.93397 -1.15835 2.48508e-05
2153 2.93397 -1.15835 2.54333e-05
2154 2.93397 -1.15835 2.60035e-05
2155 2.93397 -1.15835 2.6467e-05
2156 2.93397 -1.15835 2.68117e-05
2157 2.93397 -1.15835 2.70635e-05
2158 2.93397 -1.15835 2.71018e-05
2159 2.93397 -1.15835 2.69812e-05
2160 2.93397 -1.15835 2.66879e-05
2161 2.93397 -1.15835 2.61649e-05
2162 2.93397 -1.15835 2.54813e-05
2163 2.93397 -1.15835 2.46124e-05
2164 2.93397 -1.15835 2.35921e-05
2165 2.93397 -1.15835 2.24514e-05
2166 2.93397 -1.15835 2.19519e-05
2167 2.93397 -1.15835 2.25522e-05
2168 2.93397 -1.15835 2.30161e-05
2169 2.93397 -1.15835 2.33299e-05
2170 2.93397 -1.15835 2.35188e-05
2171 2.93397 -1.15835 2.35492e-05
2172 2.93397 -1.15835 2.35201e-05
2173 2.93397 -1.15835 2.34553e-05
2174 2.93397 -1.15835 2.32681e-05
2175 2.93397 -1.15835 2.29436e-05
2176 2.93397 -1.15835 2.24347e-05
2177 2.93397 -1.15835 2.1798e-05
2178 2.93397 -1.15835 2.10438e-05
2179 2.93397 -1.15835 2.02503e-05
2180 2.93397 -1.15835 1.93318e-05
2181 2.93397 -1.15835 1.90248e-05
2182 2.93397 -1.15835 1.96412e-05
2183 2.93397 -1.15835 2.01851e-05
2184 2.93397 -1.15835 2.07021e-05
2185 2.93397 -1.15835 2.12246e-05
2186 2.93397 -1.15835 2.17048e-05
2187 2.93397 -1.15835 2.21738e-05
2188 2.93397 -1.15835 2.2537e-05
2189 2.93397 -1.15835 2.28173e-05
2190 2.93397 -1.15835 2.2993e-05
2191 2.93397 -1.15835 2.29946e-05
2192 2.93397 -1.15835 2.28754e-05
2193 2.93397 -1.15835 2.25967e-05
2194 2.93397 -1.15835 2.21308e-05
2195 2.93397 -1.15835 2.15381e-05
2196 2.93397 -1.15835 2.07876e-05
2197 2.93397 -1.15835 1.99236e-05
2198 2.93397 -1.15835 1.89654e-05
2199 2.93397 -1.15835 1.87612e-05
2200 2.93397 -1.15835 1.92375e-05
2201 2.93397 -1.15835 1.96021e-05
2202 2.93397 -1.15835 1.9837e-05
2203 2.93397 -1.15835 1.9975e-05
2204 2.93397 -1.15835 1.99878e-05
2205 2.93397 -1.15835 1.99594e-05
2206 2.93397 -1.15835 1.98895e-05
2207 2.93397 -1.15835 1.97171e-05
2208 2.93397 -1.15835 1.94177e-05
2209 2.93397 -1.15835 1.89735e-05
2210 2.93397 -1.15835 1.8418e-05
2211 2.93397 -1.15835 1.77619e-05
2212 2.93397 -1.15835 1.7075e-05
2213 2.93397 -1.15835 1.62956e-05
2214 2.93397 -1.15835 1.62979e-05
2215 2.93397 -1.15835 1.67954e-05
2216 2.93397 -1.15835 1.72457e-05
2217 2.93397 -1.15835 1.77055e-05
2218 2.93397 -1.15835 1.81249e-05
2219 2.93397 -1.15835 1.85193e-05
2220 2.93397 -1.15835 1.89033e-05
2221 2.93397 -1.15835 1.91877e-05
2222 2.93397 -1.15835 1.94143e-05
2223 2.93397 -1.15835 1.95341e-05
2224 2.93397 -1.15835 1.9513e-05
2225 2.93397 -1.15835 1.93949e-05
2226 2.93397 -1.15835 1.91339e-05
2227 2.93397 -1.15835 1.87217e-05
2228 2.93397 -1.15835 1.82084e-05
2229 2.93397 -1.15835 1.75664e-05
2230 2.93397 -1.15835 1.68311e-05
2231 2.93397 -1.15835 1.60269e-05
2232 2.93397 -1.15835 1.60315e-05
2233 2.93397 -1.15835 1.64071e-05
2234 2.93397 -1.15835 1.66943e-05
2235 2.93397 -1.15835 1.68715e-05
2236 2.93397 -1.15835 1.69634e-05
2237 2.93397 -1.15835 1.69677e-05
2238 2.93397 -1.15835 1.69458e-05
2239 2.93397 -1.15835 1.68682e-05
2240 2.93397 -1.15835 1.67083e-05
2241 2.93397 -1.15835 1.64356e-05
2242 2.93397 -1.15835 1.60485e-05
2243 2.93397 -1.15835 1.55661e-05
2244 2.93397 -1.15835 1.50007e-05
2245 2.93397 -1.15835 1.44012e-05
2246 2.93397 -1.15835 1.3741e-05
2247 2.93397 -1.15835 1.39605e-05
2248 2.93397 -1.15835 1.4358e-05
2249 2.93397 -1.15835 1.47558e-05
2250 2.93397 -1.15835 1.51433e-05
2251 2.93397 -1.15835 1.54816e-05
2252 2.93397 -1.15835 1.58074e-05
2253 2.93397 -1.15835 1.61119e-05
2254 2.93397 -1.15835 1.63396e-05
2255 2.93397 -1.15835 1.65168e-05
2256 2.93397 -1.15835 1.65937e-05
2257 2.93397 -1.15835 1.65581e-05
2258 2.93397 -1.15835 1.64443e-05
2259 2.93397 -1.15835 1.62047e-05
2260 2.93397 -1.15835 1.58403e-05
2261 2.93397 -1.15835 1.53963e-05
2262 2.93397 -1.15835 1.48486e-05
2263 2.93397 -1.15835 1.42236e-05
2264 2.93397 -1.15835 1.35504e-05
2265 2.93397 -1.15835 1.36962e-05
2266 2.93397 -1.15835 1.39895e-05
2267 2.93397 -1.15835 1.42154e-05
2268 2.93397 -1.15835 1.43492e-05
2269 2.93397 -1.15835 1.44044e-05
2270 2.93397 -1.15835 1.44042e-05
2271 2.93397 -1.15835 1.43899e-05
2272 2.93397 -1.15835 1.43063e-05
2273 2.93397 -1.15835 1.41589e-05
2274 2.93397 -1.15835 1.3914e-05
2275 2.93397 -1.15835 1.35766e-05
2276 2.93397 -1.15835 1.31583e-05
2277 2.93397 -1.15835 1.26764e-05
2278 2.93397 -1.15835 1.21522e-05
2279 2.93397 -1.15835 1.17081e-05
2280 2.93397 -1.15835 1.19542e-05
2281 2.93397 -1.15835 1.22812e-05
2282 2.93397 -1.15835 1.26346e-05
2283 2.93397 -1.15835 1.29479e-05
2284 2.93397 -1.15835 1.3226e-05
2285 2.93397 -1.15835 1.34955e-05
2286 2.93397 -1.15835 1.37346e-05
2287 2.93397 -1.15835 1.3913e-05
2288 2.93397 -1.15835 1.40502e-05
2289 2.93397 -1.15835 1.40947e-05
2290 2.93397 -1.15835 1.40538e-05
2291 2.93397 -1.15835 1.39433e-05
2292 2.93397 -1.15835 1.37256e-05
2293 2.93397 -1.15835 1.34047e-05
2294 2.93397 -1.15835 1.30211e-05
2295 2.93397 -1.15835 1.25548e-05
2296 2.93397 -1.15835 1.20267e-05
2297 2.93397 -1.15835 1.15074e-05
2298 2.93397 -1.15835 1.16976e-05
2299 2.93397 -1.15835 1.19286e-05
2300 2.93397 -1.15835 1.21023e-05
2301 2.93397 -1.15835 1.22044e-05
2302 2.93397 -1.15835 1.22375e-05
2303 2.93397 -1.15835 1.22349e-05
2304 2.93397 -1.15835 1.2219e-05
2305 2.93397 -1.15835 1.21341e-05
2306 2.93397 -1.15835 1.19989e-05
2307 2.93397 -1.15835 1.17805e-05
2308 2.93397 -1.15835 1.14874e-05
2309 2.93397 -1.15835 1.11274e-05
2310 2.93397 -1.15835 1.07151e-05
2311 2.93397 -1.15835 1.02631e-05
2312 2.93397 -1.15835 9.97585e-06
