0 -0.468749 -4.21875 55.858
1 -0.218447 -3.96845 53.705
2 -0.0370308 -3.78703 51.8385
3 0.117666 -3.63233 52.4579
4 0.270022 -3.47998 54.0664
5 0.439459 -3.31054 55.323
6 0.645795 -3.10421 56.2058
7 0.912733 -2.83727 56.5866
8 1.27083 -2.47917 56.3255
9 1.75984 -1.99016 55.2335
10 2.42896 -1.32104 53.0159
11 3.33077 -0.419229 49.3507
12 4.50233 0.752331 43.8886
13 5.92741 2.17741 36.5226
14 7.48978 3.73978 27.2861
15 8.95615 5.20615 25.7745
16 10.0296 6.27964 30.7503
17 10.4579 6.70793 34.9785
18 10.1381 6.38805 36.8681
19 9.17216 5.42216 35.8689
20 7.83075 4.08075 33.2881
21 6.4249 2.6749 30.4912
22 5.18039 1.43039 26.8451
23 4.19592 0.445917 22.312
24 3.47458 -0.275417 17.4258
25 2.9746 -0.775399 13.0262
26 2.64546 -1.10454 12.1117
27 2.44418 -1.30582 13.7075
28 2.3388 -1.4112 15.3
29 2.3068 -1.4432 16.5572
30 2.33259 -1.41741 17.2555
31 2.40532 -1.34468 17.4351
32 2.51742 -1.23258 17.3101
33 2.66327 -1.08673 16.9376
34 2.83816 -0.911839 16.8808
35 3.03726 -0.712742 16.8557
36 3.25478 -0.495218 16.5708
37 3.48341 -0.266588 15.9706
38 3.71412 -0.0358833 15.0745
39 3.93654 0.186539 13.853
40 4.13993 0.38993 12.3978
41 4.31441 0.564414 10.6725
42 4.45218 0.702181 8.7426
43 4.54827 0.798273 8.05716
44 4.60084 0.850838 7.65832
45 4.61103 0.861032 7.79969
46 4.58272 0.83272 8.00018
47 4.52204 0.772042 7.98681
48 4.43679 0.686788 7.91033
49 4.33553 0.585533 7.9099
50 4.22666 0.476664 7.80149
51 4.11748 0.367483 7.58286
52 4.01356 0.263561 7.22282
53 3.91846 0.168462 6.74749
54 3.83384 0.0838378 6.18308
55 3.75984 0.00983905 6.00789
56 3.69576 -0.0542383 5.94513
57 3.64077 -0.109228 5.88193
58 3.59453 -0.155465 5.79621
59 3.55755 -0.192446 5.62992
60 3.53111 -0.21889 5.54151
61 3.51685 -0.233152 5.81505
62 3.51619 -0.233812 6.07661
63 3.52982 -0.220179 6.27875
64 3.55741 -0.192588 6.41732
65 3.59757 -0.152432 6.45554
66 3.64796 -0.102037 6.37235
67 3.70556 -0.0444418 6.16517
68 3.7668 0.0168026 5.85076
69 3.82783 0.0778291 5.45956
70 3.88465 0.134646 5.12683
71 3.93339 0.183387 4.8571
72 3.97066 0.220656 4.59331
73 3.99397 0.243973 4.36194
74 4.00223 0.25223 4.11399
75 3.99601 0.246006 3.84446
76 3.97754 0.227545 3.539
77 3.95035 0.20035 3.17805
78 3.91849 0.168489 3.1266
79 3.88584 0.135845 3.20135
80 3.85554 0.105542 3.2162
81 3.82967 0.0796746 3.20153
82 3.8093 0.0593005 3.20087
83 3.7946 0.0445951 3.2635
84 3.78506 0.0350642 3.31336
85 3.77974 0.0297423 3.368
86 3.77736 0.0273608 3.39266
87 3.7765 0.0264959 3.41615
88 3.77572 0.0257221 3.40532
89 3.77378 0.0237827 3.36005
90 3.76978 0.0197754 3.29083
91 3.76332 0.0133181 3.18114
92 3.75465 0.00464701 3.0133
93 3.7446 -0.00539916 2.79195
94 3.73447 -0.0155258 2.52084
95 3.72577 -0.0242302 2.58193
96 3.71991 -0.0300861 2.68416
97 3.71801 -0.0319893 2.7405
98 3.72068 -0.0293161 2.76444
99 3.72802 -0.021982 2.77311
100 3.73958 -0.0104204 2.77721
101 3.75448 0.00448464 2.76332
102 3.77149 0.0214856 2.73935
103 3.78907 0.0390696 2.74103
104 3.80558 0.0555774 2.71337
105 3.81936 0.0693586 2.67575
106 3.82897 0.0789746 2.62816
107 3.83343 0.0834304 2.53022
108 3.83239 0.0823867 2.39417
109 3.82628 0.0762762 2.20514
110 3.81626 0.0662614 1.96617
111 3.80402 0.0540209 1.76116
112 3.79142 0.0414192 1.85966
113 3.78016 0.0301584 1.9456
114 3.77151 0.0215096 1.99191
115 3.76617 0.016174 2.03486
116 3.76427 0.0142717 2.06985
117 3.76542 0.0154206 2.10372
118 3.76886 0.0188595 2.1009
119 3.77358 0.023584 2.11029
120 3.77848 0.0284791 2.14324
121 3.78245 0.0324487 2.18359
122 3.78454 0.0345429 2.19388
123 3.78408 0.0340809 2.17789
124 3.78076 0.0307561 2.12815
125 3.7747 0.0247006 2.03933
126 3.76649 0.0164877 1.90739
127 3.75706 0.00705756 1.74323
128 3.74758 -0.00242371 1.66328
129 3.73926 -0.0107445 1.79732
130 3.73317 -0.0168288 1.89905
131 3.73012 -0.0198819 1.97818
132 3.73052 -0.0194816 2.03394
133 3.73439 -0.0156106 2.05949
134 3.74136 -0.00864205 2.06046
135 3.75071 0.000710571 2.02706
136 3.76147 0.0114696 1.9666
137 3.77249 0.0224933 1.90771
138 3.7826 0.0326008 1.89136
139 3.79072 0.0407194 1.87156
140 3.79604 0.0460395 1.8281
141 3.79815 0.0481498 1.74601
142 3.79711 0.0471144 1.63079
143 3.79346 0.0434625 1.47809
144 3.78808 0.038082 1.33263
145 3.78204 0.0320401 1.42087
146 3.77638 0.0263793 1.50891
147 3.77194 0.0219395 1.58626
148 3.76924 0.0192425 1.63981
149 3.76845 0.0184498 1.67176
150 3.76938 0.0193841 1.68559
151 3.77159 0.0215929 1.71216
152 3.77444 0.0244362 1.77817
153 3.77718 0.0271837 1.82766
154 3.77911 0.0291131 1.85208
155 3.77961 0.0296074 1.86084
156 3.77824 0.0282417 1.84783
157 3.77485 0.0248529 1.80355
158 3.76958 0.0195769 1.72559
159 3.76284 0.0128444 1.61375
160 3.75533 0.00532863 1.47232
161 3.74785 -0.00214807 1.36902
162 3.74127 -0.0087326 1.47386
163 3.73634 -0.0136616 1.55645
164 3.73364 -0.0163633 1.61299
165 3.73347 -0.016526 1.64827
166 3.73587 -0.0141282 1.65683
167 3.74057 -0.00943339 1.63974
168 3.74705 -0.00295434 1.60428
169 3.75461 0.00460684 1.55357
170 3.76244 0.0124383 1.51267
171 3.76971 0.0197137 1.51954
172 3.7757 0.0256964 1.51269
173 3.77984 0.0298392 1.47458
174 3.78186 0.0318641 1.40748
175 3.7818 0.031801 1.31369
176 3.77997 0.0299737 1.19206
177 3.77693 0.0269319 1.09275
178 3.77334 0.0233428 1.17776
179 3.76987 0.0198688 1.24944
180 3.76706 0.0170564 1.30738
181 3.76526 0.0152598 1.34045
182 3.7646 0.0146047 1.35109
183 3.76499 0.0149934 1.34333
184 3.76614 0.0161397 1.34284
185 3.76763 0.0176258 1.39431
186 3.76897 0.018969 1.42615
187 3.76969 0.0196943 1.44025
188 3.7694 0.0194034 1.43406
189 3.76784 0.0178366 1.4251
190 3.76492 0.0149174 1.39058
191 3.76077 0.010774 1.32783
192 3.75573 0.00573092 1.23754
193 3.75027 0.000269554 1.12383
194 3.74496 -0.00503658 1.06829
195 3.7404 -0.0096016 1.15518
196 3.73709 -0.012908 1.21911
197 3.73542 -0.0145751 1.2637
198 3.73559 -0.0144062 1.29043
199 3.73759 -0.0124099 1.29522
200 3.7412 -0.00879559 1.27655
201 3.74605 -0.00394614 1.24484
202 3.75163 0.00162812 1.2169
203 3.75735 0.00735015 1.20257
204 3.76265 0.0126461 1.21531
205 3.76702 0.0170175 1.20848
206 3.77011 0.0201061 1.1755
207 3.77174 0.0217403 1.11847
208 3.77195 0.0219539 1.04109
209 3.77097 0.02097 0.93908
210 3.76915 0.0191541 0.870003
211 3.76694 0.0169435 0.948501
212 3.76477 0.0147701 1.0083
213 3.76299 0.0129897 1.05386
214 3.76183 0.0118323 1.07862
215 3.76138 0.0113773 1.08533
216 3.76155 0.0115545 1.07647
217 3.76217 0.0121674 1.08081
218 3.76293 0.012931 1.12699
219 3.76352 0.0135205 1.15417
220 3.76362 0.0136216 1.16597
221 3.76298 0.012981 1.16327
222 3.76145 0.0114475 1.15506
223 3.759 0.00900075 1.1257
224 3.75576 0.00576198 1.07283
225 3.75198 0.00198359 0.998616
226 3.74802 -0.00198142 0.904504
227 3.74427 -0.00572605 0.890211
228 3.74116 -0.00884457 0.961231
229 3.73901 -0.0109873 1.01296
230 3.73809 -0.0119067 1.04846
231 3.73851 -0.0114886 1.06794
232 3.74024 -0.00976487 1.06734
233 3.74309 -0.00690873 1.04875
234 3.74679 -0.00321221 1.02041
235 3.75095 0.000949384 0.998796
236 3.75516 0.00516318 0.989767
237 3.75903 0.00902931 0.999601
238 3.76221 0.0122106 0.99153
239 3.76447 0.0144745 0.960719
240 3.76572 0.0157199 0.9116
241 3.76598 0.0159844 0.844344
242 3.76543 0.0154296 0.757428
243 3.76431 0.0143063 0.732195
244 3.76291 0.0129077 0.795004
245 3.76152 0.0115183 0.84479
246 3.76037 0.010369 0.878471
247 3.7596 0.00960437 0.896085
248 3.75927 0.00926735 0.896364
249 3.7593 0.00930076 0.8884
250 3.75956 0.00956357 0.902266
251 3.75986 0.0098584 0.93778
252 3.75997 0.00996579 0.956981
253 3.75968 0.0096807 0.964782
254 3.75885 0.00884686 0.96306
255 3.75738 0.00738463 0.955505
256 3.75531 0.00530827 0.927803
257 3.75273 0.00272994 0.88085
258 3.74985 -0.000150912 0.815138
259 3.74693 -0.00307165 0.734725
260 3.74426 -0.00574051 0.752861
261 3.74212 -0.00787536 0.809176
262 3.74076 -0.00924123 0.8486
263 3.74032 -0.00968105 0.873587
264 3.74086 -0.00913561 0.884775
265 3.74235 -0.00765061 0.879947
266 3.74463 -0.00537046 0.860364
267 3.74748 -0.00252019 0.838481
268 3.75062 0.000622174 0.819981
269 3.75376 0.00375965 0.82287
270 3.75661 0.00661247 0.827832
271 3.75895 0.00895197 0.816633
272 3.76063 0.0106274 0.78735
273 3.76158 0.0115811 0.743185
274 3.76185 0.0118503 0.683746
275 3.76155 0.0115532 0.608823
276 3.76086 0.0108646 0.619072
277 3.75998 0.00998287 0.670712
278 3.7591 0.00909639 0.709397
279 3.75835 0.00835384 0.735234
280 3.75784 0.00784371 0.746501
281 3.75759 0.00758502 0.743028
282 3.75753 0.00752963 0.735091
283 3.75757 0.0075747 0.750799
284 3.75758 0.00758287 0.778643
285 3.75741 0.00740693 0.792158
286 3.75692 0.00691565 0.797203
287 3.75602 0.00601726 0.796853
288 3.75468 0.00467755 0.78883
289 3.75293 0.00292973 0.762929
290 3.75087 0.000874545 0.720328
291 3.74867 -0.00132979 0.662569
292 3.74651 -0.00348653 0.592162
293 3.74461 -0.00538547 0.635958
294 3.74317 -0.00683041 0.679657
295 3.74234 -0.00766485 0.709746
296 3.74221 -0.00779238 0.728085
297 3.74281 -0.00718901 0.733177
298 3.74409 -0.00590613 0.725559
299 3.74594 -0.00406405 0.706372
300 3.74816 -0.00183711 0.689148
301 3.75057 0.000567635 0.673717
302 3.75294 0.00293552 0.682792
303 3.75507 0.00507 0.684528
304 3.75682 0.00681555 0.672168
305 3.75807 0.00807461 0.643866
306 3.75882 0.00881594 0.605045
307 3.75907 0.00907304 0.552224
308 3.75893 0.00893311 0.487558
309 3.75852 0.00851854 0.524075
310 3.75796 0.00796423 0.566074
311 3.75739 0.00739473 0.595289
312 3.7569 0.00690498 0.613751
313 3.75655 0.00654739 0.620131
314 3.75633 0.00632673 0.61604
315 3.7562 0.006203 0.609061
316 3.7561 0.00610129 0.62687
317 3.75593 0.00592678 0.648857
318 3.75558 0.00558248 0.659279
319 3.75499 0.00498737 0.662992
320 3.75409 0.00409216 0.661677
321 3.75289 0.00289067 0.652125
322 3.75142 0.0014249 0.627151
323 3.74978 -0.000216983 0.588199
324 3.74809 -0.00190968 0.537254
325 3.74649 -0.0035056 0.495627
326 3.74515 -0.00485332 0.539253
327 3.74418 -0.00581706 0.57252
328 3.74371 -0.00629425 0.593943
329 3.74377 -0.00622879 0.606315
330 3.74438 -0.00561831 0.607252
331 3.74549 -0.00451458 0.597723
332 3.74698 -0.00301722 0.579132
333 3.74874 -0.00126154 0.567031
334 3.7506 0.000597768 0.558736
335 3.75241 0.00240502 0.567827
336 3.75402 0.00402167 0.566702
337 3.75534 0.0053417 0.552952
338 3.7563 0.0063021 0.526311
339 3.75689 0.00688702 0.491504
340 3.75713 0.00712504 0.44485
341 3.75708 0.00708014 0.403541
342 3.75684 0.00683802 0.445035
343 3.75649 0.00649027 0.478107
344 3.75612 0.0061189 0.500093
345 3.75578 0.00578375 0.512531
346 3.75551 0.00551458 0.515198
347 3.75531 0.00530862 0.510064
348 3.75513 0.0051337 0.505563
349 3.75494 0.00493601 0.524182
350 3.75465 0.0046513 0.539929
351 3.75422 0.00421762 0.547394
352 3.75359 0.00358782 0.550245
353 3.75274 0.00273999 0.5472
354 3.75168 0.00168423 0.535999
355 3.75046 0.000464787 0.512126
356 3.74916 -0.000843015 0.476635
357 3.74786 -0.00214053 0.431344
358 3.74668 -0.00331733 0.42122
359 3.74574 -0.00426479 0.455482
360 3.74511 -0.00488986 0.480111
361 3.74487 -0.0051269 0.49587
362 3.74505 -0.00494618 0.502944
363 3.74564 -0.0043578 0.501139
364 3.74659 -0.00341062 0.490595
365 3.74781 -0.00218646 0.473686
366 3.74921 -0.00079031 0.464994
367 3.75066 0.000662012 0.465975
368 3.75206 0.00205731 0.472348
369 3.7533 0.00329762 0.468091
370 3.75431 0.00431045 0.453645
371 3.75506 0.00505508 0.429805
372 3.75552 0.00552435 0.397829
373 3.75574 0.00574152 0.35682
374 3.75575 0.00575312 0.343729
375 3.75562 0.00561889 0.377253
376 3.7554 0.00540072 0.403243
377 3.75515 0.00515215 0.419522
378 3.75491 0.00491032 0.427529
379 3.75469 0.00469121 0.427341
380 3.75449 0.00448885 0.421317
381 3.75428 0.00427835 0.420442
382 3.75402 0.00402202 0.438373
383 3.75368 0.00367768 0.449142
384 3.75321 0.0032077 0.453929
385 3.75259 0.00258749 0.456015
386 3.75181 0.00181222 0.451846
387 3.7509 0.000900577 0.439388
388 3.7499 -0.000104897 0.416715
389 3.74886 -0.00114115 0.384472
390 3.74787 -0.00213113 0.344098
391 3.74701 -0.00299268 0.357438
392 3.74635 -0.00364847 0.384188
393 3.74596 -0.00403561 0.402191
394 3.74589 -0.00411362 0.413164
395 3.74613 -0.00386963 0.416425
396 3.74668 -0.0033202 0.412612
397 3.74749 -0.00250948 0.40155
398 3.7485 -0.00150415 0.388259
399 3.74961 -0.000385582 0.380365
400 3.75076 0.000759402 0.388732
401 3.75185 0.00184827 0.392244
402 3.75281 0.00281151 0.38627
403 3.7536 0.0035993 0.371398
404 3.75419 0.00418524 0.35029
405 3.75457 0.00456671 0.320979
406 3.75476 0.00476191 0.284934
407 3.7548 0.00480427 0.293627
408 3.75474 0.00473511 0.320313
409 3.7546 0.00459591 0.339942
410 3.75442 0.00442131 0.351784
411 3.75423 0.00423395 0.356589
412 3.75404 0.0040418 0.354032
413 3.75384 0.00383831 0.347764
414 3.75361 0.00360511 0.350903
415 3.75332 0.00331682 0.366122
416 3.75295 0.0029471 0.373716
417 3.75247 0.00247499 0.376917
418 3.75189 0.00189062 0.377174
419 3.7512 0.00119927 0.372299
420 3.75042 0.000423261 0.359243
421 3.7496 -0.000398716 0.337838
422 3.74879 -0.00121484 0.308767
423 3.74803 -0.00196549 0.275929
424 3.74741 -0.00259001 0.303231
425 3.74697 -0.00303393 0.32395
426 3.74674 -0.0032556 0.337259
427 3.74677 -0.00323145 0.344235
428 3.74704 -0.00295903 0.344761
429 3.74754 -0.00245753 0.339365
430 3.74823 -0.00176567 0.328559
431 3.74906 -0.000937364 0.31916
432 3.74996 -3.5639e-05 0.31717
433 3.75087 0.000874345 0.324769
434 3.75173 0.00173222 0.325579
435 3.75249 0.0024884 0.318525
436 3.75311 0.00310843 0.304333
437 3.75357 0.00357496 0.284996
438 3.75389 0.00388752 0.258715
439 3.75406 0.00405984 0.228249
440 3.75412 0.00411558 0.25097
441 3.75408 0.00408303 0.272016
442 3.75399 0.00398975 0.286251
443 3.75386 0.00385792 0.294708
444 3.7537 0.00370115 0.296993
445 3.75352 0.00352306 0.293432
446 3.75332 0.00331794 0.287723
447 3.75307 0.00307302 0.294589
448 3.75277 0.00277217 0.305704
449 3.7524 0.0024003 0.310947
450 3.75195 0.00194766 0.313751
451 3.75141 0.0014136 0.312206
452 3.75081 0.000808877 0.306394
453 3.75016 0.000156395 0.293302
454 3.74949 -0.000509991 0.273168
455 3.74885 -0.00114838 0.247036
456 3.74829 -0.0017131 0.236078
457 3.74784 -0.0021598 0.25736
458 3.74755 -0.00245064 0.273136
459 3.74744 -0.00255882 0.282825
460 3.74753 -0.00247193 0.287174
461 3.74781 -0.00219364 0.285542
462 3.74826 -0.00174343 0.279442
463 3.74885 -0.00115452 0.269478
464 3.74953 -0.000470255 0.262975
465 3.75026 0.000260607 0.266314
466 3.75099 0.000989052 0.271383
467 3.75167 0.00167073 0.270334
468 3.75227 0.00227005 0.262482
469 3.75276 0.00276289 0.249491
470 3.75314 0.00313764 0.231447
471 3.75339 0.0033946 0.208012
472 3.75354 0.00354378 0.1931
473 3.7536 0.00360165 0.214622
474 3.75359 0.00358736 0.230941
475 3.75352 0.00351905 0.241313
476 3.75341 0.00341084 0.246681
477 3.75327 0.00327084 0.247194
478 3.7531 0.0031006 0.243143
479 3.7529 0.00289587 0.239738
480 3.75265 0.00264848 0.24794
481 3.75235 0.00234915 0.255562
482 3.75199 0.00199056 0.258988
483 3.75157 0.00157031 0.261166
484 3.75109 0.00109318 0.258629
485 3.75057 0.000572423 0.251948
486 3.75003 2.9719e-05 0.239155
487 3.74949 -0.000506136 0.220529
488 3.749 -0.00100175 0.196976
489 3.74858 -0.00142252 0.202061
490 3.74826 -0.00173638 0.218715
491 3.74808 -0.00191748 0.230309
492 3.74805 -0.00194931 0.237244
493 3.74817 -0.00182666 0.239421
494 3.74844 -0.00155649 0.236648
495 3.74884 -0.00115724 0.230242
496 3.74934 -0.000656959 0.222086
497 3.74991 -9.03328e-05 0.216932
498 3.7505 0.000504913 0.22406
499 3.75109 0.0010918 0.227152
500 3.75164 0.00163756 0.224254
501 3.75212 0.00211642 0.216249
502 3.75251 0.00251123 0.204394
503 3.75281 0.002814 0.187569
504 3.75303 0.0030251 0.166621
505 3.75315 0.00315157 0.166773
506 3.7532 0.00320467 0.183491
507 3.7532 0.00319723 0.195985
508 3.75314 0.00314112 0.203427
509 3.75305 0.00304528 0.206797
510 3.75291 0.00291468 0.205686
511 3.75275 0.00275008 0.201831
512 3.75255 0.00254882 0.200659
513 3.75231 0.00230641 0.208733
514 3.75202 0.00201846 0.214113
515 3.75168 0.00168292 0.216924
516 3.7513 0.00130193 0.217309
517 3.75088 0.000883201 0.214268
518 3.75044 0.00044057 0.206939
519 3.74999 -6.42102e-06 0.194675
520 3.74957 -0.000433825 0.177646
521 3.74918 -0.000815392 0.156565
522 3.74887 -0.00112518 0.172943
523 3.74866 -0.00134031 0.185983
524 3.74856 -0.00144356 0.19442
525 3.74857 -0.00142539 0.198885
526 3.74871 -0.00128511 0.199498
527 3.74897 -0.00103115 0.196015
528 3.74932 -0.000680265 0.189517
529 3.74974 -0.000255835 0.183377
530 3.75021 0.000214458 0.183272
531 3.7507 0.000701388 0.188787
532 3.75118 0.00117694 0.189994
533 3.75162 0.00161673 0.1861
534 3.752 0.00200188 0.17828
535 3.75232 0.00231999 0.167101
536 3.75257 0.0025653 0.151802
537 3.75274 0.002738 0.132889
538 3.75284 0.00284285 0.144025
539 3.75289 0.0028874 0.157077
540 3.75288 0.00288016 0.166188
541 3.75283 0.00282888 0.171634
542 3.75274 0.00273933 0.17337
543 3.75261 0.00261471 0.171383
544 3.75246 0.00245571 0.167724
545 3.75226 0.00226119 0.168686
546 3.75203 0.0020294 0.175702
547 3.75176 0.00175939 0.179406
548 3.75145 0.00145248 0.181713
549 3.75111 0.00111345 0.180757
550 3.75075 0.000751296 0.177389
551 3.75038 0.000379294 0.169847
552 3.75001 1.44691e-05 0.158121
553 3.74968 -0.000323627 0.142662
554 3.74939 -0.000614613 0.134736
555 3.74916 -0.000839267 0.148018
556 3.74902 -0.000981536 0.158022
557 3.74897 -0.00103031 0.16409
558 3.74902 -0.000980696 0.16686
559 3.74917 -0.000834709 0.166024
560 3.7494 -0.000601143 0.16221
561 3.74971 -0.000294784 0.156392
562 3.75007 6.50195e-05 0.151814
563 3.75046 0.000456217 0.155146
564 3.75086 0.000856112 0.158993
565 3.75124 0.00124336 0.158667
566 3.7516 0.00159967 0.154229
567 3.75191 0.00191103 0.146887
568 3.75217 0.00216827 0.136331
569 3.75237 0.00236707 0.122514
570 3.75251 0.00250732 0.110802
571 3.75259 0.00259212 0.124243
572 3.75263 0.00262645 0.134372
573 3.75262 0.00261592 0.141027
574 3.75257 0.00256562 0.144626
575 3.75248 0.00247943 0.145159
576 3.75236 0.00235965 0.142733
577 3.75221 0.00220722 0.139797
578 3.75202 0.00202228 0.143038
579 3.75181 0.00180508 0.147989
580 3.75156 0.00155694 0.150658
581 3.75128 0.00128123 0.15214
582 3.75098 0.000984068 0.150441
583 3.75067 0.000674653 0.146628
584 3.75037 0.000365116 0.139146
585 3.75007 6.99061e-05 0.128127
586 3.7498 -0.000195258 0.114126
587 3.74959 -0.000414742 0.116388
588 3.74943 -0.000574487 0.126799
589 3.74934 -0.00066345 0.134102
590 3.74933 -0.000674793 0.138477
591 3.74939 -0.000606691 0.139917
592 3.74954 -0.000462614 0.138322
593 3.74975 -0.000251086 0.134415
594 3.75002 1.5087e-05 0.129478
595 3.75032 0.00031999 0.126693
596 3.75065 0.000646055 0.131612
597 3.75098 0.000975591 0.133775
598 3.75129 0.00129224 0.132242
599 3.75158 0.00158213 0.127728
600 3.75183 0.0018347 0.120834
601 3.75204 0.00204305 0.110964
602 3.7522 0.00220377 0.0984635
603 3.75232 0.00231652 0.0966156
604 3.75238 0.0023832 0.10701
605 3.75241 0.00240704 0.114841
606 3.75239 0.00239175 0.119617
607 3.75234 0.00234079 0.1218
608 3.75226 0.0022569 0.121342
609 3.75214 0.00214202 0.118841
610 3.752 0.00199743 0.11712
611 3.75182 0.00182428 0.121308
612 3.75162 0.00162417 0.124781
613 3.7514 0.00139984 0.126853
614 3.75116 0.00115577 0.127223
615 3.7509 0.000898565 0.12524
616 3.75064 0.000636991 0.120961
617 3.75038 0.00038175 0.113731
618 3.75014 0.000144864 0.103581
619 3.74994 -6.12032e-05 0.0909098
620 3.74978 -0.0002246 0.100435
621 3.74966 -0.000335196 0.108505
622 3.74961 -0.000385587 0.113818
623 3.74963 -0.000371892 0.116683
624 3.74971 -0.000294212 0.117133
625 3.74984 -0.000156708 0.115056
626 3.75003 3.27223e-05 0.111146
627 3.75026 0.00026313 0.107464
628 3.75052 0.00052147 0.107882
629 3.75079 0.000793726 0.111519
630 3.75107 0.00106605 0.112395
631 3.75133 0.00132579 0.110163
632 3.75156 0.00156235 0.105728
633 3.75177 0.00176764 0.099131
634 3.75194 0.00193632 0.0900628
635 3.75207 0.00206565 0.0787918
636 3.75216 0.0021551 0.0840598
637 3.75221 0.00220576 0.092155
638 3.75222 0.00221973 0.0979727
639 3.7522 0.0021995 0.101381
640 3.75215 0.00214752 0.102554
641 3.75207 0.00206593 0.101464
642 3.75196 0.00195653 0.09914
643 3.75182 0.00182097 0.0986645
644 3.75166 0.00166108 0.102727
645 3.75148 0.00147934 0.105118
646 3.75128 0.0012793 0.106743
647 3.75107 0.00106589 0.106236
648 3.75085 0.00084565 0.104079
649 3.75063 0.000626576 0.0996402
650 3.75042 0.00041787 0.0926828
651 3.75023 0.00022937 0.0834166
652 3.75007 7.08372e-05 0.0782304
653 3.74995 -4.88559e-05 0.0864983
654 3.74988 -0.000122533 0.0927012
655 3.74985 -0.000145411 0.0965124
656 3.74988 -0.000115611 0.0982409
657 3.74997 -3.43953e-05 0.0978682
658 3.75009 9.38769e-05 0.0955361
659 3.75026 0.000262092 0.092034
660 3.75046 0.000460972 0.0891785
661 3.75068 0.000679842 0.0919445
662 3.75091 0.000907491 0.0943033
663 3.75113 0.00113302 0.0942152
664 3.75135 0.00134658 0.0916659
665 3.75154 0.00153994 0.0874085
666 3.75171 0.00170686 0.0811269
667 3.75184 0.00184313 0.0728695
668 3.75195 0.00194648 0.0647512
669 3.75202 0.00201628 0.0729529
670 3.75205 0.0020531 0.0792963
671 3.75206 0.00205832 0.0834679
672 3.75203 0.00203369 0.0857606
673 3.75198 0.00198106 0.0861719
674 3.7519 0.00190226 0.0847935
675 3.7518 0.00179906 0.0827547
676 3.75167 0.00167341 0.0837904
677 3.75153 0.00152758 0.0869536
678 3.75136 0.00136456 0.0888188
679 3.75119 0.00118824 0.0897164
680 3.751 0.00100361 0.0886709
681 3.75082 0.000816779 0.0863331
682 3.75063 0.000634844 0.0818837
683 3.75047 0.000465554 0.0752811
684 3.75032 0.000316847 0.0668825
685 3.7502 0.000196279 0.0680274
686 3.75011 0.000110402 0.0744397
687 3.75006 6.41906e-05 0.0790495
688 3.75006 6.05658e-05 0.0817537
689 3.7501 0.000100084 0.0826811
690 3.75018 0.000180834 0.0817522
691 3.7503 0.000298554 0.0794027
692 3.75045 0.000446957 0.0764543
693 3.75062 0.000618227 0.0751327
694 3.7508 0.00080363 0.0782732
695 3.75099 0.00099417 0.07959
696 3.75118 0.00118121 0.0787619
697 3.75136 0.00135703 0.0761498
698 3.75152 0.00151519 0.072077
699 3.75165 0.00165077 0.0662121
700 3.75176 0.00176042 0.0586974
701 3.75184 0.00184225 0.0567667
702 3.7519 0.00189558 0.0631826
703 3.75192 0.0019207 0.068062
704 3.75192 0.00191855 0.0710394
705 3.75189 0.00189042 0.0724242
706 3.75184 0.00183784 0.0722527
707 3.75176 0.00176246 0.0706819
708 3.75167 0.00166612 0.0692923
709 3.75155 0.00155091 0.0713611
710 3.75142 0.00141938 0.0736046
711 3.75127 0.00127472 0.0750219
712 3.75112 0.00112086 0.07525
713 3.75096 0.000962585 0.0740013
714 3.75081 0.000805424 0.0714206
715 3.75066 0.000655511 0.0670956
716 3.75052 0.000519272 0.0609905
717 3.7504 0.000403035 0.0533887
718 3.75031 0.000312576 0.0589965
719 3.75025 0.000252663 0.0639983
720 3.75023 0.000226646 0.0673081
721 3.75024 0.000236143 0.0691138
722 3.75028 0.000280862 0.0694222
723 3.75036 0.000358583 0.0681967
724 3.75047 0.000465307 0.0658473
725 3.7506 0.000595549 0.0636928
726 3.75074 0.000742749 0.0642344
727 3.7509 0.000899755 0.066508
728 3.75106 0.00105932 0.0670547
729 3.75121 0.00121457 0.0657585
730 3.75136 0.00135938 0.0632035
731 3.75149 0.00148866 0.0592557
732 3.7516 0.00159853 0.0538275
733 3.75169 0.00168626 0.0470691
734 3.75175 0.00175027 0.0496094
735 3.75179 0.00178994 0.0546429
736 3.75181 0.00180539 0.0582595
737 3.7518 0.00179729 0.0603792
738 3.75177 0.0017667 0.0611559
739 3.75171 0.00171497 0.0605403
740 3.75164 0.00164366 0.0590527
741 3.75155 0.00155462 0.0583905
742 3.75145 0.00145005 0.0606607
743 3.75133 0.00133258 0.0622165
744 3.75121 0.00120542 0.063287
745 3.75107 0.00107235 0.0629993
746 3.75094 0.000937773 0.0616348
747 3.75081 0.000806577 0.0589569
748 3.75068 0.000683968 0.0547889
749 3.75058 0.000575202 0.0492147
750 3.75049 0.000485263 0.0459221
751 3.75042 0.000418516 0.0510212
752 3.75038 0.000378366 0.0548878
753 3.75037 0.000366979 0.0572458
754 3.75039 0.000385075 0.0583219
755 3.75043 0.000431846 0.0581529
756 3.7505 0.00050498 0.0567483
757 3.7506 0.000600824 0.0546495
758 3.75071 0.000714634 0.0530847
759 3.75084 0.000840916 0.0549385
760 3.75097 0.000973803 0.0563803
761 3.75111 0.00110743 0.0563378
762 3.75124 0.00123629 0.0548563
763 3.75136 0.00135551 0.0523528
764 3.75146 0.00146103 0.0485946
765 3.75155 0.00154972 0.0436167
766 3.75162 0.00161939 0.0383398
767 3.75167 0.00166873 0.0432524
768 3.7517 0.00169718 0.0471714
769 3.7517 0.00170481 0.0497606
770 3.75169 0.00169215 0.0512055
771 3.75166 0.00166013 0.051503
772 3.75161 0.00160999 0.0506919
773 3.75154 0.00154326 0.0493241
774 3.75146 0.00146177 0.0495307
775 3.75137 0.00136773 0.0515219
776 3.75126 0.00126375 0.0527945
777 3.75115 0.00115291 0.0533255
778 3.75104 0.00103873 0.0526808
779 3.75093 0.000925147 0.051221
780 3.75082 0.000816405 0.0485486
781 3.75072 0.000716855 0.0445699
782 3.75063 0.000630745 0.0395275
783 3.75056 0.000561958 0.0401071
784 3.75051 0.000513747 0.0440817
785 3.75049 0.000488489 0.0469437
786 3.75049 0.000487495 0.048614
787 3.75051 0.000510886 0.0492052
788 3.75056 0.000557558 0.048669
789 3.75063 0.000625245 0.0472689
790 3.75071 0.000710667 0.0455761
791 3.75081 0.000809749 0.0449076
792 3.75092 0.000917892 0.0468859
793 3.75103 0.00103027 0.0476717
794 3.75114 0.00114213 0.0471872
795 3.75125 0.00124903 0.0456593
796 3.75135 0.00134704 0.0432339
797 3.75143 0.00143293 0.0397227
798 3.7515 0.00150417 0.0351991
799 3.75156 0.00155899 0.0336593
800 3.7516 0.00159631 0.0375915
801 3.75162 0.00161567 0.0406006
802 3.75162 0.00161712 0.0424485
803 3.7516 0.00160116 0.0433282
804 3.75157 0.00156864 0.0432664
805 3.75152 0.00152074 0.0423288
806 3.75146 0.00145894 0.0413571
807 3.75139 0.00138504 0.0423032
808 3.7513 0.00130119 0.0437301
809 3.75121 0.00120988 0.0446985
810 3.75111 0.00111399 0.0448095
811 3.75102 0.00101671 0.0440299
812 3.75092 0.000921509 0.0424546
813 3.75083 0.00083199 0.0398473
814 3.75075 0.000751753 0.0361735
815 3.75068 0.000684193 0.0315785
816 3.75063 0.000632302 0.0349141
817 3.7506 0.000598466 0.0380172
818 3.75058 0.000584294 0.0400621
819 3.75059 0.000590489 0.0411919
820 3.75062 0.000616781 0.0414027
821 3.75066 0.000661927 0.0406885
822 3.75072 0.000723783 0.0393027
823 3.7508 0.000799441 0.038059
824 3.75089 0.000885413 0.038506
825 3.75098 0.000977854 0.0399171
826 3.75107 0.00107279 0.0402334
827 3.75117 0.00116633 0.0394704
828 3.75125 0.00125489 0.037967
829 3.75134 0.00133531 0.0355978
830 3.7514 0.00140496 0.0323256
831 3.75146 0.00146183 0.0282528
832 3.7515 0.00150447 0.0295447
833 3.75153 0.00153201 0.0325948
834 3.75154 0.0015441 0.0348343
835 3.75154 0.00154083 0.0361505
836 3.75152 0.00152267 0.0366567
837 3.75149 0.00149044 0.0363045
838 3.75145 0.00144527 0.0353605
839 3.75139 0.00138859 0.0347769
840 3.75132 0.00132214 0.0360629
841 3.75125 0.00124795 0.0370985
842 3.75117 0.00116835 0.0377604
843 3.75109 0.00108596 0.0375734
844 3.751 0.00100363 0.0367399
845 3.75092 0.00092434 0.0350968
846 3.75085 0.000851136 0.0325834
847 3.75079 0.000786953 0.0292283
848 3.75073 0.000734478 0.0271458
849 3.7507 0.000695988 0.0303099
850 3.75067 0.0006732 0.0326894
851 3.75067 0.000667155 0.0341474
852 3.75068 0.000678133 0.0348191
853 3.75071 0.00070562 0.0347554
854 3.75075 0.000748333 0.0339224
855 3.7508 0.000804294 0.0327088
856 3.75087 0.000870946 0.0317905
857 3.75095 0.000945314 0.0330027
858 3.75102 0.00102418 0.033893
859 3.7511 0.00110426 0.0338531
860 3.75118 0.00118238 0.0329767
861 3.75126 0.00125561 0.0314897
862 3.75132 0.0013214 0.0292347
863 3.75138 0.00137763 0.0262302
864 3.75142 0.00142266 0.0228764
865 3.75146 0.00145536 0.0258275
866 3.75148 0.00147502 0.0282045
867 3.75148 0.00148141 0.0298066
868 3.75147 0.00147464 0.0307243
869 3.75146 0.00145521 0.0309276
870 3.75142 0.0014239 0.0304494
871 3.75138 0.0013818 0.029557
872 3.75133 0.00133029 0.0295016
873 3.75127 0.001271 0.0307121
874 3.75121 0.00120582 0.0315462
875 3.75114 0.00113689 0.0318767
876 3.75107 0.00106655 0.0314721
877 3.751 0.000997294 0.0305595
878 3.75093 0.000931671 0.0289407
879 3.75087 0.000872207 0.0265476
880 3.75082 0.000821279 0.0234944
881 3.75078 0.00078099 0.0237924
882 3.75075 0.00075305 0.0262519
883 3.75074 0.000738666 0.0280204
884 3.75074 0.000738462 0.0290518
885 3.75075 0.00075243 0.0294369
886 3.75078 0.000779917 0.029132
887 3.75082 0.000819665 0.028308
888 3.75087 0.000869875 0.0273184
889 3.75093 0.000928317 0.0270015
890 3.75099 0.000992459 0.0282106
891 3.75106 0.0010596 0.0286949
892 3.75113 0.00112703 0.0283891
893 3.75119 0.00119214 0.0274869
894 3.75125 0.00125255 0.0260314
895 3.75131 0.00130618 0.0239204
896 3.75135 0.00135131 0.0211884
897 3.75139 0.00138665 0.0200834
898 3.75141 0.00141127 0.022489
899 3.75142 0.00142465 0.0243257
900 3.75143 0.00142664 0.0254813
901 3.75142 0.00141741 0.0260407
902 3.7514 0.00139746 0.0260308
903 3.75137 0.00136756 0.0254693
904 3.75133 0.00132875 0.0248177
905 3.75128 0.00128232 0.0252276
906 3.75123 0.00122979 0.0261229
907 3.75117 0.0011729 0.0267595
908 3.75111 0.00111358 0.0268271
909 3.75105 0.00105388 0.0263213
910 3.751 0.000995963 0.0253618
911 3.75094 0.000941979 0.0237826
912 3.75089 0.000894007 0.0215693
913 3.75085 0.000853952 0.0187804
914 3.75082 0.000823442 0.0207851
915 3.7508 0.00080374 0.0226925
916 3.7508 0.00079567 0.0239547
917 3.7508 0.000799553 0.0246646
918 3.75082 0.00081519 0.0248116
919 3.75084 0.000841864 0.0243874
920 3.75088 0.000878376 0.0235895
921 3.75092 0.000923113 0.022846
922 3.75097 0.00097414 0.0231747
923 3.75103 0.0010293 0.0240509
924 3.75109 0.00108634 0.0242507
925 3.75114 0.001143 0.0237814
926 3.7512 0.00119714 0.0228845
927 3.75125 0.00124682 0.021458
928 3.75129 0.00129034 0.0194821
929 3.75133 0.00132633 0.0170186
930 3.75135 0.00135374 0.0176745
931 3.75137 0.00137185 0.0195262
932 3.75138 0.00138029 0.0209154
933 3.75138 0.00137897 0.0217414
934 3.75137 0.00136813 0.0220711
935 3.75135 0.00134826 0.0218741
936 3.75132 0.00132011 0.0212996
937 3.75128 0.00128467 0.0208513
938 3.75124 0.00124313 0.0215497
939 3.7512 0.0011969 0.0222259
940 3.75115 0.00114755 0.0226374
941 3.7511 0.00109679 0.0225171
942 3.75105 0.0010464 0.0219946
943 3.751 0.000998243 0.0209903
944 3.75095 0.000954103 0.0194753
945 3.75092 0.000915682 0.0174422
946 3.75088 0.000884489 0.0161312
947 3.75086 0.000861772 0.0180885
948 3.75085 0.000848447 0.0195521
949 3.75085 0.000845046 0.0204542
950 3.75085 0.000851678 0.020882
951 3.75087 0.000868026 0.0208564
952 3.75089 0.000893353 0.0203706
953 3.75093 0.000926543 0.0196506
954 3.75097 0.000966165 0.0191241
955 3.75101 0.00101054 0.0198906
956 3.75106 0.00105784 0.020448
957 3.75111 0.00110618 0.020428
958 3.75115 0.00115368 0.0198931
959 3.7512 0.00119857 0.0189987
960 3.75124 0.00123928 0.0176414
961 3.75127 0.00127442 0.0158259
962 3.7513 0.00130289 0.0137177
963 3.75132 0.00132385 0.015485
964 3.75134 0.00133676 0.0169305
965 3.75134 0.00134136 0.0179291
966 3.75134 0.00133764 0.0185073
967 3.75133 0.00132586 0.0186472
968 3.75131 0.00130653 0.0183611
969 3.75128 0.00128035 0.0177935
970 3.75125 0.00124826 0.0176675
971 3.75121 0.00121137 0.0183887
972 3.75117 0.00117093 0.0189287
973 3.75113 0.00112836 0.0191314
974 3.75109 0.00108515 0.0188789
975 3.75104 0.00104286 0.0183175
976 3.751 0.00100304 0.0173278
977 3.75097 0.000967172 0.0158841
978 3.75094 0.000936639 0.0140295
979 3.75091 0.000912626 0.0141869
980 3.7509 0.000896074 0.015698
981 3.75089 0.000887631 0.0167894
982 3.75089 0.000887614 0.0174322
983 3.7509 0.000895987 0.0176774
984 3.75091 0.000912361 0.0174999
985 3.75094 0.000936014 0.0170262
986 3.75097 0.000965924 0.0164331
987 3.751 0.00100083 0.0162932
988 3.75104 0.00103928 0.0170245
989 3.75108 0.00107972 0.0173287
990 3.75112 0.00112057 0.0171484
991 3.75116 0.00116028 0.0165994
992 3.7512 0.00119739 0.0157182
993 3.75123 0.00123061 0.0144454
994 3.75126 0.00125881 0.0127921
995 3.75128 0.00128112 0.0120289
996 3.7513 0.00129688 0.0135107
997 3.75131 0.00130567 0.014632
998 3.75131 0.00130734 0.0153506
999 3.7513 0.00130195 0.0157056
1000 3.75129 0.00128977 0.0157107
1001 3.75127 0.0012713 0.0153726
1002 3.75125 0.00124722 0.014947
1003 3.75122 0.0012184 0.0151141
1004 3.75119 0.00118583 0.0156676
1005 3.75115 0.00115067 0.0160818
1006 3.75111 0.00111414 0.016123
1007 3.75108 0.00107756 0.0157951
1008 3.75104 0.00104224 0.015209
1009 3.75101 0.00100949 0.0142568
1010 3.75098 0.00098054 0.0129142
1011 3.75096 0.000956486 0.0112199
1012 3.75094 0.000938251 0.012423
1013 3.75093 0.000926536 0.013595
1014 3.75092 0.000921785 0.0143753
1015 3.75092 0.000924156 0.0148216
1016 3.75093 0.000933516 0.0149176
1017 3.75095 0.000949441 0.0146726
1018 3.75097 0.000971242 0.0142031
1019 3.751 0.000997996 0.0137666
1020 3.75103 0.00102859 0.0139864
1021 3.75106 0.00106179 0.0145289
1022 3.7511 0.00109627 0.0146558
1023 3.75113 0.0011307 0.0143776
1024 3.75116 0.0011638 0.0138339
1025 3.75119 0.00119436 0.0129687
1026 3.75122 0.00122133 0.0117754
1027 3.75124 0.00124381 0.010287
1028 3.75126 0.00126109 0.0106085
1029 3.75127 0.00127267 0.0117538
1030 3.75128 0.00127825 0.0125991
1031 3.75128 0.00127774 0.0131151
1032 3.75127 0.00127125 0.0133252
1033 3.75126 0.00125908 0.0132117
1034 3.75124 0.00124171 0.0128636
1035 3.75122 0.00121977 0.0125522
1036 3.75119 0.00119406 0.0129323
1037 3.75117 0.00116549 0.0133625
1038 3.75114 0.00113507 0.0136216
1039 3.7511 0.00110389 0.0135458
1040 3.75107 0.00107307 0.0132121
1041 3.75104 0.00104373 0.0125989
1042 3.75102 0.00101695 0.0116861
1043 3.75099 0.000993746 0.0104503
1044 3.75097 0.00097498 0.00963039
1045 3.75096 0.000961365 0.0108334
1046 3.75095 0.000953412 0.0117334
1047 3.75095 0.000951408 0.0122955
1048 3.75096 0.0009554 0.0125618
1049 3.75097 0.000965191 0.0125537
1050 3.75098 0.000980349 0.0122764
1051 3.751 0.00100023 0.0118424
1052 3.75102 0.00102401 0.0115454
1053 3.75105 0.00105071 0.0120163
1054 3.75108 0.00107927 0.012364
1055 3.75111 0.00110857 0.0123554
1056 3.75114 0.00113751 0.0120343
1057 3.75116 0.001165 0.0114929
1058 3.75119 0.00119007 0.0106715
1059 3.75121 0.00121185 0.00957197
1060 3.75123 0.00122962 0.00825153
1061 3.75124 0.00124283 0.00931455
1062 3.75125 0.00125109 0.0102017
1063 3.75125 0.00125418 0.0108145
1064 3.75125 0.0012521 0.0111773
1065 3.75124 0.00124497 0.0112686
1066 3.75123 0.00123311 0.0110968
1067 3.75122 0.00121697 0.0107421
1068 3.7512 0.00119716 0.0106319
1069 3.75117 0.00117438 0.0110552
1070 3.75115 0.00114945 0.0113958
1071 3.75112 0.00112327 0.0115218
1072 3.7511 0.00109678 0.0113684
1073 3.75107 0.00107094 0.011015
1074 3.75105 0.00104669 0.0104111
1075 3.75102 0.00102493 0.00953772
1076 3.75101 0.00100647 0.00841037
1077 3.75099 0.000991992 0.00848931
1078 3.75098 0.000982043 0.00941741
1079 3.75098 0.000976984 0.0100921
1080 3.75098 0.000976984 0.0104911
1081 3.75098 0.000982012 0.0106456
1082 3.75099 0.000991832 0.0105447
1083 3.75101 0.00100602 0.0102692
1084 3.75102 0.00102399 0.00991379
1085 3.75104 0.001045 0.00985206
1086 3.75107 0.0010682 0.0102951
1087 3.75109 0.00109269 0.0104862
1088 3.75112 0.00111752 0.0103795
1089 3.75114 0.00114175 0.0100488
1090 3.75116 0.00116451 0.00951502
1091 3.75118 0.00118498 0.00874359
1092 3.7512 0.00120246 0.00774386
1093 3.75122 0.00121638 0.00722589
1094 3.75123 0.0012263 0.00814231
1095 3.75123 0.00123194 0.00882289
1096 3.75123 0.00123315 0.00927176
1097 3.75123 0.00122997 0.00949267
1098 3.75122 0.00122256 0.00950179
1099 3.75121 0.00121123 0.00929799
1100 3.7512 0.0011964 0.00902566
1101 3.75118 0.00117864 0.00908874
1102 3.75116 0.00115858 0.00943135
1103 3.75114 0.00113694 0.00969316
1104 3.75111 0.00111452 0.00972055
1105 3.75109 0.00109212 0.00951733
1106 3.75107 0.00107056 0.00915196
1107 3.75105 0.00105062 0.00857512
1108 3.75103 0.00103305 0.00775884
1109 3.75102 0.00101849 0.00673332
1110 3.75101 0.00100747 0.00744875
1111 3.751 0.00100041 0.00816875
1112 3.751 0.000997551 0.00865284
1113 3.751 0.000998973 0.00893029
1114 3.751 0.00100459 0.00899278
1115 3.75101 0.00101416 0.00885528
1116 3.75103 0.00102727 0.00857506
1117 3.75104 0.00104339 0.00831574
1118 3.75106 0.00106185 0.00845759
1119 3.75108 0.00108193 0.00879317
1120 3.7511 0.00110286 0.00887565
1121 3.75112 0.00112382 0.00870993
1122 3.75114 0.00114405 0.00838144
1123 3.75116 0.00116281 0.00785588
1124 3.75118 0.00117945 0.00713378
1125 3.75119 0.00119338 0.00623194
1126 3.7512 0.00120416 0.00638729
1127 3.75121 0.00121145 0.00709198
1128 3.75122 0.00121504 0.00760825
1129 3.75121 0.00121486 0.00792827
1130 3.75121 0.00121097 0.00806065
1131 3.7512 0.00120354 0.00799512
1132 3.75119 0.00119288 0.00778547
1133 3.75118 0.00117939 0.00758678
1134 3.75116 0.00116357 0.00778574
1135 3.75115 0.001146 0.0080581
1136 3.75113 0.00112732 0.00821791
1137 3.75111 0.00110821 0.00817281
1138 3.75109 0.00108935 0.00796302
1139 3.75107 0.00107145 0.00758565
1140 3.75106 0.00105515 0.0070343
1141 3.75104 0.00104105 0.0062823
1142 3.75103 0.00102968 0.00576783
1143 3.75102 0.00102144 0.00650703
1144 3.75102 0.00101663 0.0070614
1145 3.75102 0.00101541 0.00740975
1146 3.75102 0.0010178 0.00757549
1147 3.75102 0.00102369 0.00757487
1148 3.75103 0.00103281 0.00741658
1149 3.75104 0.0010448 0.00715397
1150 3.75106 0.00105915 0.00698636
1151 3.75108 0.0010753 0.00727216
1152 3.75109 0.00109261 0.00748888
1153 3.75111 0.00111043 0.00748657
1154 3.75113 0.00112807 0.00729565
1155 3.75114 0.0011449 0.0069672
1156 3.75116 0.0011603 0.00646885
1157 3.75117 0.00117374 0.00580124
1158 3.75118 0.00118475 0.00498422
1159 3.75119 0.00119298 0.00561734
1160 3.7512 0.00119818 0.00616258
1161 3.7512 0.00120021 0.00653741
1162 3.7512 0.00119902 0.00676286
1163 3.75119 0.00119471 0.00682199
1164 3.75119 0.00118747 0.00671913
1165 3.75118 0.00117757 0.00650519
1166 3.75117 0.0011654 0.00641443
1167 3.75115 0.0011514 0.0066643
1168 3.75114 0.00113609 0.00687856
1169 3.75112 0.00112004 0.00695526
1170 3.7511 0.00110382 0.00686378
1171 3.75109 0.00108802 0.00664408
1172 3.75107 0.00107323 0.00627483
1173 3.75106 0.00105998 0.00574499
1174 3.75105 0.00104875 0.0050604
1175 3.75104 0.00103997 0.00509462
1176 3.75103 0.00103393 0.00566455
1177 3.75103 0.00103086 0.00608233
1178 3.75103 0.00103084 0.00632851
1179 3.75103 0.00103386 0.00642582
1180 3.75104 0.00103978 0.00637247
1181 3.75105 0.00104833 0.00620805
1182 3.75106 0.00105918 0.00599379
1183 3.75107 0.00107189 0.00596681
1184 3.75109 0.00108595 0.00623578
1185 3.7511 0.00110082 0.00635554
1186 3.75112 0.00111594 0.00629349
1187 3.75113 0.00113074 0.0060951
1188 3.75114 0.00114468 0.00577146
1189 3.75116 0.00115726 0.00530301
1190 3.75117 0.00116805 0.0046977
1191 3.75118 0.00117667 0.00435355
1192 3.75118 0.00118286 0.00491669
1193 3.75119 0.00118641 0.00533629
1194 3.75119 0.00118725 0.00561
1195 3.75119 0.00118537 0.00574782
1196 3.75118 0.00118087 0.00575635
1197 3.75117 0.00117394 0.0056351
1198 3.75116 0.00116485 0.00546139
1199 3.75115 0.00115395 0.0054787
1200 3.75114 0.00114164 0.00569148
1201 3.75113 0.00112837 0.00585608
1202 3.75111 0.00111463 0.00587314
1203 3.7511 0.00110093 0.0057507
1204 3.75109 0.00108775 0.00552364
1205 3.75108 0.00107559 0.00517192
1206 3.75106 0.00106489 0.00467543
1207 3.75106 0.00105603 0.00405381
1208 3.75105 0.00104933 0.00447795
1209 3.75105 0.00104503 0.00492078
1210 3.75104 0.00104329 0.00522003
1211 3.75104 0.00104413 0.0053924
1212 3.75105 0.00104751 0.00543303
1213 3.75105 0.00105328 0.00535625
1214 3.75106 0.0010612 0.00518774
1215 3.75107 0.00107095 0.00503285
1216 3.75108 0.00108213 0.00512223
1217 3.75109 0.00109432 0.0053297
1218 3.75111 0.00110705 0.00538304
1219 3.75112 0.00111983 0.00528428
1220 3.75113 0.0011322 0.0050857
1221 3.75114 0.0011437 0.0047677
1222 3.75115 0.00115393 0.00432995
1223 3.75116 0.00116252 0.00378277
1224 3.75117 0.0011692 0.00385395
1225 3.75117 0.00117375 0.00428677
1226 3.75118 0.00117603 0.00460311
1227 3.75118 0.00117598 0.00480057
1228 3.75117 0.00117365 0.00488377
1229 3.75117 0.00116913 0.00484664
1230 3.75116 0.00116261 0.0047205
1231 3.75115 0.00115434 0.00459403
1232 3.75114 0.00114465 0.00469786
1233 3.75113 0.00113388 0.0048699
1234 3.75112 0.00112243 0.00496893
1235 3.75111 0.00111073 0.00494239
1236 3.7511 0.0010992 0.00481291
1237 3.75109 0.00108826 0.00458032
1238 3.75108 0.00107832 0.00424541
1239 3.75107 0.00106972 0.00378765
1240 3.75106 0.0010628 0.00346368
1241 3.75106 0.00105778 0.00391778
1242 3.75105 0.00105484 0.00425967
1243 3.75105 0.00105409 0.00447471
1244 3.75106 0.00105552 0.00457846
1245 3.75106 0.00105907 0.0045827
1246 3.75106 0.00106458 0.0044894
1247 3.75107 0.00107183 0.00432994
1248 3.75108 0.00108052 0.00423422
1249 3.75109 0.00109032 0.00440731
1250 3.7511 0.00110084 0.00454232
1251 3.75111 0.00111169 0.00454339
1252 3.75112 0.00112246 0.00442898
1253 3.75113 0.00113276 0.00422986
1254 3.75114 0.0011422 0.00392732
1255 3.75115 0.00115047 0.00352388
1256 3.75116 0.00115726 0.0030279
1257 3.75116 0.00116237 0.00339369
1258 3.75117 0.00116561 0.0037295
1259 3.75117 0.00116691 0.00395821
1260 3.75117 0.00116623 0.00409806
1261 3.75116 0.00116363 0.00413614
1262 3.75116 0.00115921 0.00407583
1263 3.75115 0.00115316 0.00394657
1264 3.75115 0.00114571 0.00387872
1265 3.75114 0.00113713 0.00402593
1266 3.75113 0.00112776 0.0041617
1267 3.75112 0.00111793 0.00420879
1268 3.75111 0.001108 0.00415304
1269 3.7511 0.00109835 0.00401733
1270 3.75109 0.00108931 0.00379162
1271 3.75108 0.00108122 0.00346923
1272 3.75107 0.00107438 0.00305376
1273 3.75107 0.00106902 0.00306478
1274 3.75107 0.00106534 0.00341487
1275 3.75106 0.00106346 0.00367307
1276 3.75106 0.00106343 0.003825
1277 3.75107 0.00106524 0.00388614
1278 3.75107 0.00106881 0.00385852
1279 3.75107 0.00107399 0.00375968
1280 3.75108 0.00108056 0.00363026
1281 3.75109 0.00108827 0.00361903
1282 3.7511 0.00109681 0.00378197
1283 3.75111 0.00110586 0.00385715
1284 3.75112 0.00111508 0.0038214
1285 3.75112 0.00112412 0.00370229
1286 3.75113 0.00113265 0.00350567
1287 3.75114 0.00114037 0.00322113
1288 3.75115 0.00114701 0.00285517
1289 3.75115 0.00115233 0.00262775
1290 3.75116 0.00115617 0.0029737
1291 3.75116 0.00115839 0.00323285
1292 3.75116 0.00115895 0.00339933
1293 3.75116 0.00115783 0.00348541
1294 3.75116 0.0011551 0.00349283
1295 3.75115 0.00115088 0.00342009
1296 3.75115 0.00114532 0.0033099
1297 3.75114 0.00113865 0.00331018
1298 3.75113 0.00113111 0.00344392
1299 3.75112 0.00112299 0.00354812
1300 3.75111 0.00111458 0.00355716
1301 3.75111 0.0011062 0.0034824
1302 3.7511 0.00109815 0.00334235
1303 3.75109 0.00109072 0.00312717
1304 3.75108 0.00108418 0.00282462
1305 3.75108 0.00107878 0.00244731
1306 3.75107 0.00107469 0.00269791
1307 3.75107 0.00107206 0.0029706
1308 3.75107 0.00107098 0.00315519
1309 3.75107 0.00107148 0.00326201
1310 3.75107 0.00107352 0.00328846
1311 3.75108 0.00107701 0.00324527
1312 3.75108 0.0010818 0.0031438
1313 3.75109 0.00108771 0.0030508
1314 3.75109 0.00109451 0.0031087
1315 3.7511 0.00110192 0.00323435
1316 3.75111 0.00110967 0.00326869
1317 3.75112 0.00111747 0.00320983
1318 3.75113 0.00112503 0.0030908
1319 3.75113 0.00113207 0.00289762
1320 3.75114 0.00113835 0.00263176
1321 3.75114 0.00114364 0.00230078
1322 3.75115 0.00114777 0.00232921
1323 3.75115 0.00115059 0.00259553
1324 3.75115 0.00115202 0.00279107
1325 3.75115 0.00115202 0.00291075
1326 3.75115 0.00115062 0.00296286
1327 3.75115 0.00114788 0.00294228
1328 3.75114 0.0011439 0.00286587
1329 3.75114 0.00113885 0.00278687
1330 3.75113 0.00113292 0.00284312
1331 3.75113 0.00112632 0.00295209
1332 3.75112 0.00111932 0.00301412
1333 3.75111 0.00111216 0.00299655
1334 3.75111 0.00110511 0.00291566
1335 3.7511 0.00109843 0.00277288
1336 3.75109 0.00109235 0.00256848
1337 3.75109 0.00108711 0.00229018
1338 3.75108 0.00108287 0.00208466
1339 3.75108 0.00107981 0.00236356
1340 3.75108 0.00107801 0.00257425
1341 3.75108 0.00107753 0.00270695
1342 3.75108 0.00107839 0.00277184
1343 3.75108 0.00108053 0.00277756
1344 3.75108 0.00108386 0.00272237
1345 3.75109 0.00108826 0.00262523
1346 3.75109 0.00109354 0.00256954
1347 3.7511 0.00109949 0.0026742
1348 3.75111 0.0011059 0.00275821
1349 3.75111 0.00111252 0.00276036
1350 3.75112 0.00111909 0.00269176
1351 3.75113 0.00112539 0.00257106
1352 3.75113 0.00113117 0.00238792
1353 3.75114 0.00113625 0.00214338
1354 3.75114 0.00114043 0.00184232
1355 3.75114 0.00114358 0.00205366
1356 3.75115 0.0011456 0.00226077
1357 3.75115 0.00114642 0.00240034
1358 3.75115 0.00114603 0.00248655
1359 3.75114 0.00114446 0.00251136
1360 3.75114 0.00114178 0.00247561
1361 3.75114 0.00113808 0.00239786
1362 3.75113 0.00113353 0.00235226
1363 3.75113 0.00112829 0.00244047
1364 3.75112 0.00112255 0.00252603
1365 3.75112 0.00111654 0.00255603
1366 3.75111 0.00111047 0.00251994
1367 3.7511 0.00110457 0.00243512
1368 3.7511 0.00109904 0.00229621
1369 3.75109 0.0010941 0.00210003
1370 3.75109 0.00108992 0.00184716
1371 3.75109 0.00108664 0.00184742
1372 3.75108 0.00108439 0.0020628
1373 3.75108 0.00108323 0.00222188
1374 3.75108 0.0010832 0.00231568
1375 3.75108 0.00108429 0.00235439
1376 3.75109 0.00108645 0.00234102
1377 3.75109 0.00108958 0.00228184
1378 3.75109 0.00109357 0.00220315
1379 3.7511 0.00109826 0.00219754
1380 3.7511 0.00110345 0.00229622
1381 3.75111 0.00110897 0.00234342
1382 3.75111 0.00111459 0.00232316
1383 3.75112 0.00112011 0.00225121
1384 3.75113 0.00112534 0.00213179
1385 3.75113 0.00113007 0.00195941
1386 3.75113 0.00113414 0.00173805
1387 3.75114 0.00113742 0.00158888
1388 3.75114 0.00113979 0.00180165
1389 3.75114 0.00114118 0.00196142
1390 3.75114 0.00114154 0.00206276
1391 3.75114 0.00114088 0.00211623
1392 3.75114 0.00113922 0.00212194
1393 3.75114 0.00113665 0.0020782
1394 3.75113 0.00113326 0.00201091
1395 3.75113 0.00112918 0.0020064
1396 3.75112 0.00112458 0.00208992
1397 3.75112 0.00111961 0.00215579
1398 3.75111 0.00111447 0.00216158
1399 3.75111 0.00110934 0.00211518
1400 3.7511 0.00110442 0.00202696
1401 3.7511 0.00109988 0.0018949
1402 3.7511 0.00109589 0.0017105
1403 3.75109 0.00109258 0.00148091
1404 3.75109 0.00109008 0.00162846
1405 3.75109 0.00108847 0.00179627
1406 3.75109 0.0010878 0.00191025
1407 3.75109 0.00108809 0.00197657
1408 3.75109 0.00108931 0.00199597
1409 3.75109 0.00109143 0.00197105
1410 3.75109 0.00109434 0.00190993
1411 3.7511 0.00109793 0.00185333
1412 3.7511 0.00110206 0.00188921
1413 3.75111 0.00110657 0.00196474
1414 3.75111 0.0011113 0.00198678
1415 3.75112 0.00111606 0.0019517
1416 3.75112 0.00112068 0.00188032
1417 3.75112 0.00112499 0.00176292
1418 3.75113 0.00112884 0.00160182
1419 3.75113 0.00113209 0.00140141
1420 3.75113 0.00113463 0.00141012
1421 3.75114 0.00113638 0.001574
1422 3.75114 0.00113727 0.00169457
1423 3.75114 0.00113729 0.0017674
1424 3.75114 0.00113645 0.00180013
1425 3.75113 0.00113478 0.00178807
1426 3.75113 0.00113236 0.00174311
1427 3.75113 0.00112928 0.00169501
1428 3.75113 0.00112565 0.00172501
1429 3.75112 0.00112163 0.00179375
1430 3.75112 0.00111734 0.00183288
1431 3.75111 0.00111297 0.00182219
1432 3.75111 0.00110866 0.00177198
1433 3.7511 0.00110457 0.0016827
1434 3.7511 0.00110086 0.00155722
1435 3.7511 0.00109765 0.00138783
1436 3.7511 0.00109506 0.00125705
1437 3.75109 0.00109318 0.00142854
1438 3.75109 0.00109207 0.00155808
1439 3.75109 0.00109177 0.00163996
1440 3.75109 0.00109228 0.00168176
1441 3.75109 0.00109358 0.00168775
1442 3.7511 0.0010956 0.00165474
1443 3.7511 0.00109827 0.0015956
1444 3.7511 0.00110147 0.00156274
1445 3.75111 0.0011051 0.00162501
1446 3.75111 0.001109 0.00167642
1447 3.75111 0.00111304 0.00167863
1448 3.75112 0.00111706 0.00163751
1449 3.75112 0.00112091 0.00156471
1450 3.75112 0.00112445 0.0014534
1451 3.75113 0.00112756 0.00130571
1452 3.75113 0.00113013 0.00112274
1453 3.75113 0.00113208 0.00124448
1454 3.75113 0.00113332 0.00137203
1455 3.75113 0.00113384 0.00145807
1456 3.75113 0.00113362 0.00151065
1457 3.75113 0.00113267 0.00152667
1458 3.75113 0.00113104 0.00150577
1459 3.75113 0.00112879 0.00146012
1460 3.75113 0.00112601 0.00143026
1461 3.75112 0.00112281 0.00148231
1462 3.75112 0.0011193 0.00153584
1463 3.75112 0.00111563 0.00155499
1464 3.75111 0.00111192 0.00153267
1465 3.75111 0.00110831 0.00148103
1466 3.7511 0.00110493 0.00139397
1467 3.7511 0.00110191 0.00127384
1468 3.7511 0.00109935 0.00111967
1469 3.7511 0.00109734 0.00111552
1470 3.7511 0.00109596 0.00124795
1471 3.7511 0.00109524 0.00134594
1472 3.7511 0.00109522 0.00140477
1473 3.7511 0.00109587 0.0014299
1474 3.7511 0.00109718 0.00142298
1475 3.7511 0.00109908 0.00138735
1476 3.7511 0.0011015 0.00133967
1477 3.7511 0.00110435 0.00133707
1478 3.75111 0.00110752 0.00139616
1479 3.75111 0.00111088 0.00142501
1480 3.75111 0.00111431 0.00141353
1481 3.75112 0.00111769 0.00137006
1482 3.75112 0.00112088 0.00129755
1483 3.75112 0.00112378 0.00119333
1484 3.75113 0.00112628 0.00105936
1485 3.75113 0.00112829 0.000962182
1486 3.75113 0.00112976 0.00109288
1487 3.75113 0.00113062 0.00119115
1488 3.75113 0.00113085 0.00125301
1489 3.75113 0.00113046 0.00128661
1490 3.75113 0.00112946 0.00129055
1491 3.75113 0.00112789 0.00126542
1492 3.75113 0.00112582 0.00122381
1493 3.75112 0.00112334 0.0012184
1494 3.75112 0.00112052 0.00127024
1495 3.75112 0.00111749 0.00131137
1496 3.75111 0.00111435 0.00131532
1497 3.75111 0.00111121 0.00128704
1498 3.75111 0.0011082 0.00123345
1499 3.75111 0.00110543 0.00115086
1500 3.7511 0.00110298 0.00103822
1501 3.7511 0.00110096 0.000897907
1502 3.7511 0.00109943 0.000984475
1503 3.7511 0.00109843 0.00108768
1504 3.7511 0.00109802 0.00115855
1505 3.7511 0.00109819 0.00120036
1506 3.7511 0.00109893 0.00121336
1507 3.7511 0.00110021 0.00119863
1508 3.7511 0.00110197 0.00116177
1509 3.7511 0.00110416 0.00112749
1510 3.75111 0.00110667 0.00114999
1511 3.75111 0.00110942 0.00119523
1512 3.75111 0.0011123 0.0012086
1513 3.75112 0.00111521 0.00118778
1514 3.75112 0.00111804 0.00114484
1515 3.75112 0.00112068 0.0010735
1516 3.75112 0.00112303 0.00097645
1517 3.75113 0.00112503 0.000854497
1518 3.75113 0.00112659 0.000854684
1519 3.75113 0.00112767 0.00095543
1520 3.75113 0.00112823 0.00102971
1521 3.75113 0.00112825 0.00107412
1522 3.75113 0.00112774 0.00109476
1523 3.75113 0.00112673 0.00108854
1524 3.75113 0.00112526 0.00106191
1525 3.75112 0.00112338 0.00103237
1526 3.75112 0.00112117 0.00104818
1527 3.75112 0.00111871 0.00109091
1528 3.75112 0.00111609 0.00111544
1529 3.75111 0.00111342 0.00110923
1530 3.75111 0.00111078 0.00107833
1531 3.75111 0.00110828 0.00102404
1532 3.75111 0.00110601 0.000946087
1533 3.7511 0.00110405 0.000842701
1534 3.7511 0.00110246 0.000759214
1535 3.7511 0.00110131 0.000864658
1536 3.7511 0.00110062 0.000944302
1537 3.7511 0.00110043 0.000995816
1538 3.7511 0.00110074 0.001022
1539 3.7511 0.00110152 0.00102645
1540 3.7511 0.00110275 0.0010067
1541 3.7511 0.00110437 0.000970665
1542 3.75111 0.00110632 0.000951273
1543 3.75111 0.00110853 0.000988854
1544 3.75111 0.00111091 0.00102034
1545 3.75111 0.00111337 0.0010216
1546 3.75112 0.00111582 0.000996936
1547 3.75112 0.00111818 0.00095305
1548 3.75112 0.00112035 0.000885497
1549 3.75112 0.00112226 0.000796155
1550 3.75112 0.00112383 0.000684828
1551 3.75113 0.00112503 0.000754972
1552 3.75113 0.0011258 0.000833359
1553 3.75113 0.00112613 0.000886475
1554 3.75113 0.001126 0.000918662
1555 3.75113 0.00112543 0.000929043
1556 3.75112 0.00112444 0.00091743
1557 3.75112 0.00112306 0.00089015
1558 3.75112 0.00112137 0.000870841
1559 3.75112 0.00111942 0.000901169
1560 3.75112 0.00111727 0.000934444
1561 3.75112 0.00111503 0.000946625
1562 3.75111 0.00111276 0.00093292
1563 3.75111 0.00111055 0.000901579
1564 3.75111 0.00110849 0.000848473
1565 3.75111 0.00110664 0.000774277
1566 3.75111 0.00110507 0.000680119
1567 3.7511 0.00110384 0.000674551
1568 3.7511 0.00110299 0.00075594
1569 3.7511 0.00110255 0.000816916
1570 3.7511 0.00110253 0.000853438
1571 3.7511 0.00110292 0.00086933
1572 3.7511 0.00110371 0.000865679
1573 3.7511 0.00110487 0.000844225
1574 3.75111 0.00110634 0.000815295
1575 3.75111 0.00110808 0.000813941
1576 3.75111 0.00111 0.000849903
1577 3.75111 0.00111205 0.00086769
1578 3.75111 0.00111415 0.000860671
1579 3.75112 0.00111621 0.000834401
1580 3.75112 0.00111817 0.000790474
1581 3.75112 0.00111994 0.000727489
1582 3.75112 0.00112147 0.000646175
1583 3.75112 0.00112271 0.000583231
1584 3.75112 0.00112361 0.000663498
1585 3.75112 0.00112415 0.00072392
1586 3.75112 0.0011243 0.000761774
1587 3.75112 0.00112406 0.000782803
1588 3.75112 0.00112346 0.000786191
1589 3.75112 0.00112251 0.00077145
1590 3.75112 0.00112125 0.000745704
1591 3.75112 0.00111973 0.000740926
1592 3.75112 0.00111801 0.000772618
1593 3.75112 0.00111616 0.000798212
1594 3.75111 0.00111424 0.000800895
1595 3.75111 0.00111232 0.000783701
1596 3.75111 0.00111048 0.000751237
1597 3.75111 0.00110878 0.000700774
1598 3.75111 0.00110729 0.000631401
1599 3.75111 0.00110605 0.000545494
1600 3.75111 0.00110511 0.000596022
1601 3.7511 0.0011045 0.000659592
1602 3.7511 0.00110424 0.000703801
1603 3.7511 0.00110434 0.000729656
1604 3.7511 0.00110478 0.000738187
1605 3.75111 0.00110556 0.000729487
1606 3.75111 0.00110663 0.000707251
1607 3.75111 0.00110796 0.000686413
1608 3.75111 0.00110949 0.000700332
1609 3.75111 0.00111117 0.000727842
1610 3.75111 0.00111293 0.000736109
1611 3.75111 0.0011147 0.000723418
1612 3.75112 0.00111643 0.000697507
1613 3.75112 0.00111804 0.000654303
1614 3.75112 0.00111949 0.000595713
1615 3.75112 0.00112071 0.000521409
1616 3.75112 0.00112167 0.000518519
1617 3.75112 0.00112234 0.000580391
1618 3.75112 0.00112268 0.000626139
1619 3.75112 0.0011227 0.000653328
1620 3.75112 0.0011224 0.000666425
1621 3.75112 0.00112179 0.000663387
1622 3.75112 0.00112089 0.000647641
1623 3.75112 0.00111975 0.000629237
1624 3.75112 0.0011184 0.000637396
1625 3.75112 0.00111689 0.000663863
1626 3.75112 0.0011153 0.000679229
1627 3.75111 0.00111366 0.00067567
1628 3.75111 0.00111205 0.000656676
1629 3.75111 0.00111052 0.000623684
1630 3.75111 0.00110913 0.000576267
1631 3.75111 0.00110793 0.000512661
1632 3.75111 0.00110696 0.000459175
1633 3.75111 0.00110625 0.000523967
1634 3.75111 0.00110583 0.000573434
1635 3.75111 0.00110571 0.000605195
1636 3.75111 0.00110589 0.000621568
1637 3.75111 0.00110636 0.000624728
1638 3.75111 0.00110711 0.000612906
1639 3.75111 0.00110809 0.000590933
1640 3.75111 0.00110928 0.000579389
1641 3.75111 0.00111063 0.000602037
1642 3.75111 0.00111208 0.000621569
1643 3.75111 0.00111358 0.000622403
1644 3.75112 0.00111508 0.000607334
1645 3.75112 0.00111652 0.000580906
1646 3.75112 0.00111785 0.000539902
1647 3.75112 0.00111902 0.000485785
1648 3.75112 0.00111998 0.000418027
1649 3.75112 0.00112072 0.000458423
1650 3.75112 0.0011212 0.000506522
1651 3.75112 0.0011214 0.000539307
1652 3.75112 0.00112133 0.000559042
1653 3.75112 0.00112098 0.00056605
1654 3.75112 0.00112038 0.000559478
1655 3.75112 0.00111955 0.00054316
1656 3.75112 0.00111851 0.000530509
1657 3.75112 0.00111732 0.000548225
1658 3.75112 0.00111601 0.000568866
1659 3.75111 0.00111464 0.000576596
1660 3.75111 0.00111326 0.000568332
1661 3.75111 0.00111191 0.000549217
1662 3.75111 0.00111064 0.000516848
1663 3.75111 0.00110951 0.000471687
1664 3.75111 0.00110855 0.000413892
1665 3.75111 0.0011078 0.000408395
1666 3.75111 0.00110728 0.000458615
1667 3.75111 0.001107 0.000496374
1668 3.75111 0.00110698 0.000518901
1669 3.75111 0.00110722 0.000529015
1670 3.75111 0.0011077 0.00052701
1671 3.75111 0.0011084 0.000514085
1672 3.75111 0.0011093 0.000496569
1673 3.75111 0.00111035 0.00049572
1674 3.75111 0.00111153 0.000517612
1675 3.75111 0.00111278 0.000528768
1676 3.75111 0.00111406 0.000524512
1677 3.75112 0.00111532 0.000508478
1678 3.75112 0.00111651 0.000482029
1679 3.75112 0.0011176 0.000443885
1680 3.75112 0.00111854 0.000394394
1681 3.75112 0.0011193 0.000353811
1682 3.75112 0.00111985 0.000403114
1683 3.75112 0.00112018 0.00044024
1684 3.75112 0.00112028 0.000463597
1685 3.75112 0.00112014 0.000476703
1686 3.75112 0.00111977 0.000479271
1687 3.75112 0.0011192 0.000470675
1688 3.75112 0.00111843 0.000454905
1689 3.75112 0.0011175 0.000450919
1690 3.75112 0.00111646 0.000470227
1691 3.75112 0.00111533 0.000486117
1692 3.75111 0.00111415 0.000487928
1693 3.75111 0.00111298 0.0004775
1694 3.75111 0.00111186 0.000457837
1695 3.75111 0.00111082 0.000427033
1696 3.75111 0.0011099 0.000384752
1697 3.75111 0.00110914 0.000332059
1698 3.75111 0.00110856 0.000361238
1699 3.75111 0.00110819 0.000400603
1700 3.75111 0.00110803 0.000427876
1701 3.75111 0.00110808 0.000443873
1702 3.75111 0.00110835 0.000449396
1703 3.75111 0.00110882 0.000444292
1704 3.75111 0.00110947 0.000430932
1705 3.75111 0.00111028 0.000418189
1706 3.75111 0.00111122 0.00042666
1707 3.75111 0.00111224 0.000443425
1708 3.75111 0.00111331 0.000448692
1709 3.75111 0.0011144 0.000440904
1710 3.75112 0.00111545 0.000425231
1711 3.75112 0.00111644 0.000399032
1712 3.75112 0.00111733 0.000363622
1713 3.75112 0.00111808 0.000318358
1714 3.75112 0.00111867 0.000314838
1715 3.75112 0.00111907 0.000352789
1716 3.75112 0.00111929 0.000380961
1717 3.75112 0.00111931 0.000397644
1718 3.75112 0.00111912 0.000406072
1719 3.75112 0.00111875 0.0004046
1720 3.75112 0.00111821 0.000395205
1721 3.75112 0.00111751 0.000383701
1722 3.75112 0.00111669 0.000387863
1723 3.75112 0.00111577 0.000404194
1724 3.75111 0.00111479 0.00041381
1725 3.75111 0.0011138 0.000411785
1726 3.75111 0.00111281 0.000400139
1727 3.75111 0.00111188 0.000380138
1728 3.75111 0.00111103 0.000351287
1729 3.75111 0.00111029 0.00031243
1730 3.75111 0.00110969 0.000278202
1731 3.75111 0.00110926 0.000318
1732 3.75111 0.001109 0.000348484
1733 3.75111 0.00110892 0.000368066
1734 3.75111 0.00110903 0.000378288
1735 3.75111 0.00110931 0.000380542
1736 3.75111 0.00110977 0.000373571
1737 3.75111 0.00111037 0.000360236
1738 3.75111 0.00111109 0.000353197
1739 3.75111 0.00111191 0.000366686
1740 3.75111 0.0011128 0.000378799
1741 3.75111 0.00111371 0.000379507
1742 3.75111 0.00111463 0.000370184
1743 3.75112 0.00111551 0.000354298
1744 3.75112 0.00111632 0.000329376
1745 3.75112 0.00111704 0.000296596
1746 3.75112 0.00111763 0.000255325
1747 3.75112 0.00111808 0.000278534
1748 3.75112 0.00111838 0.000308044
1749 3.75112 0.00111851 0.000328276
1750 3.75112 0.00111846 0.000340462
1751 3.75112 0.00111826 0.000345091
1752 3.75112 0.00111789 0.000341393
1753 3.75112 0.00111738 0.000331541
1754 3.75112 0.00111675 0.00032342
1755 3.75112 0.00111603 0.000333695
1756 3.75112 0.00111523 0.000346486
1757 3.75111 0.00111439 0.000351372
1758 3.75111 0.00111354 0.000346414
1759 3.75111 0.00111272 0.000334779
1760 3.75111 0.00111195 0.000315084
1761 3.75111 0.00111125 0.00028766
1762 3.75111 0.00111067 0.000252256
1763 3.75111 0.0011102 0.000247586
1764 3.75111 0.00110988 0.000278582
1765 3.75111 0.00110971 0.000301816
1766 3.75111 0.0011097 0.000315726
1767 3.75111 0.00110984 0.000322183
1768 3.75111 0.00111013 0.000321231
1769 3.75111 0.00111056 0.000313509
1770 3.75111 0.0011111 0.000302875
1771 3.75111 0.00111174 0.000302279
1772 3.75111 0.00111246 0.000315409
1773 3.75111 0.00111323 0.000322351
1774 3.75111 0.00111401 0.000319926
1775 3.75111 0.00111478 0.000310036
1776 3.75112 0.00111551 0.000294093
1777 3.75112 0.00111617 0.000270976
1778 3.75112 0.00111675 0.000240845
1779 3.75112 0.00111722 0.000214779
1780 3.75112 0.00111756 0.000245084
1781 3.75112 0.00111776 0.000267866
1782 3.75112 0.00111782 0.000282305
1783 3.75112 0.00111774 0.000290534
1784 3.75112 0.00111752 0.000292356
1785 3.75112 0.00111717 0.000287275
1786 3.75112 0.0011167 0.000277611
1787 3.75112 0.00111614 0.000274565
1788 3.75112 0.0011155 0.000286333
1789 3.75111 0.00111481 0.000296178
1790 3.75111 0.00111409 0.000297394
1791 3.75111 0.00111337 0.000291131
1792 3.75111 0.00111269 0.000279174
1793 3.75111 0.00111205 0.000260385
1794 3.75111 0.00111149 0.000234694
1795 3.75111 0.00111102 0.000202432
1796 3.75111 0.00111067 0.000219261
1797 3.75111 0.00111044 0.000243472
1798 3.75111 0.00111034 0.000260294
1799 3.75111 0.00111037 0.000270224
1800 3.75111 0.00111053 0.000273926
1801 3.75111 0.00111082 0.000270993
1802 3.75111 0.00111121 0.000262928
1803 3.75111 0.0011117 0.000255139
1804 3.75111 0.00111227 0.000260227
1805 3.75111 0.0011129 0.000270323
1806 3.75111 0.00111355 0.000273593
1807 3.75111 0.00111421 0.00026899
1808 3.75111 0.00111486 0.000259378
1809 3.75112 0.00111546 0.000243467
1810 3.75112 0.00111601 0.000222049
1811 3.75112 0.00111647 0.00019448
1812 3.75112 0.00111683 0.000191276
1813 3.75112 0.00111708 0.000214578
1814 3.75112 0.00111721 0.0002319
1815 3.75112 0.00111723 0.000242199
1816 3.75112 0.00111712 0.000247583
1817 3.75112 0.00111689 0.000246886
1818 3.75112 0.00111656 0.00024122
1819 3.75112 0.00111613 0.00023408
1820 3.75112 0.00111563 0.000236139
1821 3.75112 0.00111507 0.000246197
1822 3.75111 0.00111448 0.000252211
1823 3.75111 0.00111387 0.000251068
1824 3.75111 0.00111327 0.000243942
1825 3.75111 0.00111269 0.000231852
1826 3.75111 0.00111217 0.000214271
1827 3.75111 0.00111172 0.000190644
1828 3.75111 0.00111136 0.000168758
1829 3.75111 0.00111109 0.000193191
1830 3.75111 0.00111093 0.000211911
1831 3.75111 0.00111088 0.000223982
1832 3.75111 0.00111094 0.000230507
1833 3.75111 0.00111112 0.000232086
1834 3.75111 0.00111139 0.000227913
1835 3.75111 0.00111176 0.000219802
1836 3.75111 0.0011122 0.000215518
1837 3.75111 0.0011127 0.000223626
1838 3.75111 0.00111324 0.000231005
1839 3.75111 0.0011138 0.000231479
1840 3.75111 0.00111436 0.000225877
1841 3.75111 0.0011149 0.000216179
1842 3.75112 0.00111539 0.000201057
1843 3.75112 0.00111583 0.000181162
1844 3.75112 0.0011162 0.000156028
1845 3.75112 0.00111647 0.000169323
1846 3.75112 0.00111666 0.000187428
1847 3.75112 0.00111673 0.000199984
1848 3.75112 0.00111671 0.000207603
1849 3.75112 0.00111659 0.000210596
1850 3.75112 0.00111636 0.000208412
1851 3.75112 0.00111605 0.000202416
1852 3.75112 0.00111567 0.000197314
1853 3.75112 0.00111523 0.000203207
1854 3.75111 0.00111474 0.000211121
1855 3.75111 0.00111423 0.000214205
1856 3.75111 0.00111371 0.000211246
1857 3.75111 0.00111321 0.00020417
1858 3.75111 0.00111274 0.000192188
1859 3.75111 0.00111231 0.000175542
1860 3.75111 0.00111195 0.000153971
1861 3.75111 0.00111167 0.000150373
1862 3.75111 0.00111147 0.000169343
1863 3.75111 0.00111136 0.000183623
1864 3.75111 0.00111135 0.000192303
1865 3.75111 0.00111144 0.000196439
1866 3.75111 0.00111161 0.00019594
1867 3.75111 0.00111187 0.000191285
1868 3.75111 0.00111221 0.000184822
1869 3.75111 0.0011126 0.000184425
1870 3.75111 0.00111303 0.000192394
1871 3.75111 0.0011135 0.000196649
1872 3.75111 0.00111398 0.000195197
1873 3.75111 0.00111445 0.000189186
1874 3.75111 0.0011149 0.000179501
1875 3.75112 0.0011153 0.000165483
1876 3.75112 0.00111566 0.000147147
1877 3.75112 0.00111594 0.000130461
1878 3.75112 0.00111615 0.000149074
1879 3.75112 0.00111628 0.000163131
1880 3.75112 0.00111632 0.000172104
1881 3.75112 0.00111627 0.000177272
1882 3.75112 0.00111613 0.000178531
1883 3.75112 0.00111592 0.000175435
1884 3.75112 0.00111564 0.000169455
1885 3.75112 0.00111529 0.000167367
1886 3.75111 0.0011149 0.00017443
1887 3.75111 0.00111448 0.00018052
1888 3.75111 0.00111404 0.000181347
1889 3.75111 0.00111361 0.000177572
1890 3.75111 0.00111319 0.000170307
1891 3.75111 0.0011128 0.000158854
1892 3.75111 0.00111245 0.000143241
1893 3.75111 0.00111217 0.000123555
1894 3.75111 0.00111195 0.000133263
1895 3.75111 0.00111181 0.000148058
1896 3.75111 0.00111174 0.000158467
1897 3.75111 0.00111176 0.000164705
1898 3.75111 0.00111186 0.000167066
1899 3.75111 0.00111203 0.000165339
1900 3.75111 0.00111227 0.00016047
1901 3.75111 0.00111257 0.000155704
1902 3.75111 0.00111292 0.000158764
1903 3.75111 0.0011133 0.000164933
1904 3.75111 0.0011137 0.000166939
1905 3.75111 0.00111411 0.000164154
1906 3.75111 0.0011145 0.000158272
1907 3.75111 0.00111487 0.000148629
1908 3.75112 0.0011152 0.000135645
1909 3.75112 0.00111548 0.000118856
1910 3.75112 0.00111571 0.000116263
1911 3.75112 0.00111586 0.000130641
1912 3.75112 0.00111594 0.000141347
1913 3.75112 0.00111595 0.000147773
1914 3.75112 0.00111589 0.00015118
1915 3.75112 0.00111575 0.000150818
1916 3.75112 0.00111555 0.000147335
1917 3.75112 0.00111529 0.000142839
1918 3.75111 0.00111498 0.000143827
1919 3.75111 0.00111464 0.000150013
1920 3.75111 0.00111428 0.000153771
1921 3.75111 0.00111391 0.000153132
1922 3.75111 0.00111354 0.000148789
1923 3.75111 0.00111319 0.000141483
1924 3.75111 0.00111287 0.000130764
1925 3.75111 0.00111259 0.000116395
1926 3.75111 0.00111237 0.000102488
1927 3.75111 0.00111221 0.00011745
1928 3.75111 0.00111211 0.000128929
1929 3.75111 0.00111208 0.000136474
1930 3.75111 0.00111211 0.000140542
1931 3.75111 0.00111222 0.000141584
1932 3.75111 0.00111238 0.000139087
1933 3.75111 0.00111261 0.000134149
1934 3.75111 0.00111287 0.000131528
1935 3.75111 0.00111318 0.000136398
1936 3.75111 0.00111351 0.000140973
1937 3.75111 0.00111385 0.000141279
1938 3.75111 0.00111419 0.000137886
1939 3.75111 0.00111452 0.00013195
1940 3.75111 0.00111483 0.000122772
1941 3.75112 0.0011151 0.000110693
1942 3.75112 0.00111532 9.53897e-05
1943 3.75112 0.00111549 0.000103015
1944 3.75112 0.0011156 0.000114195
1945 3.75112 0.00111565 0.000121988
1946 3.75112 0.00111564 0.00012675
1947 3.75112 0.00111556 0.00012869
1948 3.75112 0.00111543 0.000127383
1949 3.75112 0.00111524 0.00012368
1950 3.75112 0.00111501 0.000120411
1951 3.75111 0.00111474 0.000123792
1952 3.75111 0.00111444 0.000128682
1953 3.75111 0.00111413 0.000130627
1954 3.75111 0.00111381 0.000128868
1955 3.75111 0.0011135 0.000124566
1956 3.75111 0.00111321 0.000117278
1957 3.75111 0.00111295 0.000107173
1958 3.75111 0.00111273 9.4038e-05
1959 3.75111 0.00111256 9.1418e-05
1960 3.75111 0.00111244 0.000102994
1961 3.75111 0.00111237 0.000111815
1962 3.75111 0.00111236 0.000117213
1963 3.75111 0.00111241 0.000119803
1964 3.75111 0.00111252 0.000119555
1965 3.75111 0.00111268 0.000116742
1966 3.75111 0.00111288 0.000112809
1967 3.75111 0.00111312 0.000112529
1968 3.75111 0.00111339 0.000117372
1969 3.75111 0.00111367 0.000120036
1970 3.75111 0.00111396 0.000119161
1971 3.75111 0.00111425 0.000115502
1972 3.75111 0.00111452 0.000109595
1973 3.75111 0.00111477 0.00010109
1974 3.75111 0.00111499 8.99384e-05
1975 3.75112 0.00111516 7.9291e-05
1976 3.75112 0.00111529 9.07933e-05
1977 3.75112 0.00111537 9.94647e-05
1978 3.75112 0.0011154 0.000105093
1979 3.75112 0.00111537 0.00010834
1980 3.75112 0.00111529 0.000109167
1981 3.75112 0.00111516 0.000107269
1982 3.75111 0.00111498 0.000103526
1983 3.75111 0.00111477 0.000102072
1984 3.75111 0.00111454 0.000106297
1985 3.75111 0.00111428 0.000110059
1986 3.75111 0.00111401 0.000110622
1987 3.75111 0.00111374 0.000108343
1988 3.75111 0.00111349 0.000103932
1989 3.75111 0.00111325 9.69548e-05
1990 3.75111 0.00111304 8.74704e-05
1991 3.75111 0.00111286 7.54892e-05
1992 3.75111 0.00111273 8.10476e-05
1993 3.75111 0.00111264 9.0079e-05
1994 3.75111 0.0011126 9.65663e-05
1995 3.75111 0.00111261 0.000100419
1996 3.75111 0.00111267 0.000101917
1997 3.75111 0.00111278 0.000100902
1998 3.75111 0.00111292 9.79623e-05
1999 3.75111 0.00111311 9.50427e-05
2000 3.75111 0.00111332 9.68687e-05
2001 3.75111 0.00111355 0.000100643
2002 3.75111 0.00111379 0.000101915
2003 3.75111 0.00111404 0.000100231
2004 3.75111 0.00111428 9.665e-05
2005 3.75111 0.00111451 9.07637e-05
2006 3.75111 0.00111471 8.28872e-05
2007 3.75111 0.00111488 7.26638e-05
2008 3.75112 0.00111502 7.07489e-05
2009 3.75112 0.00111512 7.96266e-05
2010 3.75112 0.00111517 8.62643e-05
2011 3.75112 0.00111517 9.03023e-05
2012 3.75112 0.00111513 9.24239e-05
2013 3.75112 0.00111505 9.22633e-05
2014 3.75111 0.00111493 9.01059e-05
2015 3.75111 0.00111477 8.72517e-05
2016 3.75111 0.00111458 8.76407e-05
2017 3.75111 0.00111438 9.14327e-05
2018 3.75111 0.00111415 9.37798e-05
2019 3.75111 0.00111393 9.34266e-05
2020 3.75111 0.0011137 9.07885e-05
2021 3.75111 0.00111349 8.63674e-05
2022 3.75111 0.00111329 7.9835e-05
2023 3.75111 0.00111312 7.1096e-05
2024 3.75111 0.00111299 6.23182e-05
2025 3.75111 0.00111289 7.14573e-05
2026 3.75111 0.00111282 7.85192e-05
2027 3.75111 0.0011128 8.31844e-05
2028 3.75111 0.00111283 8.57143e-05
2029 3.75111 0.00111289 8.63934e-05
2030 3.75111 0.00111299 8.48989e-05
2031 3.75111 0.00111313 8.19024e-05
2032 3.75111 0.00111329 8.02809e-05
2033 3.75111 0.00111348 8.32024e-05
2034 3.75111 0.00111368 8.60384e-05
2035 3.75111 0.00111389 8.627e-05
2036 3.75111 0.00111409 8.41973e-05
2037 3.75111 0.0011143 8.05737e-05
2038 3.75111 0.00111448 7.49902e-05
2039 3.75111 0.00111465 6.76551e-05
2040 3.75111 0.00111478 5.83612e-05
2041 3.75111 0.00111489 6.27353e-05
2042 3.75111 0.00111496 6.96616e-05
2043 3.75111 0.00111499 7.45008e-05
2044 3.75111 0.00111498 7.74499e-05
2045 3.75111 0.00111494 7.86972e-05
2046 3.75111 0.00111485 7.79276e-05
2047 3.75111 0.00111474 7.56687e-05
2048 3.75111 0.0011146 7.35622e-05
2049 3.75111 0.00111443 7.54376e-05
2050 3.75111 0.00111425 7.84548e-05
2051 3.75111 0.00111406 7.96799e-05
2052 3.75111 0.00111387 7.8639e-05
2053 3.75111 0.00111368 7.6023e-05
2054 3.75111 0.0011135 7.15919e-05
2055 3.75111 0.00111334 6.54578e-05
2056 3.75111 0.00111321 5.746e-05
2057 3.75111 0.0011131 5.56001e-05
2058 3.75111 0.00111303 6.26805e-05
2059 3.75111 0.00111299 6.8132e-05
2060 3.75111 0.00111298 7.1463e-05
2061 3.75111 0.00111301 7.30797e-05
2062 3.75111 0.00111308 7.29713e-05
2063 3.75111 0.00111317 7.1263e-05
2064 3.75111 0.00111329 6.88666e-05
2065 3.75111 0.00111344 6.86653e-05
2066 3.75111 0.0011136 7.16103e-05
2067 3.75111 0.00111378 7.32778e-05
2068 3.75111 0.00111395 7.27819e-05
2069 3.75111 0.00111413 7.05298e-05
2070 3.75111 0.0011143 6.69315e-05
2071 3.75111 0.00111445 6.17691e-05
2072 3.75111 0.00111458 5.49869e-05
2073 3.75111 0.00111469 4.825e-05
2074 3.75111 0.00111477 5.53594e-05
2075 3.75111 0.00111482 6.07092e-05
2076 3.75111 0.00111483 6.42036e-05
2077 3.75111 0.00111482 6.62235e-05
2078 3.75111 0.00111477 6.67648e-05
2079 3.75111 0.00111469 6.5626e-05
2080 3.75111 0.00111458 6.33327e-05
2081 3.75111 0.00111445 6.23222e-05
2082 3.75111 0.00111431 6.4796e-05
2083 3.75111 0.00111415 6.71177e-05
2084 3.75111 0.00111399 6.74969e-05
2085 3.75111 0.00111383 6.61223e-05
2086 3.75111 0.00111367 6.34452e-05
2087 3.75111 0.00111352 5.91967e-05
2088 3.75111 0.00111339 5.34361e-05
2089 3.75111 0.00111329 4.61647e-05
2090 3.75111 0.00111321 4.93177e-05
2091 3.75111 0.00111315 5.48605e-05
2092 3.75111 0.00111313 5.88601e-05
2093 3.75111 0.00111313 6.12383e-05
2094 3.75111 0.00111317 6.2186e-05
2095 3.75111 0.00111323 6.15899e-05
2096 3.75111 0.00111332 5.98151e-05
2097 3.75111 0.00111343 5.80243e-05
2098 3.75111 0.00111356 5.91076e-05
2099 3.75111 0.0011137 6.1418e-05
2100 3.75111 0.00111385 6.22239e-05
2101 3.75111 0.001114 6.12324e-05
2102 3.75111 0.00111415 5.90303e-05
2103 3.75111 0.00111429 5.54452e-05
2104 3.75111 0.00111441 5.06613e-05
2105 3.75111 0.00111452 4.44606e-05
2106 3.75111 0.0011146 4.30952e-05
2107 3.75111 0.00111466 4.85861e-05
2108 3.75111 0.00111469 5.26637e-05
2109 3.75111 0.0011147 5.51732e-05
2110 3.75111 0.00111467 5.65003e-05
2111 3.75111 0.00111462 5.64348e-05
2112 3.75111 0.00111455 5.51213e-05
2113 3.75111 0.00111445 5.33595e-05
2114 3.75111 0.00111434 5.34635e-05
2115 3.75111 0.00111421 5.57414e-05
2116 3.75111 0.00111408 5.72064e-05
2117 3.75111 0.00111394 5.70138e-05
2118 3.75111 0.0011138 5.54182e-05
2119 3.75111 0.00111367 5.2738e-05
2120 3.75111 0.00111355 4.87587e-05
2121 3.75111 0.00111345 4.34434e-05
2122 3.75111 0.00111336 3.79103e-05
2123 3.75111 0.0011133 4.3494e-05
2124 3.75111 0.00111326 4.78385e-05
2125 3.75111 0.00111325 5.07143e-05
2126 3.75111 0.00111326 5.22909e-05
2127 3.75111 0.0011133 5.27264e-05
2128 3.75111 0.00111336 5.18321e-05
2129 3.75111 0.00111344 5.00147e-05
2130 3.75111 0.00111354 4.90064e-05
2131 3.75111 0.00111366 5.07577e-05
2132 3.75111 0.00111378 5.25153e-05
2133 3.75111 0.00111391 5.26841e-05
2134 3.75111 0.00111404 5.14441e-05
2135 3.75111 0.00111416 4.92239e-05
2136 3.75111 0.00111427 4.58158e-05
2137 3.75111 0.00111437 4.13605e-05
2138 3.75111 0.00111446 3.57321e-05
2139 3.75111 0.00111452 3.82572e-05
2140 3.75111 0.00111456 4.25088e-05
2141 3.75111 0.00111458 4.5506e-05
2142 3.75111 0.00111458 4.73266e-05
2143 3.75111 0.00111455 4.81152e-05
2144 3.75111 0.0011145 4.7663e-05
2145 3.75111 0.00111443 4.62967e-05
2146 3.75111 0.00111435 4.49849e-05
2147 3.75111 0.00111425 4.60179e-05
2148 3.75111 0.00111413 4.78431e-05
2149 3.75111 0.00111402 4.8614e-05
2150 3.75111 0.0011139 4.79988e-05
2151 3.75111 0.00111379 4.64096e-05
2152 3.75111 0.00111368 4.37175e-05
2153 3.75111 0.00111358 3.99921e-05
2154 3.75111 0.0011135 3.51257e-05
2155 3.75111 0.00111343 3.38349e-05
2156 3.75111 0.00111339 3.81868e-05
2157 3.75111 0.00111336 4.1524e-05
2158 3.75111 0.00111336 4.35791e-05
2159 3.75111 0.00111338 4.45866e-05
2160 3.75111 0.00111341 4.45463e-05
2161 3.75111 0.00111347 4.35089e-05
2162 3.75111 0.00111355 4.20472e-05
2163 3.75111 0.00111364 4.19016e-05
2164 3.75111 0.00111373 4.36942e-05
2165 3.75111 0.00111384 4.4737e-05
2166 3.75111 0.00111395 4.4459e-05
2167 3.75111 0.00111406 4.30985e-05
2168 3.75111 0.00111416 4.08914e-05
2169 3.75111 0.00111425 3.77507e-05
2170 3.75111 0.00111433 3.36461e-05
2171 3.75111 0.0011144 2.93932e-05
2172 3.75111 0.00111445 3.37681e-05
2173 3.75111 0.00111448 3.70513e-05
2174 3.75111 0.00111449 3.92173e-05
2175 3.75111 0.00111448 4.04741e-05
2176 3.75111 0.00111445 4.08244e-05
2177 3.75111 0.0011144 4.01415e-05
2178 3.75111 0.00111434 3.87388e-05
2179 3.75111 0.00111426 3.80865e-05
2180 3.75111 0.00111417 3.95271e-05
2181 3.75111 0.00111407 4.09391e-05
2182 3.75111 0.00111397 4.11921e-05
2183 3.75111 0.00111388 4.03637e-05
2184 3.75111 0.00111378 3.87399e-05
2185 3.75111 0.00111369 3.61539e-05
2186 3.75111 0.00111361 3.26547e-05
2187 3.75111 0.00111355 2.82401e-05
2188 3.75111 0.00111349 3.00178e-05
2189 3.75111 0.00111346 3.34244e-05
2190 3.75111 0.00111345 3.58845e-05
2191 3.75111 0.00111345 3.73521e-05
2192 3.75111 0.00111347 3.79499e-05
2193 3.75111 0.00111351 3.76004e-05
2194 3.75111 0.00111356 3.65288e-05
2195 3.75111 0.00111363 3.54291e-05
2196 3.75111 0.00111371 3.60683e-05
2197 3.75111 0.0011138 3.74835e-05
2198 3.75111 0.00111389 3.79936e-05
2199 3.75111 0.00111398 3.74095e-05
2200 3.75111 0.00111407 3.60691e-05
2201 3.75111 0.00111415 3.3877e-05
2202 3.75111 0.00111423 3.09718e-05
2203 3.75111 0.0011143 2.7221e-05
2204 3.75111 0.00111435 2.62708e-05
2205 3.75111 0.00111438 2.96433e-05
2206 3.75111 0.0011144 3.21491e-05
2207 3.75111 0.00111441 3.37071e-05
2208 3.75111 0.00111439 3.45332e-05
2209 3.75111 0.00111436 3.45132e-05
2210 3.75111 0.00111432 3.37137e-05
2211 3.75111 0.00111426 3.26274e-05
2212 3.75111 0.00111419 3.26436e-05
2213 3.75111 0.00111411 3.39979e-05
2214 3.75111 0.00111403 3.49031e-05
2215 3.75111 0.00111394 3.47998e-05
2216 3.75111 0.00111386 3.38351e-05
2217 3.75111 0.00111378 3.22108e-05
2218 3.75111 0.00111371 2.97876e-05
2219 3.75111 0.00111364 2.65546e-05
2220 3.75111 0.00111359 2.30678e-05
2221 3.75111 0.00111355 2.64986e-05
2222 3.75111 0.00111353 2.91519e-05
2223 3.75111 0.00111352 3.09243e-05
2224 3.75111 0.00111353 3.19056e-05
2225 3.75111 0.00111355 3.21842e-05
2226 3.75111 0.00111359 3.16492e-05
2227 3.75111 0.00111364 3.05469e-05
2228 3.75111 0.0011137 2.99179e-05
2229 3.75111 0.00111377 3.09769e-05
2230 3.75111 0.00111384 3.2056e-05
2231 3.75111 0.00111392 3.21764e-05
2232 3.75111 0.001114 3.14334e-05
2233 3.75111 0.00111408 3.0078e-05
2234 3.75111 0.00111414 2.7997e-05
2235 3.75111 0.00111421 2.5305e-05
2236 3.75111 0.00111426 2.19039e-05
2237 3.75111 0.0011143 2.33282e-05
2238 3.75111 0.00111432 2.59378e-05
2239 3.75111 0.00111434 2.77917e-05
2240 3.75111 0.00111433 2.89151e-05
2241 3.75111 0.00111432 2.94124e-05
2242 3.75111 0.00111429 2.91472e-05
2243 3.75111 0.00111424 2.83209e-05
2244 3.75111 0.00111419 2.75053e-05
2245 3.75111 0.00111413 2.80971e-05
2246 3.75111 0.00111406 2.91838e-05
2247 3.75111 0.00111399 2.96656e-05
2248 3.75111 0.00111392 2.93026e-05
2249 3.75111 0.00111385 2.83398e-05
2250 3.75111 0.00111378 2.67044e-05
2251 3.75111 0.00111372 2.44401e-05
2252 3.75111 0.00111367 2.14848e-05
2253 3.75111 0.00111363 2.05967e-05
2254 3.75111 0.0011136 2.32682e-05
2255 3.75111 0.00111359 2.53121e-05
2256 3.75111 0.00111359 2.65797e-05
2257 3.75111 0.0011136 2.72067e-05
2258 3.75111 0.00111362 2.71979e-05
2259 3.75111 0.00111366 2.65706e-05
2260 3.75111 0.0011137 2.56754e-05
2261 3.75111 0.00111376 2.55706e-05
2262 3.75111 0.00111382 2.66625e-05
2263 3.75111 0.00111388 2.73142e-05
2264 3.75111 0.00111395 2.71591e-05
2265 3.75111 0.00111401 2.63382e-05
2266 3.75111 0.00111408 2.49908e-05
2267 3.75111 0.00111413 2.30756e-05
2268 3.75111 0.00111418 2.05974e-05
2269 3.75111 0.00111422 1.79123e-05
2270 3.75111 0.00111425 2.0596e-05
2271 3.75111 0.00111427 2.2611e-05
2272 3.75111 0.00111428 2.39519e-05
2273 3.75111 0.00111427 2.4735e-05
2274 3.75111 0.00111425 2.49586e-05
2275 3.75111 0.00111422 2.45493e-05
2276 3.75111 0.00111419 2.36964e-05
2277 3.75111 0.00111414 2.32731e-05
2278 3.75111 0.00111408 2.41386e-05
2279 3.75111 0.00111403 2.49754e-05
2280 3.75111 0.00111397 2.51431e-05
2281 3.75111 0.0011139 2.46442e-05
2282 3.75111 0.00111385 2.36596e-05
2283 3.75111 0.00111379 2.20862e-05
2284 3.75111 0.00111374 1.99603e-05
2285 3.75111 0.0011137 1.72792e-05
2286 3.75111 0.00111367 1.8284e-05
2287 3.75111 0.00111365 2.03705e-05
2288 3.75111 0.00111364 2.18812e-05
2289 3.75111 0.00111364 2.27865e-05
2290 3.75111 0.00111366 2.31626e-05
2291 3.75111 0.00111368 2.29581e-05
2292 3.75111 0.00111371 2.2311e-05
2293 3.75111 0.00111375 2.1635e-05
2294 3.75111 0.0011138 2.20102e-05
2295 3.75111 0.00111385 2.28776e-05
2296 3.75111 0.00111391 2.32e-05
2297 3.75111 0.00111397 2.2856e-05
2298 3.75111 0.00111402 2.20445e-05
2299 3.75111 0.00111407 2.07029e-05
2300 3.75111 0.00111412 1.89465e-05
2301 3.75111 0.00111416 1.66801e-05
2302 3.75111 0.00111419 1.60132e-05
2303 3.75111 0.00111421 1.80844e-05
2304 3.75111 0.00111423 1.96283e-05
2305 3.75111 0.00111423 2.05922e-05
2306 3.75111 0.00111422 2.11036e-05
2307 3.75111 0.0011142 2.11035e-05
2308 3.75111 0.00111417 2.06198e-05
2309 3.75111 0.00111414 1.99478e-05
2310 3.75111 0.00111409 1.99303e-05
2311 3.75111 0.00111405 2.07583e-05
2312 3.75111 0.001114 2.12987e-05
2313 3.75111 0.00111395 2.12445e-05
2314 3.75111 0.00111389 2.06628e-05
2315 3.75111 0.00111385 1.96774e-05
2316 3.75111 0.0011138 1.82022e-05
2317 3.75111 0.00111376 1.62362e-05
2318 3.75111 0.00111373 1.40608e-05
2319 3.75111 0.00111371 1.61459e-05
2320 3.75111 0.00111369 1.77684e-05
2321 3.75111 0.00111369 1.88597e-05
2322 3.75111 0.00111369 1.94699e-05
2323 3.75111 0.00111371 1.96478e-05
2324 3.75111 0.00111373 1.93278e-05
2325 3.75111 0.00111376 1.86604e-05
2326 3.75111 0.0011138 1.82659e-05
2327 3.75111 0.00111384 1.89076e-05
2328 3.75111 0.00111388 1.95684e-05
2329 3.75111 0.00111393 1.96531e-05
2330 3.75111 0.00111398 1.92071e-05
2331 3.75111 0.00111402 1.8387e-05
2332 3.75111 0.00111407 1.71118e-05
2333 3.75111 0.0011141 1.54876e-05
2334 3.75111 0.00111414 1.3426e-05
2335 3.75111 0.00111416 1.42237e-05
2336 3.75111 0.00111418 1.58254e-05
2337 3.75111 0.00111418 1.69712e-05
2338 3.75111 0.00111418 1.76639e-05
2339 3.75111 0.00111417 1.79769e-05
2340 3.75111 0.00111416 1.78216e-05
2341 3.75111 0.00111413 1.73221e-05
2342 3.75111 0.0011141 1.68156e-05
2343 3.75111 0.00111406 1.71542e-05
2344 3.75111 0.00111402 1.78192e-05
2345 3.75111 0.00111398 1.81054e-05
2346 3.75111 0.00111393 1.78916e-05
2347 3.75111 0.00111389 1.73084e-05
2348 3.75111 0.00111385 1.63158e-05
2349 3.75111 0.00111381 1.49392e-05
2350 3.75111 0.00111378 1.31438e-05
2351 3.75111 0.00111376 1.2543e-05
2352 3.75111 0.00111374 1.41814e-05
2353 3.75111 0.00111373 1.54321e-05
2354 3.75111 0.00111373 1.62138e-05
2355 3.75111 0.00111373 1.66035e-05
2356 3.75111 0.00111375 1.66078e-05
2357 3.75111 0.00111377 1.62296e-05
2358 3.75111 0.0011138 1.56802e-05
2359 3.75111 0.00111383 1.5605e-05
2360 3.75111 0.00111387 1.62705e-05
2361 3.75111 0.00111391 1.66776e-05
2362 3.75111 0.00111395 1.65915e-05
2363 3.75111 0.00111399 1.60963e-05
2364 3.75111 0.00111403 1.52781e-05
2365 3.75111 0.00111406 1.41132e-05
2366 3.75111 0.00111409 1.26162e-05
2367 3.75111 0.00111412 1.09369e-05
2368 3.75111 0.00111413 1.25611e-05
2369 3.75111 0.00111415 1.37978e-05
2370 3.75111 0.00111415 1.4627e-05
2371 3.75111 0.00111415 1.51142e-05
2372 3.75111 0.00111413 1.52567e-05
2373 3.75111 0.00111412 1.50115e-05
2374 3.75111 0.00111409 1.44942e-05
2375 3.75111 0.00111406 1.42201e-05
2376 3.75111 0.00111403 1.47402e-05
2377 3.75111 0.001114 1.52479e-05
2378 3.75111 0.00111396 1.53491e-05
2379 3.75111 0.00111392 1.50489e-05
2380 3.75111 0.00111389 1.44522e-05
2381 3.75111 0.00111385 1.3495e-05
2382 3.75111 0.00111382 1.22035e-05
2383 3.75111 0.0011138 1.05747e-05
2384 3.75111 0.00111378 1.11408e-05
2385 3.75111 0.00111377 1.24162e-05
2386 3.75111 0.00111376 1.33445e-05
2387 3.75111 0.00111376 1.39026e-05
2388 3.75111 0.00111377 1.41388e-05
2389 3.75111 0.00111378 1.40193e-05
2390 3.75111 0.0011138 1.36287e-05
2391 3.75111 0.00111383 1.32128e-05
2392 3.75111 0.00111386 1.34319e-05
2393 3.75111 0.00111389 1.39638e-05
2394 3.75111 0.00111392 1.41673e-05
2395 3.75111 0.00111396 1.39647e-05
2396 3.75111 0.00111399 1.34734e-05
2397 3.75111 0.00111402 1.26564e-05
2398 3.75111 0.00111405 1.15933e-05
2399 3.75111 0.00111408 1.02198e-05
2400 3.75111 0.0011141 9.76003e-06
