0 -1.09578 -4.57928 51.6026
1 -0.0879957 -3.5715 49.2335
2 0.164679 -3.31882 47.9637
3 0.354119 -3.12938 46.9123
4 0.546751 -2.93675 48.0094
5 0.773457 -2.71004 48.5177
6 1.05973 -2.42377 48.3766
7 1.43154 -2.05196 47.3954
8 1.91538 -1.56812 45.391
9 2.53483 -0.948667 42.1456
10 3.30451 -0.178988 37.4886
11 4.22109 0.737586 31.5427
12 5.24912 1.76562 24.3864
13 6.30234 2.81884 21.4299
14 7.23372 3.75022 27.6834
15 7.85831 4.37481 33.6262
16 8.01964 4.53614 37.8516
17 7.67067 4.18717 39.4633
18 6.90848 3.42498 38.1884
19 5.92863 2.44513 35.6564
20 4.93457 1.45107 32.4172
21 4.06813 0.584633 28.3512
22 3.39187 -0.0916325 23.7099
23 2.90858 -0.574916 18.8663
24 2.59037 -0.89313 14.1963
25 2.40064 -1.08286 10.7819
26 2.30585 -1.17765 11.9541
27 2.27967 -1.20383 13.2342
28 2.30314 -1.18036 14.2182
29 2.36335 -1.12015 14.8266
30 2.45176 -1.03174 15.112
31 2.56273 -0.920772 15.1842
32 2.69229 -0.79121 14.9477
33 2.83724 -0.646257 15.089
34 2.99441 -0.48909 14.999
35 3.16013 -0.323366 14.5818
36 3.32996 -0.153539 13.818
37 3.49851 0.0150078 12.9589
38 3.65951 0.176006 11.9383
39 3.80601 0.322508 10.6903
40 3.9308 0.447304 9.55111
41 4.02711 0.543613 9.95044
42 4.0895 0.606003 10.4951
43 4.11489 0.631391 10.9711
44 4.10332 0.619822 11.2597
45 4.05821 0.574713 11.3003
46 3.98595 0.502446 11.0725
47 3.89488 0.411377 10.8846
48 3.79406 0.310564 10.5463
49 3.69206 0.208558 10.123
50 3.59601 0.112513 9.55029
51 3.51121 0.027707 8.84538
52 3.44096 -0.0425393 8.08075
53 3.38682 -0.0966845 7.31173
54 3.34886 -0.134643 7.18534
55 3.32608 -0.157425 7.16809
56 3.31671 -0.166788 7.14692
57 3.31857 -0.164931 7.12504
58 3.32928 -0.154224 7.06986
59 3.34653 -0.136967 6.93728
60 3.36831 -0.115194 6.7471
61 3.39295 -0.0905466 6.5049
62 3.41927 -0.0642258 6.1586
63 3.44645 -0.03705 5.70933
64 3.47391 -0.00959061 5.14785
65 3.50116 0.0176555 4.49853
66 3.52762 0.0441165 3.98991
67 3.55256 0.0690644 3.81955
68 3.57512 0.0916233 3.84603
69 3.59435 0.110854 4.00409
70 3.60938 0.125883 4.20565
71 3.61954 0.136041 4.40252
72 3.62446 0.140961 4.57813
73 3.62414 0.140643 4.72596
74 3.61895 0.135448 4.83278
75 3.60955 0.126048 4.88159
76 3.59685 0.113346 4.86459
77 3.58187 0.0983702 4.77225
78 3.56567 0.0821677 4.63316
79 3.54921 0.0657144 4.49512
80 3.53334 0.0498376 4.40124
81 3.51867 0.0351656 4.37764
82 3.5056 0.0221024 4.3654
83 3.49433 0.0108292 4.35027
84 3.48483 0.00133262 4.33017
85 3.47696 -0.00654361 4.29333
86 3.47047 -0.0130306 4.22904
87 3.46514 -0.01836 4.14659
88 3.4608 -0.0226982 4.02267
89 3.4574 -0.0261033 3.86055
90 3.45499 -0.0285156 3.66231
91 3.45372 -0.0297809 3.43045
92 3.4538 -0.0297006 3.45013
93 3.45541 -0.0280905 3.49583
94 3.45867 -0.0248346 3.54102
95 3.46358 -0.0199195 3.56361
96 3.47005 -0.013446 3.57013
97 3.47788 -0.00561958 3.57445
98 3.48677 0.00327284 3.55576
99 3.49639 0.0128912 3.5135
100 3.50637 0.0228685 3.44147
101 3.51633 0.0328296 3.35567
102 3.5259 0.0424024 3.28751
103 3.53472 0.0512216 3.29088
104 3.54243 0.0589295 3.3172
105 3.54868 0.0651785 3.32899
106 3.55314 0.0696393 3.33682
107 3.55552 0.07202 3.35667
108 3.5556 0.0720953 3.36897
109 3.55325 0.069745 3.34549
110 3.54849 0.0649928 3.28404
111 3.54154 0.0580379 3.18011
112 3.53277 0.0492657 3.04499
113 3.52273 0.0392315 2.88857
114 3.51211 0.0286141 2.71205
115 3.50165 0.0181464 2.51208
116 3.49204 0.00853477 2.38266
117 3.48388 0.000382728 2.46178
118 3.47763 -0.00586692 2.52648
119 3.47354 -0.00996407 2.57611
120 3.47164 -0.0118557 2.61637
121 3.47183 -0.0116665 2.62837
122 3.47384 -0.00966415 2.62151
123 3.47728 -0.00621585 2.61446
124 3.48176 -0.00174511 2.60015
125 3.48681 0.00330724 2.59222
126 3.49201 0.00851413 2.58875
127 3.49699 0.0134846 2.58781
128 3.50138 0.017878 2.56837
129 3.50491 0.021411 2.53993
130 3.50736 0.0238605 2.50265
131 3.50856 0.0250637 2.46855
132 3.50842 0.0249184 2.48025
133 3.50689 0.0233849 2.48306
134 3.50399 0.0204897 2.4808
135 3.49983 0.0163313 2.46072
136 3.49459 0.0110847 2.41736
137 3.4885 0.00500309 2.34669
138 3.48191 -0.00158806 2.26368
139 3.4752 -0.00830506 2.16404
140 3.46877 -0.0147297 2.04303
141 3.46306 -0.0204401 1.97523
142 3.45846 -0.0250443 2.06437
143 3.45529 -0.0282122 2.14259
144 3.4538 -0.0297019 2.21212
145 3.45413 -0.0293755 2.27184
146 3.45629 -0.0272062 2.30136
147 3.46022 -0.0232756 2.30167
148 3.46574 -0.0177639 2.27204
149 3.47257 -0.0109356 2.22008
150 3.48038 -0.00312279 2.14552
151 3.48879 0.00529243 2.08728
152 3.4974 0.0138963 2.08958
153 3.50576 0.022262 2.10313
154 3.51347 0.0299692 2.12268
155 3.52013 0.0366252 2.1653
156 3.52539 0.0418883 2.2069
157 3.52899 0.0454912 2.23647
158 3.53076 0.0472637 2.24383
159 3.53065 0.0471513 2.23664
160 3.52873 0.0452253 2.20135
161 3.52518 0.0416824 2.13939
162 3.52033 0.0368309 2.06228
163 3.51456 0.0310638 1.96142
164 3.50832 0.024823 1.84076
165 3.50206 0.0185573 1.77581
166 3.49618 0.0126824 1.84421
167 3.49105 0.00754659 1.89441
168 3.48691 0.00340719 1.9346
169 3.48392 0.000418597 1.96521
170 3.48213 -0.00136802 1.98027
171 3.4815 -0.00199562 1.98784
172 3.48191 -0.00158583 1.99206
173 3.48318 -0.000319953 2.01272
174 3.48508 0.00158071 2.03973
175 3.48737 0.0038735 2.0578
176 3.48981 0.0063107 2.05682
177 3.49215 0.00865327 2.04386
178 3.49418 0.0106819 2.01947
179 3.49571 0.0122064 1.99779
180 3.49657 0.0130729 1.99165
181 3.49667 0.013171 1.99542
182 3.49594 0.0124399 1.99476
183 3.49437 0.0108727 1.99184
184 3.49202 0.0085205 1.9704
185 3.48899 0.00549231 1.93139
186 3.48545 0.00195197 1.87464
187 3.48161 -0.00188999 1.80551
188 3.47771 -0.00578922 1.71859
189 3.47402 -0.0094845 1.62057
190 3.47078 -0.0127173 1.6223
191 3.46825 -0.0152515 1.68122
192 3.46661 -0.0168917 1.72819
193 3.466 -0.0174975 1.76681
194 3.46651 -0.0169929 1.7993
195 3.46813 -0.0153707 1.81064
196 3.47081 -0.0126916 1.80073
197 3.47442 -0.00907886 1.76872
198 3.47879 -0.00471046 1.71699
199 3.48369 0.000192125 1.65232
200 3.48888 0.00537626 1.60282
201 3.49407 0.010572 1.63484
202 3.49901 0.0155071 1.65701
203 3.50342 0.0199219 1.67671
204 3.50709 0.0235857 1.70174
205 3.50981 0.0263115 1.7203
206 3.51147 0.0279695 1.73858
207 3.512 0.0284975 1.73655
208 3.51141 0.0279072 1.71433
209 3.50978 0.0262837 1.67674
210 3.50728 0.0237794 1.62622
211 3.5041 0.0206009 1.56015
212 3.50049 0.0169914 1.47519
213 3.49671 0.0132092 1.3766
214 3.49301 0.00950584 1.41723
215 3.48961 0.00610611 1.46253
216 3.48669 0.00319215 1.49522
217 3.48439 0.000892699 1.5138
218 3.48278 -0.000721728 1.52952
219 3.48186 -0.0016382 1.53186
220 3.4816 -0.00189625 1.52655
221 3.48192 -0.00157952 1.52217
222 3.4827 -0.000805464 1.51929
223 3.48379 0.000285715 1.52423
224 3.48504 0.00154199 1.5325
225 3.48631 0.00280974 1.53104
226 3.48744 0.00394303 1.52111
227 3.48831 0.00481171 1.5085
228 3.48881 0.00530849 1.5024
229 3.48886 0.00535484 1.50451
230 3.48841 0.00490577 1.508
231 3.48745 0.00395312 1.50819
232 3.48603 0.00252716 1.50171
233 3.4842 0.000695963 1.47999
234 3.48206 -0.00143773 1.4479
235 3.47976 -0.00374232 1.39974
236 3.47743 -0.00606581 1.34089
237 3.47525 -0.00824624 1.26816
238 3.47338 -0.0101234 1.25736
239 3.47195 -0.0115508 1.30684
240 3.47109 -0.0124065 1.34397
241 3.4709 -0.012602 1.37198
242 3.47141 -0.0120891 1.39083
243 3.47264 -0.0108624 1.40332
244 3.47454 -0.00896043 1.39766
245 3.47704 -0.0064626 1.37634
246 3.48002 -0.00348437 1.33918
247 3.48333 -0.000170297 1.29224
248 3.48682 0.00331449 1.25156
249 3.49029 0.00679386 1.27091
250 3.49359 0.0100909 1.28652
251 3.49654 0.0130387 1.30059
252 3.49899 0.0154903 1.31817
253 3.50083 0.0173284 1.33371
254 3.50197 0.018473 1.34541
255 3.50239 0.0188875 1.34384
256 3.50208 0.0185806 1.32837
257 3.50111 0.017606 1.30344
258 3.49956 0.016058 1.26423
259 3.49756 0.0140632 1.21477
260 3.49527 0.0117703 1.15213
261 3.49284 0.00933785 1.07707
262 3.49042 0.00692184 1.1144
263 3.48816 0.00466386 1.15083
264 3.48618 0.00268152 1.17702
265 3.48456 0.00106154 1.19145
266 3.48336 -0.00014404 1.20222
267 3.48258 -0.000918612 1.20293
268 3.48222 -0.00127895 1.19648
269 3.48223 -0.00127101 1.19101
270 3.48254 -0.000964124 1.18769
271 3.48306 -0.000444365 1.18974
272 3.48369 0.000192563 1.19752
273 3.48435 0.000848313 1.20068
274 3.48493 0.00142854 1.19662
275 3.48535 0.00184892 1.19028
276 3.48554 0.00204044 1.19184
277 3.48545 0.00195376 1.19651
278 3.48506 0.00156245 1.20015
279 3.48437 0.000865067 1.20079
280 3.48339 -0.000114314 1.19378
281 3.48217 -0.00132713 1.17564
282 3.4808 -0.00270306 1.14804
283 3.47935 -0.00415446 1.10853
284 3.47792 -0.00558221 1.06042
285 3.47662 -0.00688262 1.00109
286 3.47555 -0.00795497 1.00831
287 3.47479 -0.00870881 1.04554
288 3.47443 -0.00907076 1.07284
289 3.47451 -0.00898992 1.09153
290 3.47506 -0.00844173 1.10275
291 3.47607 -0.00742988 1.10889
292 3.47751 -0.00598636 1.10235
293 3.47933 -0.0041696 1.08276
294 3.48144 -0.00206097 1.04967
295 3.48374 0.000240049 1.01241
296 3.48612 0.00262185 0.992652
297 3.48847 0.00496732 1.01146
298 3.49066 0.00716095 1.02002
299 3.4926 0.00909579 1.03212
300 3.49418 0.0106802 1.04553
301 3.49534 0.0118434 1.05681
302 3.49604 0.0125402 1.06354
303 3.49625 0.0127538 1.0589
304 3.496 0.0124963 1.04728
305 3.49531 0.0118076 1.02494
306 3.49425 0.0107521 0.993011
307 3.49291 0.00941302 0.951116
308 3.49139 0.00788607 0.901632
309 3.48977 0.00627183 0.85766
310 3.48817 0.0046683 0.895189
311 3.48666 0.00316397 0.922669
312 3.48533 0.00183211 0.941985
313 3.48423 0.00072665 0.950517
314 3.48338 -0.000120151 0.956311
315 3.4828 -0.000698219 0.953996
316 3.48248 -0.00101851 0.946278
317 3.48239 -0.0011105 0.938702
318 3.48248 -0.00101855 0.930366
319 3.4827 -0.000797697 0.935196
320 3.48299 -0.000508953 0.943292
321 3.48329 -0.000214647 0.947734
322 3.48353 2.61145e-05 0.94636
323 3.48366 0.000161571 0.946244
324 3.48365 0.000150866 0.946636
325 3.48347 -3.31142e-05 0.951959
326 3.4831 -0.000401776 0.951623
327 3.48255 -0.000949833 0.950169
328 3.48185 -0.00165541 0.942154
329 3.48102 -0.0024813 0.925794
330 3.48012 -0.00337726 0.900253
331 3.47922 -0.00428341 0.86531
332 3.47837 -0.00513435 0.824106
333 3.47764 -0.00586382 0.775661
334 3.47709 -0.00640953 0.810714
335 3.47678 -0.00671775 0.838301
336 3.47675 -0.00674738 0.857264
337 3.47703 -0.00647307 0.868926
338 3.47761 -0.00588733 0.874841
339 3.4785 -0.00500133 0.875772
340 3.47966 -0.0038445 0.867973
341 3.48104 -0.00246291 0.849375
342 3.48258 -0.000916574 0.82195
343 3.48422 0.000724087 0.793892
344 3.48588 0.00238248 0.795694
345 3.48748 0.00398042 0.807739
346 3.48894 0.00544291 0.81351
347 3.4902 0.00670267 0.824182
348 3.4912 0.00770424 0.834674
349 3.49191 0.00840739 0.840862
350 3.49229 0.00878945 0.843481
351 3.49235 0.00884649 0.838705
352 3.49209 0.0085932 0.825566
353 3.49156 0.00806135 0.803311
354 3.4908 0.00729719 0.775377
355 3.48986 0.00635767 0.73945
356 3.48881 0.00530607 0.698128
357 3.48771 0.00420736 0.693662
358 3.48662 0.00312352 0.721125
359 3.48561 0.00210953 0.740105
360 3.48471 0.00120994 0.753089
361 3.48396 0.000456627 0.75718
362 3.48337 -0.000132497 0.758952
363 3.48295 -0.000553576 0.754491
364 3.48268 -0.000815921 0.746822
365 3.48256 -0.000940262 0.738395
366 3.48254 -0.000956334 0.73135
367 3.4826 -0.000900013 0.738694
368 3.48269 -0.000810219 0.74634
369 3.48277 -0.000725793 0.749417
370 3.48282 -0.000682506 0.748094
371 3.48279 -0.000710387 0.75165
372 3.48267 -0.000831489 0.754727
373 3.48244 -0.00105822 0.75786
374 3.48211 -0.00139234 0.757206
375 3.48168 -0.00182467 0.75363
376 3.48116 -0.0023356 0.744954
377 3.4806 -0.00289631 0.728357
378 3.48003 -0.00347068 0.70531
379 3.47948 -0.00401783 0.674419
380 3.47901 -0.00449497 0.638838
381 3.47864 -0.00486058 0.631529
382 3.47842 -0.00507741 0.657359
383 3.47839 -0.00511535 0.676527
384 3.47855 -0.00495376 0.688741
385 3.47892 -0.00458319 0.694488
386 3.47949 -0.00400632 0.695896
387 3.48026 -0.00323809 0.693353
388 3.4812 -0.00230503 0.683334
389 3.48226 -0.00124378 0.665014
390 3.4834 -9.90536e-05 0.642656
391 3.48458 0.00107907 0.629293
392 3.48574 0.00223807 0.640146
393 3.48683 0.00332612 0.646004
394 3.4878 0.00429522 0.652914
395 3.4886 0.00510405 0.661493
396 3.48922 0.0057204 0.668533
397 3.48962 0.00612304 0.671849
398 3.4898 0.00630277 0.672413
399 3.48976 0.00626276 0.664935
400 3.48952 0.00601795 0.650859
401 3.48909 0.00559369 0.630139
402 3.48852 0.00502364 0.605401
403 3.48785 0.00434723 0.574483
404 3.48711 0.00360672 0.543241
405 3.48634 0.0028442 0.566963
406 3.4856 0.00209885 0.586175
407 3.48491 0.00140444 0.598771
408 3.48429 0.000787477 0.605536
409 3.48377 0.000265963 0.60675
410 3.48335 -0.000151161 0.605593
411 3.48304 -0.000463855 0.59982
412 3.48282 -0.000680206 0.592574
413 3.48269 -0.000815141 0.583293
414 3.48261 -0.000888726 0.583577
415 3.48258 -0.000924216 0.590608
416 3.48255 -0.00094599 0.59592
417 3.48252 -0.00097749 0.597044
418 3.48246 -0.00103932 0.599504
419 3.48235 -0.0011476 0.600935
420 3.48219 -0.00131263 0.605424
421 3.48196 -0.00153807 0.604768
422 3.48168 -0.00182054 0.60469
423 3.48135 -0.00214968 0.599447
424 3.48099 -0.00250888 0.589639
425 3.48062 -0.00287632 0.57329
426 3.48027 -0.0032265 0.551512
427 3.47997 -0.00353207 0.523995
428 3.47973 -0.00376578 0.494259
429 3.4796 -0.00390259 0.51708
430 3.47958 -0.00392148 0.534339
431 3.47969 -0.00380722 0.54619
432 3.47995 -0.00355158 0.552806
433 3.48035 -0.00315419 0.554753
434 3.48088 -0.00262282 0.552906
435 3.48153 -0.00197314 0.547893
436 3.48227 -0.00122797 0.536246
437 3.48308 -0.000416009 0.520375
438 3.48393 0.000429787 0.504398
439 3.48477 0.00127409 0.507326
440 3.48558 0.00208128 0.514447
441 3.48632 0.00281754 0.518123
442 3.48695 0.0034528 0.525414
443 3.48746 0.00396249 0.531936
444 3.48783 0.00432894 0.535624
445 3.48804 0.0045422 0.537894
446 3.4881 0.00460054 0.534791
447 3.48801 0.00451022 0.525742
448 3.48779 0.00428484 0.511453
449 3.48744 0.00394419 0.492854
450 3.48701 0.00351266 0.470458
451 3.48652 0.00301751 0.444806
452 3.48599 0.0024869 0.445902
453 3.48545 0.00194803 0.463495
454 3.48493 0.00142549 0.475671
455 3.48444 0.000939766 0.48348
456 3.48401 0.000506263 0.485929
457 3.48364 0.000134697 0.485084
458 3.48333 -0.00017106 0.481784
459 3.48309 -0.000412696 0.475948
460 3.4829 -0.000596804 0.468588
461 3.48277 -0.000733906 0.46128
462 3.48266 -0.000837258 0.466868
463 3.48258 -0.000921524 0.473165
464 3.4825 -0.00100141 0.475863
465 3.48241 -0.00109034 0.476946
466 3.4823 -0.00119931 0.479902
467 3.48216 -0.0013359 0.483048
468 3.482 -0.0015036 0.485148
469 3.4818 -0.00170143 0.484709
470 3.48158 -0.00192391 0.482173
471 3.48134 -0.00216134 0.475212
472 3.4811 -0.00240049 0.463965
473 3.48088 -0.00262545 0.448093
474 3.48068 -0.00281881 0.427241
475 3.48054 -0.00296291 0.403336
476 3.48046 -0.00304119 0.406418
477 3.48046 -0.00303944 0.422437
478 3.48055 -0.00294701 0.433723
479 3.48074 -0.00275765 0.440335
480 3.48103 -0.00247022 0.442445
481 3.48141 -0.00208898 0.441765
482 3.48188 -0.00162351 0.438455
483 3.48241 -0.00108833 0.431177
484 3.483 -0.000502163 0.419816
485 3.48361 0.000113079 0.4063
486 3.48423 0.000733503 0.402405
487 3.48484 0.00133459 0.409312
488 3.48539 0.00189261 0.412653
489 3.48589 0.00238594 0.417764
490 3.4863 0.00279628 0.42333
491 3.48661 0.00310966 0.427076
492 3.48682 0.00331715 0.429287
493 3.48692 0.00341522 0.429323
494 3.48691 0.00340576 0.423643
495 3.4868 0.00329581 0.413779
496 3.4866 0.00309685 0.399987
497 3.48632 0.0028239 0.383466
498 3.486 0.00249445 0.3635
499 3.48563 0.00212718 0.350714
500 3.48524 0.00174075 0.366068
501 3.48485 0.00135264 0.377872
502 3.48448 0.000978108 0.385349
503 3.48413 0.000629453 0.388949
504 3.48382 0.000315444 0.388797
505 3.48354 4.1097e-05 0.38691
506 3.48331 -0.000192279 0.382476
507 3.48311 -0.000386769 0.376527
508 3.48295 -0.000547317 0.369365
509 3.48282 -0.000681005 0.370351
510 3.4827 -0.00079622 0.375521
511 3.4826 -0.000901769 0.379241
512 3.48249 -0.001006 0.379945
513 3.48238 -0.00111599 0.383298
514 3.48226 -0.00123686 0.38533
515 3.48213 -0.00137128 0.388369
516 3.48198 -0.00151913 0.388122
517 3.48182 -0.0016774 0.387197
518 3.48166 -0.00184037 0.382391
519 3.4815 -0.00199993 0.374416
520 3.48135 -0.00214613 0.362713
521 3.48123 -0.00226793 0.347358
522 3.48115 -0.00235394 0.32856
523 3.48111 -0.00239337 0.31985
524 3.48112 -0.00237682 0.333775
525 3.4812 -0.0022971 0.344065
526 3.48135 -0.00214984 0.350756
527 3.48157 -0.00193399 0.353675
528 3.48185 -0.00165206 0.353317
529 3.48219 -0.00131017 0.350764
530 3.48258 -0.000917789 0.346241
531 3.48301 -0.00048737 0.338087
532 3.48347 -3.36693e-05 0.327909
533 3.48393 0.000427014 0.320093
534 3.48438 0.000877724 0.325629
535 3.4848 0.00130178 0.329142
536 3.48518 0.00168368 0.332361
537 3.48551 0.00200998 0.337171
538 3.48577 0.00226992 0.340777
539 3.48596 0.00245605 0.342616
540 3.48607 0.0025645 0.344084
541 3.4861 0.00259507 0.341067
542 3.48605 0.00255113 0.334361
543 3.48594 0.00243922 0.324162
544 3.48577 0.00226854 0.311593
545 3.48555 0.00205023 0.296403
546 3.4853 0.00179664 0.279379
547 3.48502 0.00152047 0.289347
548 3.48473 0.00123399 0.300109
549 3.48445 0.000948351 0.307074
550 3.48417 0.000673001 0.311399
551 3.48392 0.000415248 0.312112
552 3.48368 0.000180032 0.310606
553 3.48347 -3.01319e-05 0.307664
554 3.48329 -0.000215023 0.30344
555 3.48312 -0.000376431 0.297364
556 3.48298 -0.000517734 0.294104
557 3.48286 -0.000643387 0.298382
558 3.48274 -0.000758357 0.302249
559 3.48263 -0.000867545 0.303651
560 3.48253 -0.000975244 0.306147
561 3.48242 -0.00108467 0.308085
562 3.4823 -0.00119757 0.310724
563 3.48219 -0.00131401 0.310991
564 3.48207 -0.00143225 0.310773
565 3.48195 -0.00154882 0.307663
566 3.48184 -0.00165868 0.301774
567 3.48174 -0.00175559 0.293095
568 3.48167 -0.00183253 0.281753
569 3.48162 -0.00188222 0.267177
570 3.4816 -0.00189769 0.251873
571 3.48163 -0.00187283 0.263806
572 3.4817 -0.00180293 0.273098
573 3.48182 -0.00168509 0.279423
574 3.48198 -0.00151862 0.282614
575 3.4822 -0.00130515 0.282881
576 3.48245 -0.00104877 0.281405
577 3.48274 -0.000755844 0.278265
578 3.48307 -0.000434809 0.272741
579 3.4834 -9.57526e-05 0.2651
580 3.48375 0.000250084 0.257314
581 3.48409 0.00059088 0.259609
582 3.48442 0.000914861 0.263244
583 3.48471 0.00121091 0.265016
584 3.48497 0.00146916 0.268772
585 3.48518 0.00168147 0.27211
586 3.48534 0.00184185 0.273924
587 3.48545 0.00194669 0.275588
588 3.4855 0.00199489 0.274495
589 3.48549 0.00198779 0.269855
590 3.48543 0.00192901 0.262456
591 3.48532 0.00182411 0.252869
592 3.48518 0.00168019 0.241418
593 3.48501 0.00150535 0.228117
594 3.48481 0.0013082 0.228956
595 3.4846 0.0010973 0.238274
596 3.48438 0.000880707 0.244887
597 3.48417 0.000665523 0.249058
598 3.48396 0.000457591 0.250489
599 3.48376 0.000261286 0.249433
600 3.48358 7.94211e-05 0.247573
601 3.48341 -8.67105e-05 0.24459
602 3.48326 -0.000237197 0.239674
603 3.48313 -0.000373267 0.23483
604 3.483 -0.000496985 0.23732
605 3.48289 -0.000610892 0.241073
606 3.48278 -0.000717637 0.243128
607 3.48268 -0.000819621 0.244643
608 3.48258 -0.000918673 0.246795
609 3.48248 -0.00101579 0.2487
610 3.48239 -0.00111097 0.249746
611 3.4823 -0.00120309 0.249572
612 3.48221 -0.00128995 0.247749
613 3.48213 -0.00136839 0.243419
614 3.48207 -0.00143445 0.236968
615 3.48202 -0.00148366 0.228333
616 3.48199 -0.00151137 0.217214
617 3.48199 -0.00151314 0.204365
618 3.48202 -0.00148505 0.208587
619 3.48208 -0.00142409 0.217029
620 3.48217 -0.00132847 0.222846
621 3.4823 -0.00119781 0.226243
622 3.48247 -0.00103331 0.227189
623 3.48266 -0.000837833 0.226159
624 3.48288 -0.000615777 0.223728
625 3.48313 -0.00037298 0.21998
626 3.48338 -0.000116448 0.214313
627 3.48365 0.000145968 0.207621
628 3.48391 0.000405947 0.207361
629 3.48416 0.000655117 0.210758
630 3.48439 0.000885473 0.212399
631 3.48459 0.00108977 0.215034
632 3.48476 0.00126189 0.217864
633 3.4849 0.0013971 0.219577
634 3.48499 0.00149228 0.220886
635 3.48505 0.00154601 0.220783
636 3.48506 0.00155857 0.217649
637 3.48503 0.00153185 0.212385
638 3.48497 0.00146916 0.205068
639 3.48488 0.00137498 0.196433
640 3.48476 0.00125462 0.186038
641 3.48461 0.00111389 0.181177
642 3.48446 0.000958752 0.189157
643 3.4843 0.000794975 0.195333
644 3.48413 0.000627843 0.199177
645 3.48396 0.000461915 0.201055
646 3.4838 0.000300858 0.200799
647 3.48365 0.000147357 0.199346
648 3.4835 3.10311e-06 0.197116
649 3.48337 -0.000131142 0.193625
650 3.48325 -0.000255417 0.189084
651 3.48313 -0.00037038 0.189378
652 3.48302 -0.000477092 0.192432
653 3.48292 -0.000576781 0.194652
654 3.48283 -0.00067061 0.195657
655 3.48274 -0.000759467 0.197777
656 3.48266 -0.000843785 0.199134
657 3.48258 -0.000923414 0.200499
658 3.4825 -0.000997555 0.200489
659 3.48244 -0.00106475 0.199455
660 3.48238 -0.00112294 0.196433
661 3.48233 -0.00116958 0.191599
662 3.4823 -0.00120183 0.184996
663 3.48228 -0.00121673 0.176532
664 3.48229 -0.00121145 0.166457
665 3.48232 -0.00118352 0.165378
666 3.48237 -0.0011311 0.17259
667 3.48245 -0.00105311 0.17776
668 3.48255 -0.000949468 0.181126
669 3.48268 -0.000821122 0.182361
670 3.48283 -0.000670141 0.18172
671 3.483 -0.000499669 0.180031
672 3.48319 -0.000313831 0.177297
673 3.48338 -0.000117572 0.17321
674 3.48358 8.35449e-05 0.167756
675 3.48378 0.000283601 0.165878
676 3.48398 0.000476589 0.168717
677 3.48416 0.000656706 0.170326
678 3.48432 0.000818621 0.172015
679 3.48446 0.000957722 0.174498
680 3.48457 0.00107033 0.176117
681 3.48465 0.00115383 0.177178
682 3.48471 0.0012068 0.177647
683 3.48473 0.00122896 0.175775
684 3.48472 0.00122122 0.171862
685 3.48469 0.00118548 0.16635
686 3.48463 0.00112454 0.159718
687 3.48454 0.00104188 0.151704
688 3.48444 0.000941416 0.143354
689 3.48433 0.000827276 0.150285
690 3.4842 0.000703586 0.155803
691 3.48407 0.000574248 0.159331
692 3.48394 0.000442767 0.161418
693 3.48381 0.000312126 0.161608
694 3.48369 0.000184699 0.160494
695 3.48356 6.22248e-05 0.158862
696 3.48345 -5.41733e-05 0.156497
697 3.48334 -0.000163922 0.152709
698 3.48323 -0.000266896 0.151202
699 3.48314 -0.000363286 0.153664
700 3.48305 -0.000453457 0.155834
701 3.48296 -0.000537798 0.156824
702 3.48288 -0.000616585 0.158415
703 3.48281 -0.000689865 0.159603
704 3.48274 -0.000757363 0.160955
705 3.48268 -0.000818435 0.161123
706 3.48263 -0.000872054 0.160593
707 3.48258 -0.000916841 0.158475
708 3.48255 -0.000951136 0.15495
709 3.48253 -0.0009731 0.149843
710 3.48252 -0.000980852 0.143495
711 3.48253 -0.00097261 0.135519
712 3.48255 -0.000946853 0.131115
713 3.4826 -0.00090247 0.137251
714 3.48266 -0.000838892 0.141902
715 3.48274 -0.000756201 0.144953
716 3.48285 -0.000655202 0.146374
717 3.48296 -0.000537452 0.146144
718 3.4831 -0.000405248 0.144938
719 3.48324 -0.000261567 0.142949
720 3.48339 -0.000109963 0.140062
721 3.48355 4.5571e-05 0.13578
722 3.4837 0.000200769 0.132754
723 3.48385 0.00035128 0.135074
724 3.48399 0.000492862 0.136723
725 3.48412 0.000621566 0.137841
726 3.48423 0.000733918 0.13971
727 3.48433 0.000827058 0.141239
728 3.4844 0.000898857 0.142147
729 3.48445 0.000947988 0.142868
730 3.48447 0.000973953 0.141903
731 3.48448 0.000977066 0.139099
732 3.48446 0.000958393 0.134942
733 3.48442 0.000919659 0.129845
734 3.48436 0.000863115 0.123675
735 3.48429 0.0007914 0.116408
736 3.48421 0.000707382 0.119507
737 3.48411 0.000614001 0.12426
738 3.48401 0.000514127 0.127496
739 3.48391 0.000410433 0.129557
740 3.48381 0.000305297 0.130092
741 3.4837 0.000200733 0.129335
742 3.4836 9.8355e-05 0.128208
743 3.4835 -6.20061e-07 0.126462
744 3.48341 -9.53483e-05 0.123393
745 3.48332 -0.000185301 0.120935
746 3.48323 -0.000270191 0.122745
747 3.48315 -0.000349884 0.124786
748 3.48308 -0.000424307 0.125826
749 3.48301 -0.000493365 0.126996
750 3.48294 -0.000556857 0.128033
751 3.48289 -0.000614422 0.129207
752 3.48284 -0.000665501 0.129524
753 3.48279 -0.000709325 0.129327
754 3.48276 -0.000744933 0.127913
755 3.48273 -0.000771213 0.125342
756 3.48271 -0.000786962 0.121497
757 3.48271 -0.000790978 0.116568
758 3.48272 -0.000782147 0.110311
759 3.48274 -0.000759544 0.103913
760 3.48278 -0.000722538 0.109113
761 3.48283 -0.000670872 0.113261
762 3.4829 -0.000604737 0.116009
763 3.48298 -0.000524821 0.117461
764 3.48307 -0.000432333 0.117628
765 3.48317 -0.000328989 0.116746
766 3.48328 -0.000216981 0.115235
767 3.4834 -9.89043e-05 0.113207
768 3.48352 2.23311e-05 0.109915
769 3.48364 0.000143614 0.106839
770 3.48376 0.000261756 0.108227
771 3.48387 0.000373629 0.109778
772 3.48398 0.000476289 0.110545
773 3.48407 0.000567103 0.111994
774 3.48414 0.000643853 0.113376
775 3.48421 0.000704821 0.11419
776 3.48425 0.000748842 0.114859
777 3.48428 0.000775336 0.114494
778 3.48428 0.000784303 0.112533
779 3.48428 0.000776292 0.109465
780 3.48425 0.000752344 0.105549
781 3.48421 0.000713911 0.10075
782 3.48416 0.000662765 0.0950768
783 3.4841 0.000600894 0.0950025
784 3.48403 0.000530395 0.0990698
785 3.48395 0.000453375 0.102067
786 3.48387 0.000371862 0.103937
787 3.48379 0.000287729 0.104703
788 3.4837 0.000202639 0.104288
789 3.48362 0.000118014 0.103473
790 3.48354 3.5021e-05 0.102184
791 3.48346 -4.54189e-05 0.0999528
792 3.48338 -0.000122603 0.0973968
793 3.4833 -0.000196005 0.0980778
794 3.48324 -0.000265228 0.0999172
795 3.48317 -0.000329944 0.101015
796 3.48311 -0.000389844 0.101839
797 3.48306 -0.00044459 0.102882
798 3.48301 -0.00049377 0.103738
799 3.48296 -0.000536882 0.104236
800 3.48293 -0.00057332 0.104146
801 3.4829 -0.000602384 0.103238
802 3.48288 -0.000623302 0.101373
803 3.48287 -0.000635277 0.0985169
804 3.48286 -0.00063753 0.0946984
805 3.48287 -0.000629368 0.0898652
806 3.48289 -0.000610244 0.0845062
807 3.48292 -0.000579821 0.0867801
808 3.48296 -0.000538032 0.0903772
809 3.48302 -0.000485122 0.0928236
810 3.48308 -0.000421685 0.0943015
811 3.48315 -0.000348674 0.094652
812 3.48323 -0.0002674 0.0940962
813 3.48332 -0.000179502 0.092927
814 3.48341 -8.69074e-05 0.0914726
815 3.48351 8.23327e-06 0.0890124
816 3.4836 0.000103621 0.0863353
817 3.4837 0.000196896 0.0867359
818 3.48379 0.000285726 0.0881527
819 3.48387 0.000367899 0.0888726
820 3.48394 0.000441409 0.0899213
821 3.48401 0.000504534 0.0910327
822 3.48406 0.000555893 0.0918055
823 3.4841 0.000594494 0.0923803
824 3.48412 0.000619757 0.0923405
825 3.48413 0.000631522 0.0910544
826 3.48413 0.000630028 0.0887898
827 3.48412 0.000615882 0.0857983
828 3.48409 0.000590014 0.0820634
829 3.48405 0.000553609 0.0776226
830 3.48401 0.000508044 0.0754968
831 3.48396 0.000454818 0.0789889
832 3.4839 0.000395475 0.0816762
833 3.48383 0.00033155 0.0833942
834 3.48377 0.000264505 0.0842374
835 3.4837 0.000195692 0.0841597
836 3.48363 0.000126321 0.0835264
837 3.48356 5.74438e-05 0.0825781
838 3.48349 -1.00452e-05 0.0810191
839 3.48343 -7.54007e-05 0.078815
840 3.48336 -0.000138005 0.0786158
841 3.4833 -0.000197342 0.0800444
842 3.48325 -0.00025296 0.0811392
843 3.4832 -0.000304447 0.0817297
844 3.48315 -0.000351395 0.0826556
845 3.48311 -0.000393379 0.0833383
846 3.48307 -0.000429942 0.0838776
847 3.48304 -0.000460585 0.0838998
848 3.48302 -0.000484776 0.0833425
849 3.483 -0.000501963 0.0819649
850 3.48299 -0.000511598 0.0798754
851 3.48299 -0.000513173 0.0769352
852 3.48299 -0.000506255 0.0732219
853 3.48301 -0.000490529 0.0689108
854 3.48303 -0.000465838 0.0690362
855 3.48307 -0.000432221 0.0720921
856 3.48311 -0.000389939 0.0742838
857 3.48316 -0.000339502 0.075681
858 3.48322 -0.000281673 0.0761803
859 3.48328 -0.000217467 0.0758563
860 3.48335 -0.000148131 0.0750159
861 3.48343 -7.51152e-05 0.0738862
862 3.4835 -3.03789e-08 0.072135
863 3.48358 7.54041e-05 0.0698769
864 3.48365 0.00014942 0.0695453
865 3.48372 0.000220262 0.0707651
866 3.48379 0.000286255 0.0714547
867 3.48385 0.000345861 0.0721893
868 3.4839 0.000397736 0.0731351
869 3.48394 0.000440776 0.0738147
870 3.48397 0.000474147 0.0742999
871 3.484 0.000497314 0.0744502
872 3.48401 0.000510041 0.0736754
873 3.48401 0.000512387 0.0720106
874 3.48401 0.000504691 0.0697398
875 3.48399 0.000487536 0.0668655
876 3.48396 0.000461713 0.0634008
877 3.48393 0.000428176 0.0599797
878 3.48389 0.000387994 0.0629763
879 3.48384 0.000342304 0.0653421
880 3.48379 0.000292261 0.066897
881 3.48374 0.000239004 0.0677917
882 3.48368 0.000183618 0.0678996
883 3.48363 0.00012711 0.067487
884 3.48357 7.03948e-05 0.0667411
885 3.48351 1.42865e-05 0.0656763
886 3.48346 -4.04991e-05 0.06388
887 3.48341 -9.3336e-05 0.0630477
888 3.48336 -0.000143675 0.0641932
889 3.48331 -0.000191024 0.0652067
890 3.48327 -0.000234935 0.0656645
891 3.48323 -0.000274981 0.0664132
892 3.48319 -0.000310745 0.0669875
893 3.48316 -0.000341811 0.0675055
894 3.48313 -0.000367759 0.067607
895 3.48311 -0.000388169 0.0672941
896 3.4831 -0.00040263 0.0662675
897 3.48309 -0.000410754 0.0647601
898 3.48309 -0.0004122 0.0624937
899 3.48309 -0.000406698 0.0596558
900 3.48311 -0.000394071 0.0562013
901 3.48313 -0.000374267 0.0549037
902 3.48315 -0.000347377 0.0574964
903 3.48319 -0.000313657 0.0594681
904 3.48323 -0.00027354 0.0607314
905 3.48327 -0.000227641 0.0613137
906 3.48332 -0.000176756 0.0611786
907 3.48338 -0.000121844 0.0605585
908 3.48344 -6.40124e-05 0.0596893
909 3.4835 -4.48178e-06 0.0584625
910 3.48356 5.54467e-05 0.0566256
911 3.48362 0.000114434 0.0558101
912 3.48367 0.000171147 0.0568162
913 3.48372 0.000224305 0.057484
914 3.48377 0.000272721 0.0580192
915 3.48382 0.000315341 0.0587548
916 3.48385 0.000351283 0.0593542
917 3.48388 0.000379855 0.0597673
918 3.4839 0.00040058 0.0600232
919 3.48391 0.000413198 0.0595864
920 3.48392 0.00041767 0.0583734
921 3.48391 0.000414165 0.056661
922 3.4839 0.00040304 0.0544663
923 3.48389 0.000384822 0.0517654
924 3.48386 0.00036017 0.048611
925 3.48383 0.00032985 0.0502288
926 3.4838 0.000294694 0.0522563
927 3.48376 0.000255578 0.0536631
928 3.48371 0.00021338 0.0545369
929 3.48367 0.000168966 0.0547919
930 3.48362 0.000123163 0.0545479
931 3.48358 7.67452e-05 0.0539913
932 3.48353 3.04272e-05 0.053215
933 3.48349 -1.51404e-05 0.0518013
934 3.48344 -5.93687e-05 0.0506759
935 3.4834 -0.000101726 0.0514739
936 3.48336 -0.000141727 0.0523899
937 3.48332 -0.000178929 0.0528495
938 3.48329 -0.000212915 0.0533899
939 3.48326 -0.000243293 0.0538695
940 3.48323 -0.000269689 0.054342
941 3.48321 -0.000291742 0.0544864
942 3.48319 -0.00030911 0.0543352
943 3.48318 -0.000321476 0.053619
944 3.48317 -0.000328556 0.0525086
945 3.48317 -0.000330114 0.0507945
946 3.48317 -0.000325977 0.0485958
947 3.48318 -0.000316052 0.0458624
948 3.4832 -0.000300341 0.0436474
949 3.48322 -0.000278956 0.0458406
950 3.48325 -0.000252134 0.0475894
951 3.48328 -0.000220239 0.0487312
952 3.48332 -0.00018377 0.049332
953 3.48336 -0.000143353 0.0493794
954 3.4834 -9.9738e-05 0.0489675
955 3.48345 -5.37757e-05 0.0482427
956 3.48349 -6.40302e-06 0.0473933
957 3.48354 4.13852e-05 0.045936
958 3.48359 8.85647e-05 0.0448403
959 3.48363 0.000134114 0.0456381
960 3.48368 0.000177044 0.0462732
961 3.48372 0.000216433 0.0466289
962 3.48375 0.000251454 0.0472389
963 3.48378 0.000281397 0.0477755
964 3.48381 0.000305693 0.0480978
965 3.48382 0.000323926 0.0483763
966 3.48384 0.000335842 0.0481821
967 3.48384 0.00034135 0.0472989
968 3.48384 0.000340514 0.0460183
969 3.48383 0.000333549 0.0443518
970 3.48382 0.000320799 0.0422548
971 3.4838 0.00030272 0.0397735
972 3.48378 0.00027986 0.0400476
973 3.48375 0.000252832 0.0417736
974 3.48372 0.000222295 0.0430543
975 3.48369 0.000188931 0.0438632
976 3.48365 0.000153422 0.0442025
977 3.48362 0.000116441 0.0440742
978 3.48358 7.86329e-05 0.0436794
979 3.48354 4.06096e-05 0.0431025
980 3.4835 2.94231e-06 0.0420838
981 3.48347 -3.38392e-05 0.0409514
982 3.48343 -6.92459e-05 0.0412685
983 3.4834 -0.000102827 0.0420826
984 3.48337 -0.000134167 0.0425274
985 3.48334 -0.000162878 0.042941
986 3.48331 -0.000188602 0.0433626
987 3.48329 -0.000211003 0.0437543
988 3.48327 -0.000229771 0.0439347
989 3.48326 -0.000244622 0.043869
990 3.48325 -0.000255303 0.0433878
991 3.48324 -0.000261598 0.0425628
992 3.48324 -0.000263337 0.0412802
993 3.48324 -0.000260406 0.0395837
994 3.48325 -0.000252759 0.0374678
995 3.48326 -0.000240424 0.0351174
996 3.48328 -0.000223516 0.0365591
997 3.4833 -0.000202244 0.0380745
998 3.48332 -0.000176913 0.0390917
999 3.48335 -0.000147926 0.0397216
1000 3.48338 -0.000115782 0.039865
1001 3.48342 -8.10669e-05 0.0396056
1002 3.48346 -4.44438e-05 0.0390265
1003 3.48349 -6.63761e-06 0.0384216
1004 3.48353 3.15837e-05 0.0373138
1005 3.48357 6.94295e-05 0.0362421
1006 3.48361 0.000106109 0.036672
1007 3.48364 0.000140856 0.0372491
1008 3.48367 0.000172947 0.0375497
1009 3.4837 0.000201729 0.038022
1010 3.48373 0.000226632 0.0384567
1011 3.48375 0.000247189 0.0387599
1012 3.48376 0.000263043 0.0389952
1013 3.48377 0.000273958 0.038943
1014 3.48378 0.00027982 0.0383413
1015 3.48378 0.000280633 0.037371
1016 3.48378 0.000276518 0.0361064
1017 3.48377 0.000267697 0.0344805
1018 3.48376 0.000254485 0.0325317
1019 3.48374 0.000237274 0.0319139
1020 3.48372 0.000216515 0.0333926
1021 3.48369 0.000192706 0.0345314
1022 3.48367 0.000166373 0.0352758
1023 3.48364 0.000138054 0.0356434
1024 3.48361 0.000108291 0.0356325
1025 3.48358 7.76148e-05 0.0353284
1026 3.48355 4.65403e-05 0.034912
1027 3.48352 1.55574e-05 0.0341894
1028 3.48349 -1.48706e-05 0.0331854
1029 3.48346 -4.43095e-05 0.0331445
1030 3.48343 -7.23542e-05 0.0338064
1031 3.4834 -9.86283e-05 0.034253
1032 3.48338 -0.000122783 0.0345481
1033 3.48336 -0.000144497 0.0349276
1034 3.48334 -0.000163473 0.0352407
1035 3.48332 -0.000179444 0.0354393
1036 3.48331 -0.00019217 0.0354233
1037 3.4833 -0.000201444 0.035118
1038 3.48329 -0.000207096 0.0344898
1039 3.48329 -0.000208999 0.0335454
1040 3.48329 -0.000207074 0.032243
1041 3.4833 -0.000201299 0.0306162
1042 3.48331 -0.000191713 0.0287225
1043 3.48332 -0.000178423 0.0291624
1044 3.48334 -0.000161607 0.0304497
1045 3.48336 -0.000141519 0.0313705
1046 3.48338 -0.000118485 0.031979
1047 3.48341 -9.29018e-05 0.0321841
1048 3.48344 -6.52325e-05 0.0320266
1049 3.48346 -3.59965e-05 0.0316163
1050 3.48349 -5.75912e-06 0.0311353
1051 3.48353 2.48817e-05 0.0303362
1052 3.48356 5.53108e-05 0.0294041
1053 3.48359 8.49119e-05 0.029481
1054 3.48361 0.000113085 0.0299861
1055 3.48364 0.000139261 0.0302556
1056 3.48366 0.000162921 0.0305898
1057 3.48368 0.000183607 0.0309733
1058 3.4837 0.000200934 0.0312368
1059 3.48372 0.000214601 0.0314384
1060 3.48372 0.000224396 0.0314659
1061 3.48373 0.000230198 0.0310901
1062 3.48373 0.000231978 0.0303538
1063 3.48373 0.000229796 0.029401
1064 3.48372 0.000223793 0.0281422
1065 3.48371 0.000214186 0.0266173
1066 3.4837 0.000201254 0.025419
1067 3.48369 0.000185331 0.0266824
1068 3.48367 0.000166791 0.0276903
1069 3.48365 0.000146041 0.0283605
1070 3.48362 0.000123503 0.0287363
1071 3.4836 9.96128e-05 0.0288076
1072 3.48358 7.48025e-05 0.028611
1073 3.48355 4.94994e-05 0.0282686
1074 3.48352 2.41173e-05 0.0277675
1075 3.4835 -9.46748e-07 0.0269498
1076 3.48348 -2.53158e-05 0.0266436
1077 3.48345 -4.86348e-05 0.027169
1078 3.48343 -7.05717e-05 0.0275857
1079 3.48341 -9.08185e-05 0.0277855
1080 3.48339 -0.000109091 0.0281285
1081 3.48338 -0.000125132 0.0283926
1082 3.48336 -0.000138707 0.0285834
1083 3.48335 -0.000149615 0.0286104
1084 3.48334 -0.000157683 0.0284268
1085 3.48334 -0.000162773 0.0279449
1086 3.48334 -0.000164785 0.0272566
1087 3.48334 -0.000163662 0.0262564
1088 3.48334 -0.000159394 0.0250112
1089 3.48335 -0.00015202 0.0234957
1090 3.48336 -0.000141635 0.0232568
1091 3.48337 -0.000128388 0.0243422
1092 3.48339 -0.000112487 0.0251883
1093 3.48341 -9.41951e-05 0.0257346
1094 3.48343 -7.38303e-05 0.0259775
1095 3.48345 -5.17587e-05 0.0258993
1096 3.48347 -2.83899e-05 0.0256166
1097 3.4835 -4.16768e-06 0.025226
1098 3.48352 2.04393e-05 0.0246618
1099 3.48355 4.49488e-05 0.0238863
1100 3.48357 6.88774e-05 0.0237189
1101 3.48359 9.17522e-05 0.0241448
1102 3.48361 0.000113124 0.0243886
1103 3.48363 0.000132576 0.0246278
1104 3.48365 0.000149742 0.0249365
1105 3.48366 0.000164304 0.0251833
1106 3.48368 0.000176009 0.0253441
1107 3.48369 0.000184671 0.0254172
1108 3.48369 0.000190173 0.0251998
1109 3.48369 0.000192469 0.0246532
1110 3.48369 0.000191578 0.0239298
1111 3.48369 0.00018759 0.0229646
1112 3.48368 0.000180651 0.0217756
1113 3.48367 0.000170961 0.0204042
1114 3.48366 0.000158766 0.0213269
1115 3.48364 0.00014435 0.0221961
1116 3.48363 0.000128024 0.0227961
1117 3.48361 0.000110121 0.0231654
1118 3.48359 9.09876e-05 0.0232823
1119 3.48357 7.09745e-05 0.0231635
1120 3.48355 5.04331e-05 0.0228912
1121 3.48353 2.97085e-05 0.0225409
1122 3.48351 9.13614e-06 0.0218969
1123 3.48349 -1.09622e-05 0.0214386
1124 3.48347 -3.02806e-05 0.0218327
1125 3.48345 -4.85315e-05 0.0222121
1126 3.48344 -6.54469e-05 0.022399
1127 3.48342 -8.078e-05 0.0226508
1128 3.48341 -9.43069e-05 0.0228728
1129 3.48339 -0.000105828 0.023051
1130 3.48339 -0.000115169 0.023111
1131 3.48338 -0.000122186 0.0230083
1132 3.48337 -0.000126763 0.0226517
1133 3.48337 -0.00012882 0.0221453
1134 3.48337 -0.000128312 0.0213808
1135 3.48338 -0.000125234 0.0204239
1136 3.48338 -0.000119622 0.0192173
1137 3.48339 -0.000111555 0.0185414
1138 3.4834 -0.000101157 0.0194637
1139 3.48341 -8.85964e-05 0.0202135
1140 3.48343 -7.40857e-05 0.0207078
1141 3.48344 -5.78784e-05 0.0209573
1142 3.48346 -4.02658e-05 0.0209532
1143 3.48348 -2.15718e-05 0.0207562
1144 3.4835 -2.14697e-06 0.0204361
1145 3.48352 1.76394e-05 0.0200421
1146 3.48354 3.74073e-05 0.0194103
1147 3.48356 5.67748e-05 0.0190888
1148 3.48358 7.53676e-05 0.0194394
1149 3.48359 9.28278e-05 0.019682
1150 3.48361 0.000108823 0.0198414
1151 3.48362 0.000123055 0.0200772
1152 3.48364 0.000135264 0.0203055
1153 3.48365 0.000145239 0.0204266
1154 3.48365 0.000152817 0.0205247
1155 3.48366 0.000157891 0.0204155
1156 3.48366 0.000160405 0.0200176
1157 3.48366 0.000160359 0.0194689
1158 3.48366 0.000157803 0.0187328
1159 3.48365 0.000152836 0.0178089
1160 3.48365 0.000145602 0.0167261
1161 3.48364 0.000136281 0.01704
1162 3.48363 0.000125087 0.0177825
1163 3.48361 0.000112262 0.0183194
1164 3.4836 9.80648e-05 0.0186647
1165 3.48358 8.27711e-05 0.0188127
1166 3.48357 6.66643e-05 0.018746
1167 3.48355 5.00309e-05 0.0185506
1168 3.48353 3.31564e-05 0.0182887
1169 3.48352 1.6321e-05 0.0178169
1170 3.4835 -2.03854e-07 0.017337
1171 3.48348 -1.61581e-05 0.01754
1172 3.48347 -3.12958e-05 0.017876
1173 3.48346 -4.53868e-05 0.0180565
1174 3.48344 -5.82189e-05 0.0182469
1175 3.48343 -6.95994e-05 0.0184225
1176 3.48342 -7.93569e-05 0.0185945
1177 3.48341 -8.73432e-05 0.0186619
1178 3.48341 -9.34349e-05 0.0186154
1179 3.4834 -9.75355e-05 0.0183685
1180 3.4834 -9.95775e-05 0.0179879
1181 3.4834 -9.9524e-05 0.0174155
1182 3.4834 -9.73709e-05 0.0166747
1183 3.48341 -9.31481e-05 0.0157337
1184 3.48341 -8.69207e-05 0.0147761
1185 3.48342 -7.87894e-05 0.0155584
1186 3.48343 -6.88903e-05 0.0162141
1187 3.48344 -5.73937e-05 0.0166545
1188 3.48346 -4.45023e-05 0.0169067
1189 3.48347 -3.04479e-05 0.0169473
1190 3.48349 -1.54876e-05 0.0168183
1191 3.4835 1.00709e-07 0.0165573
1192 3.48352 1.60247e-05 0.0162801
1193 3.48353 3.19831e-05 0.0157853
1194 3.48355 4.76732e-05 0.0153942
1195 3.48356 6.27969e-05 0.0156556
1196 3.48358 7.70684e-05 0.0158841
1197 3.48359 9.02205e-05 0.0159941
1198 3.4836 0.000102011 0.0161932
1199 3.48361 0.000112227 0.016373
1200 3.48362 0.000120693 0.0164898
1201 3.48363 0.000127269 0.0165725
1202 3.48363 0.000131856 0.0165311
1203 3.48363 0.0001344 0.0162484
1204 3.48364 0.000134886 0.0158398
1205 3.48363 0.00013334 0.0152733
1206 3.48363 0.000129828 0.0145585
1207 3.48363 0.000124452 0.0137065
1208 3.48362 0.000117345 0.0136069
1209 3.48361 0.000108669 0.0142402
1210 3.4836 9.86087e-05 0.0147206
1211 3.48359 8.73682e-05 0.0150324
1212 3.48358 7.51654e-05 0.0151941
1213 3.48356 6.22278e-05 0.0151686
1214 3.48355 4.87884e-05 0.0150276
1215 3.48354 3.50814e-05 0.0148363
1216 3.48352 2.13389e-05 0.0144997
1217 3.48351 7.78796e-06 0.0140655
1218 3.4835 -5.3527e-06 0.0141009
1219 3.48348 -1.78747e-05 0.0143864
1220 3.48347 -2.95825e-05 0.0145611
1221 3.48346 -4.0295e-05 0.0147015
1222 3.48345 -4.98477e-05 0.0148564
1223 3.48344 -5.80941e-05 0.0149999
1224 3.48344 -6.49075e-05 0.015073
1225 3.48343 -7.0183e-05 0.0150628
1226 3.48343 -7.38382e-05 0.0148999
1227 3.48342 -7.58155e-05 0.0146114
1228 3.48342 -7.60832e-05 0.0141803
1229 3.48343 -7.46367e-05 0.0136104
1230 3.48343 -7.14996e-05 0.0128831
1231 3.48343 -6.67238e-05 0.0120595
1232 3.48344 -6.03901e-05 0.0124438
1233 3.48345 -5.26078e-05 0.0129991
1234 3.48346 -4.35129e-05 0.0133917
1235 3.48347 -3.32672e-05 0.013635
1236 3.48348 -2.20555e-05 0.0137032
1237 3.48349 -1.00823e-05 0.0136245
1238 3.4835 2.4317e-06 0.0134347
1239 3.48352 1.52539e-05 0.0132241
1240 3.48353 2.8145e-05 0.0128583
1241 3.48354 4.08634e-05 0.0124836
1242 3.48355 5.31713e-05 0.0126081
1243 3.48357 6.48394e-05 0.0128138
1244 3.48358 7.56523e-05 0.0129185
1245 3.48359 8.5413e-05 0.0130614
1246 3.48359 9.39475e-05 0.0132013
1247 3.4836 0.000101108 0.0133132
1248 3.48361 0.000106777 0.0133857
1249 3.48361 0.000110866 0.0133787
1250 3.48361 0.000113322 0.0131942
1251 3.48361 0.000114124 0.012884
1252 3.48361 0.000113282 0.0124554
1253 3.48361 0.00011084 0.011902
1254 3.48361 0.000106868 0.011229
1255 3.4836 0.000101465 0.0108587
1256 3.4836 9.47535e-05 0.0113982
1257 3.48359 8.6875e-05 0.011822
1258 3.48358 7.79891e-05 0.0121047
1259 3.48357 6.82682e-05 0.0122642
1260 3.48356 5.78946e-05 0.012281
1261 3.48355 4.70565e-05 0.0121853
1262 3.48354 3.59452e-05 0.0120321
1263 3.48353 2.47519e-05 0.0117961
1264 3.48351 1.36648e-05 0.0114318
1265 3.4835 2.86675e-06 0.0113488
1266 3.48349 -7.46737e-06 0.0115775
1267 3.48348 -1.71725e-05 0.0117466
1268 3.48347 -2.60952e-05 0.0118443
1269 3.48347 -3.40959e-05 0.0119866
1270 3.48346 -4.10499e-05 0.0121073
1271 3.48345 -4.68493e-05 0.0121814
1272 3.48345 -5.14043e-05 0.0121867
1273 3.48345 -5.46444e-05 0.0120892
1274 3.48344 -5.652e-05 0.0118683
1275 3.48344 -5.70027e-05 0.0115461
1276 3.48344 -5.60871e-05 0.0111065
1277 3.48345 -5.37905e-05 0.0105476
1278 3.48345 -5.01537e-05 0.00989074
1279 3.48346 -4.52408e-05 0.00994968
1280 3.48346 -3.91386e-05 0.0104149
1281 3.48347 -3.19558e-05 0.0107668
1282 3.48348 -2.38212e-05 0.0109901
1283 3.48349 -1.4882e-05 0.0110805
1284 3.4835 -5.30112e-06 0.0110384
1285 3.48351 4.74555e-06 0.0109097
1286 3.48352 1.50728e-05 0.0107386
1287 3.48353 2.54894e-05 0.0104776
1288 3.48354 3.58026e-05 0.0101505
1289 3.48355 4.58216e-05 0.0101545
1290 3.48356 5.53621e-05 0.0103363
1291 3.48356 6.42497e-05 0.0104311
1292 3.48357 7.23243e-05 0.0105336
1293 3.48358 7.94428e-05 0.0106526
1294 3.48359 8.54825e-05 0.0107465
1295 3.48359 9.03432e-05 0.0108122
1296 3.48359 9.39488e-05 0.0108232
1297 3.4836 9.62491e-05 0.0107126
1298 3.4836 9.72194e-05 0.0104752
1299 3.4836 9.68611e-05 0.0101559
1300 3.4836 9.52005e-05 0.0097279
1301 3.48359 9.22877e-05 0.00920325
1302 3.48359 8.81949e-05 0.00865948
1303 3.48358 8.30141e-05 0.00912134
1304 3.48358 7.68547e-05 0.00949022
1305 3.48357 6.98409e-05 0.00974218
1306 3.48356 6.21091e-05 0.00989996
1307 3.48355 5.38045e-05 0.0099385
1308 3.48355 4.5079e-05 0.00987871
1309 3.48354 3.60882e-05 0.00975351
1310 3.48353 2.69885e-05 0.00959111
1311 3.48352 1.79353e-05 0.00930064
1312 3.48351 9.08027e-06 0.00913505
1313 3.4835 5.69431e-07 0.00931901
1314 3.48349 -7.4588e-06 0.00947352
1315 3.48349 -1.48754e-05 0.00954898
1316 3.48348 -2.15622e-05 0.0096712
1317 3.48347 -2.74136e-05 0.00977079
1318 3.48347 -3.23379e-05 0.00984246
1319 3.48346 -3.62584e-05 0.00986219
1320 3.48346 -3.91146e-05 0.00980519
1321 3.48346 -4.08631e-05 0.00963792
1322 3.48346 -4.14787e-05 0.00940096
1323 3.48346 -4.09544e-05 0.00906307
1324 3.48346 -3.93026e-05 0.00863414
1325 3.48346 -3.65546e-05 0.00811026
1326 3.48347 -3.27606e-05 0.00795101
1327 3.48347 -2.79893e-05 0.00834156
1328 3.48348 -2.2327e-05 0.00865401
1329 3.48348 -1.58762e-05 0.00885637
1330 3.48349 -8.7541e-06 0.00895699
1331 3.4835 -1.0906e-06 0.00894801
1332 3.48351 6.97403e-06 0.0088604
1333 3.48352 1.52918e-05 0.00872699
1334 3.48352 2.371e-05 0.00854062
1335 3.48353 3.20738e-05 0.0082715
1336 3.48354 4.02302e-05 0.00819107
1337 3.48355 4.80304e-05 0.00833756
1338 3.48356 5.53332e-05 0.00843033
1339 3.48356 6.2008e-05 0.00850167
1340 3.48357 6.79373e-05 0.0085919
1341 3.48357 7.30191e-05 0.00867735
1342 3.48358 7.71688e-05 0.00872998
1343 3.48358 8.03207e-05 0.00875339
1344 3.48358 8.2429e-05 0.00869276
1345 3.48358 8.34683e-05 0.00851583
1346 3.48358 8.3434e-05 0.00827742
1347 3.48358 8.23413e-05 0.00794785
1348 3.48358 8.0225e-05 0.00753979
1349 3.48358 7.71377e-05 0.00706719
1350 3.48357 7.31487e-05 0.00729914
1351 3.48357 6.83421e-05 0.00761496
1352 3.48356 6.28148e-05 0.0078388
1353 3.48356 5.6674e-05 0.00798701
1354 3.48355 5.00358e-05 0.00804073
1355 3.48354 4.30219e-05 0.00800544
1356 3.48354 3.57586e-05 0.00791174
1357 3.48353 2.83734e-05 0.00779364
1358 3.48352 2.09938e-05 0.00757589
1359 3.48351 1.37453e-05 0.00738788
1360 3.48351 6.749e-06 0.00749843
1361 3.4835 1.20381e-07 0.00763647
1362 3.48349 -6.03243e-06 0.00771219
1363 3.48349 -1.16101e-05 0.00780012
1364 3.48348 -1.65234e-05 0.00788302
1365 3.48348 -2.06946e-05 0.0079509
1366 3.48348 -2.40582e-05 0.00797842
1367 3.48347 -2.65623e-05 0.00794909
1368 3.48347 -2.81689e-05 0.0078308
1369 3.48347 -2.88552e-05 0.00765346
1370 3.48347 -2.86134e-05 0.00739788
1371 3.48347 -2.74515e-05 0.00706535
1372 3.48348 -2.53931e-05 0.00665129
1373 3.48348 -2.24771e-05 0.00635068
1374 3.48348 -1.87577e-05 0.00667906
1375 3.48349 -1.43029e-05 0.00695142
1376 3.48349 -9.19419e-06 0.00713579
1377 3.4835 -3.52487e-06 0.00724051
1378 3.4835 2.60151e-06 0.00725535
1379 3.48351 9.07296e-06 0.00719738
1380 3.48352 1.57711e-05 0.0070902
1381 3.48352 2.25736e-05 0.00695693
1382 3.48353 2.93563e-05 0.00673755
1383 3.48354 3.59957e-05 0.00660743
1384 3.48354 4.23717e-05 0.00672974
1385 3.48355 4.83698e-05 0.00681478
1386 3.48355 5.38834e-05 0.00686164
1387 3.48356 5.88158e-05 0.00694106
1388 3.48356 6.30824e-05 0.00701086
1389 3.48357 6.66119e-05 0.00705135
1390 3.48357 6.9348e-05 0.00707779
1391 3.48357 7.12498e-05 0.00704962
1392 3.48357 7.22926e-05 0.00692129
1393 3.48357 7.24682e-05 0.00674328
1394 3.48357 7.17845e-05 0.00649055
1395 3.48357 7.02649e-05 0.00617401
1396 3.48357 6.79478e-05 0.00580111
1397 3.48357 6.48854e-05 0.00583728
1398 3.48356 6.1142e-05 0.0061062
1399 3.48356 5.6793e-05 0.00630689
1400 3.48355 5.19231e-05 0.00643963
1401 3.48355 4.66243e-05 0.00650265
1402 3.48354 4.09944e-05 0.00648406
1403 3.48354 3.51351e-05 0.0064175
1404 3.48353 2.91505e-05 0.00632974
1405 3.48352 2.31446e-05 0.00617321
1406 3.48352 1.72207e-05 0.00599603
1407 3.48351 1.1479e-05 0.00603118
1408 3.48351 6.01532e-06 0.00615432
1409 3.4835 9.19936e-07 0.00622504
1410 3.4835 -3.72394e-06 0.0062935
1411 3.48349 -7.84124e-06 0.00635832
1412 3.48349 -1.13661e-05 0.00642323
1413 3.48349 -1.42429e-05 0.00645089
1414 3.48348 -1.64269e-05 0.00644149
1415 3.48348 -1.78852e-05 0.00636213
1416 3.48348 -1.85968e-05 0.00622906
1417 3.48348 -1.85535e-05 0.00603555
1418 3.48348 -1.776e-05 0.00577903
1419 3.48348 -1.62336e-05 0.0054581
1420 3.48349 -1.40041e-05 0.00510267
1421 3.48349 -1.11139e-05 0.00534851
1422 3.48349 -7.61659e-06 0.00558154
1423 3.4835 -3.57675e-06 0.0057491
1424 3.4835 9.31486e-07 0.00585251
1425 3.48351 5.82557e-06 0.00587887
1426 3.48351 1.10161e-05 0.00584319
1427 3.48352 1.64082e-05 0.00575846
1428 3.48352 2.19038e-05 0.00566275
1429 3.48353 2.74031e-05 0.00549564
1430 3.48353 3.28065e-05 0.00535179
1431 3.48354 3.80167e-05 0.00543099
1432 3.48354 4.29408e-05 0.00551127
1433 3.48355 4.74916e-05 0.00554707
1434 3.48355 5.15897e-05 0.00560872
1435 3.48356 5.51649e-05 0.00566265
1436 3.48356 5.81574e-05 0.00570012
1437 3.48356 6.05189e-05 0.00572614
1438 3.48356 6.22135e-05 0.00571359
1439 3.48356 6.3218e-05 0.00562518
1440 3.48356 6.35224e-05 0.00549187
1441 3.48356 6.31296e-05 0.00529891
1442 3.48356 6.20551e-05 0.00505429
1443 3.48356 6.03267e-05 0.00475924
1444 3.48356 5.79833e-05 0.00466522
1445 3.48356 5.50744e-05 0.0048945
1446 3.48355 5.16584e-05 0.00507198
1447 3.48355 4.7802e-05 0.00519043
1448 3.48354 4.35781e-05 0.00525548
1449 3.48354 3.90651e-05 0.00525395
1450 3.48353 3.4345e-05 0.00520746
1451 3.48353 2.95019e-05 0.00513997
1452 3.48353 2.4621e-05 0.00502927
1453 3.48352 1.97868e-05 0.00487513
1454 3.48352 1.50817e-05 0.00485908
1455 3.48351 1.05853e-05 0.00496049
1456 3.48351 6.37247e-06 0.00502952
1457 3.4835 2.51278e-06 0.005078
1458 3.4835 -9.30804e-07 0.00513662
1459 3.4835 -3.90275e-06 0.00518958
1460 3.48349 -6.35576e-06 0.00521732
1461 3.48349 -8.25151e-06 0.0052173
1462 3.48349 -9.56123e-06 0.00516731
1463 3.48349 -1.02661e-05 0.00506657
1464 3.48349 -1.03577e-05 0.00492227
1465 3.48349 -9.83791e-06 0.00472475
1466 3.48349 -8.71926e-06 0.00447809
1467 3.48349 -7.0245e-06 0.00419443
1468 3.4835 -4.78637e-06 0.00428284
1469 3.4835 -2.04707e-06 0.00447951
1470 3.4835 1.14244e-06 0.00462999
1471 3.48351 4.72328e-06 0.004727
1472 3.48351 8.62969e-06 0.00476208
1473 3.48351 1.27902e-05 0.00474122
1474 3.48352 1.7129e-05 0.00468083
1475 3.48352 2.15672e-05 0.00460609
1476 3.48353 2.60244e-05 0.0044842
1477 3.48353 3.04204e-05 0.00435074
1478 3.48354 3.46763e-05 0.00438111
1479 3.48354 3.87165e-05 0.00445411
1480 3.48354 4.24697e-05 0.00448906
1481 3.48355 4.58706e-05 0.00453007
1482 3.48355 4.88611e-05 0.00457554
1483 3.48355 5.13911e-05 0.00460837
1484 3.48355 5.34194e-05 0.00463178
1485 3.48356 5.49147e-05 0.00462785
1486 3.48356 5.58559e-05 0.00457211
1487 3.48356 5.62322e-05 0.00447087
1488 3.48356 5.60431e-05 0.0043265
1489 3.48356 5.52987e-05 0.00413619
1490 3.48355 5.40188e-05 0.00390474
1491 3.48355 5.22324e-05 0.00372579
1492 3.48355 4.99774e-05 0.0039207
1493 3.48355 4.72991e-05 0.00407638
1494 3.48354 4.42497e-05 0.0041815
1495 3.48354 4.08873e-05 0.00424571
1496 3.48354 3.72743e-05 0.00425674
1497 3.48353 3.34767e-05 0.00422662
1498 3.48353 2.95625e-05 0.00417163
1499 3.48353 2.56009e-05 0.00409462
1500 3.48352 2.16612e-05 0.00396774
1501 3.48352 1.7811e-05 0.00391504
1502 3.48351 1.41159e-05 0.00399752
1503 3.48351 1.06381e-05 0.00406175
1504 3.48351 7.43538e-06 0.00409524
1505 3.48351 4.56052e-06 0.00414925
1506 3.4835 2.06023e-06 0.00419257
1507 3.4835 -2.54247e-08 0.00422021
1508 3.4835 -1.66365e-06 0.00422512
1509 3.4835 -2.82941e-06 0.00419537
1510 3.4835 -3.50584e-06 0.00411856
1511 3.4835 -3.68447e-06 0.00401272
1512 3.4835 -3.36543e-06 0.00386105
1513 3.4835 -2.55736e-06 0.00367258
1514 3.4835 -1.27737e-06 0.0034463
1515 3.4835 4.49296e-07 0.00342911
1516 3.4835 2.58963e-06 0.00359435
1517 3.48351 5.10346e-06 0.00372841
1518 3.48351 7.94412e-06 0.00381518
1519 3.48351 1.10593e-05 0.00385533
1520 3.48351 1.43918e-05 0.00384576
1521 3.48352 1.7881e-05 0.00380498
1522 3.48352 2.14636e-05 0.00374654
1523 3.48353 2.50747e-05 0.00365842
1524 3.48353 2.86496e-05 0.00354378
1525 3.48353 3.21242e-05 0.00353426
1526 3.48354 3.54371e-05 0.00359781
1527 3.48354 3.853e-05 0.00363112
1528 3.48354 4.13493e-05 0.00366216
1529 3.48354 4.38465e-05 0.00369646
1530 3.48355 4.598e-05 0.00372823
1531 3.48355 4.77149e-05 0.00374487
1532 3.48355 4.9024e-05 0.00374694
1533 3.48355 4.98882e-05 0.00371472
1534 3.48355 5.02969e-05 0.00363736
1535 3.48355 5.02476e-05 0.00353051
1536 3.48355 4.97462e-05 0.00338371
1537 3.48355 4.88069e-05 0.003203
1538 3.48355 4.7451e-05 0.00299731
1539 3.48355 4.57076e-05 0.00314074
1540 3.48354 4.36117e-05 0.00327432
1541 3.48354 4.12043e-05 0.00336792
1542 3.48354 3.85312e-05 0.00342933
1543 3.48354 3.56423e-05 0.0034471
1544 3.48353 3.25906e-05 0.00342887
1545 3.48353 2.94309e-05 0.003385
1546 3.48353 2.62195e-05 0.00333142
1547 3.48352 2.30127e-05 0.00323249
1548 3.48352 1.9866e-05 0.00316193
1549 3.48352 1.68335e-05 0.00322068
1550 3.48351 1.39665e-05 0.00327896
1551 3.48351 1.13131e-05 0.00330908
1552 3.48351 8.91714e-06 0.00334988
1553 3.48351 6.818e-06 0.0033857
1554 3.48351 5.0495e-06 0.00341193
1555 3.4835 3.63963e-06 0.00342179
1556 3.4835 2.61009e-06 0.00340513
1557 3.4835 1.97593e-06 0.00334894
1558 3.4835 1.74537e-06 0.00327053
1559 3.4835 1.91961e-06 0.00315427
1560 3.4835 2.49287e-06 0.00300959
1561 3.4835 3.45249e-06 0.00282969
1562 3.48351 4.77911e-06 0.00274338
1563 3.48351 6.44703e-06 0.00288435
1564 3.48351 8.42467e-06 0.00300004
1565 3.48351 1.06751e-05 0.00307822
1566 3.48351 1.31567e-05 0.00311887
1567 3.48352 1.58239e-05 0.00312002
1568 3.48352 1.86281e-05 0.00309187
1569 3.48352 2.15183e-05 0.00304626
1570 3.48353 2.44425e-05 0.00298279
1571 3.48353 2.73481e-05 0.00288918
1572 3.48353 3.01834e-05 0.00285286
1573 3.48353 3.28982e-05 0.00290479
1574 3.48354 3.54449e-05 0.00293908
1575 3.48354 3.77793e-05 0.00296027
1576 3.48354 3.98615e-05 0.0029893
1577 3.48354 4.16565e-05 0.00301543
1578 3.48354 4.3135e-05 0.00302804
1579 3.48354 4.42735e-05 0.00303443
1580 3.48355 4.5055e-05 0.00301614
1581 3.48355 4.54694e-05 0.00295837
1582 3.48355 4.55131e-05 0.00287938
1583 3.48355 4.51891e-05 0.0027671
1584 3.48355 4.45072e-05 0.00262653
1585 3.48354 4.34833e-05 0.00246436
1586 3.48354 4.21394e-05 0.00251615
1587 3.48354 4.05027e-05 0.00262995
1588 3.48354 3.86051e-05 0.00271276
1589 3.48354 3.6483e-05 0.00276868
1590 3.48353 3.4176e-05 0.00279057
1591 3.48353 3.17265e-05 0.00278022
1592 3.48353 2.91788e-05 0.00274858
1593 3.48353 2.65784e-05 0.00270862
1594 3.48352 2.39713e-05 0.00263594
1595 3.48352 2.14027e-05 0.00256503
1596 3.48352 1.8917e-05 0.00259387
1597 3.48352 1.65567e-05 0.00264515
1598 3.48351 1.43615e-05 0.00267397
1599 3.48351 1.2368e-05 0.00270403
1600 3.48351 1.06091e-05 0.00273325
1601 3.48351 9.11331e-06 0.00275842
1602 3.48351 7.90454e-06 0.0027698
1603 3.48351 7.00149e-06 0.0027619
1604 3.48351 6.41753e-06 0.00272393
1605 3.48351 6.16044e-06 0.0026645
1606 3.48351 6.2323e-06 0.00257689
1607 3.48351 6.6295e-06 0.00246447
1608 3.48351 7.34278e-06 0.00232398
1609 3.48351 8.35742e-06 0.00219332
1610 3.48351 9.6535e-06 0.00231333
1611 3.48351 1.12063e-05 0.00241239
1612 3.48351 1.29865e-05 0.00248186
1613 3.48352 1.49612e-05 0.00252223
1614 3.48352 1.7094e-05 0.00253005
1615 3.48352 1.9346e-05 0.00251195
1616 3.48352 2.16762e-05 0.00247521
1617 3.48352 2.40428e-05 0.00243005
1618 3.48353 2.64031e-05 0.00235483
1619 3.48353 2.87153e-05 0.00230321
1620 3.48353 3.09384e-05 0.00234541
1621 3.48353 3.30336e-05 0.00237766
1622 3.48354 3.49645e-05 0.00239162
1623 3.48354 3.6698e-05 0.00241876
1624 3.48354 3.82052e-05 0.00243974
1625 3.48354 3.9461e-05 0.00245148
1626 3.48354 4.04456e-05 0.00245685
1627 3.48354 4.11441e-05 0.00244738
1628 3.48354 4.15467e-05 0.00240592
1629 3.48354 4.16494e-05 0.00234738
1630 3.48354 4.14533e-05 0.00226161
1631 3.48354 4.09652e-05 0.00215356
1632 3.48354 4.01966e-05 0.00202541
1633 3.48354 3.91641e-05 0.00201432
1634 3.48354 3.78888e-05 0.00211105
1635 3.48354 3.63957e-05 0.002185
1636 3.48354 3.47133e-05 0.00223465
1637 3.48353 3.28732e-05 0.00225901
1638 3.48353 3.09093e-05 0.00225399
1639 3.48353 2.88574e-05 0.00223181
1640 3.48353 2.67541e-05 0.00220142
1641 3.48353 2.46368e-05 0.00214974
1642 3.48352 2.25424e-05 0.00208561
1643 3.48352 2.05074e-05 0.00208996
1644 3.48352 1.85666e-05 0.00213389
1645 3.48352 1.67529e-05 0.0021606
1646 3.48352 1.50968e-05 0.00218324
1647 3.48351 1.36258e-05 0.00220693
1648 3.48351 1.23637e-05 0.00223041
1649 3.48351 1.1331e-05 0.00224043
1650 3.48351 1.05436e-05 0.0022392
1651 3.48351 1.00135e-05 0.00221459
1652 3.48351 9.74778e-06 0.00216924
1653 3.48351 9.74915e-06 0.0021038
1654 3.48351 1.00156e-05 0.00201714
1655 3.48351 1.05404e-05 0.00190836
1656 3.48351 1.13125e-05 0.00178543
1657 3.48351 1.23165e-05 0.00185569
1658 3.48351 1.35331e-05 0.0019391
1659 3.48352 1.49392e-05 0.0020001
1660 3.48352 1.65087e-05 0.0020388
1661 3.48352 1.82126e-05 0.00205056
1662 3.48352 2.00196e-05 0.00203968
1663 3.48352 2.18971e-05 0.00201161
1664 3.48352 2.38111e-05 0.00197854
1665 3.48353 2.57273e-05 0.0019223
1666 3.48353 2.76116e-05 0.00186876
1667 3.48353 2.94309e-05 0.00189295
1668 3.48353 3.11531e-05 0.00192275
1669 3.48353 3.27486e-05 0.00193662
1670 3.48353 3.41899e-05 0.00195596
1671 3.48354 3.54529e-05 0.00197327
1672 3.48354 3.65166e-05 0.00198433
1673 3.48354 3.7364e-05 0.00199069
1674 3.48354 3.7982e-05 0.00198454
1675 3.48354 3.8362e-05 0.00195698
1676 3.48354 3.84995e-05 0.00191288
1677 3.48354 3.83945e-05 0.00184875
1678 3.48354 3.80512e-05 0.00176538
1679 3.48354 3.74782e-05 0.00166355
1680 3.48354 3.6688e-05 0.00161123
1681 3.48354 3.56967e-05 0.0016937
1682 3.48354 3.45239e-05 0.00175859
1683 3.48353 3.31921e-05 0.00180298
1684 3.48353 3.17263e-05 0.00182734
1685 3.48353 3.01536e-05 0.00182875
1686 3.48353 2.85027e-05 0.00181308
1687 3.48353 2.68032e-05 0.00178848
1688 3.48353 2.50855e-05 0.00175216
1689 3.48352 2.33796e-05 0.00169885
1690 3.48352 2.17154e-05 0.00168495
1691 3.48352 2.01215e-05 0.0017206
1692 3.48352 1.8625e-05 0.0017465
1693 3.48352 1.72512e-05 0.00176252
1694 3.48352 1.6023e-05 0.00178426
1695 3.48352 1.49605e-05 0.00180301
1696 3.48351 1.4081e-05 0.00181353
1697 3.48351 1.33982e-05 0.00181448
1698 3.48351 1.29224e-05 0.00179959
1699 3.48351 1.26604e-05 0.00176475
1700 3.48351 1.2615e-05 0.00171668
1701 3.48351 1.27853e-05 0.00165017
1702 3.48351 1.31667e-05 0.00156645
1703 3.48351 1.37509e-05 0.00146884
1704 3.48352 1.45261e-05 0.00148763
1705 3.48352 1.54771e-05 0.00155774
1706 3.48352 1.65859e-05 0.00161137
1707 3.48352 1.78318e-05 0.00164673
1708 3.48352 1.91916e-05 0.00166125
1709 3.48352 2.06404e-05 0.00165517
1710 3.48352 2.21519e-05 0.00163579
1711 3.48352 2.36988e-05 0.00161024
1712 3.48353 2.52534e-05 0.00156896
1713 3.48353 2.67881e-05 0.00152116
1714 3.48353 2.82757e-05 0.00152685
1715 3.48353 2.96902e-05 0.00155381
1716 3.48353 3.10071e-05 0.00156714
1717 3.48353 3.22039e-05 0.00158101
1718 3.48353 3.32603e-05 0.00159575
1719 3.48353 3.41589e-05 0.00160686
1720 3.48354 3.48852e-05 0.00161223
1721 3.48354 3.54278e-05 0.00160841
1722 3.48354 3.57789e-05 0.00159143
1723 3.48354 3.59341e-05 0.00155835
1724 3.48354 3.58925e-05 0.00151059
1725 3.48354 3.56569e-05 0.00144626
1726 3.48354 3.52333e-05 0.00136663
1727 3.48354 3.46311e-05 0.00128778
1728 3.48353 3.38626e-05 0.00135811
1729 3.48353 3.29432e-05 0.00141465
1730 3.48353 3.18904e-05 0.00145363
1731 3.48353 3.07242e-05 0.00147788
1732 3.48353 2.94662e-05 0.00148288
1733 3.48353 2.81393e-05 0.00147291
1734 3.48353 2.67676e-05 0.00145257
1735 3.48353 2.53754e-05 0.00142706
1736 3.48352 2.39875e-05 0.00138386
1737 3.48352 2.26279e-05 0.0013589
1738 3.48352 2.13203e-05 0.00138751
1739 3.48352 2.00871e-05 0.00141111
1740 3.48352 1.8949e-05 0.00142296
1741 3.48352 1.79253e-05 0.00144174
1742 3.48352 1.70328e-05 0.00145722
1743 3.48352 1.62859e-05 0.00146748
1744 3.48352 1.56965e-05 0.00147049
1745 3.48352 1.52737e-05 0.00146171
1746 3.48352 1.50234e-05 0.00143528
1747 3.48352 1.49486e-05 0.00140036
1748 3.48352 1.50493e-05 0.00134906
1749 3.48352 1.53223e-05 0.00128505
1750 3.48352 1.57614e-05 0.00120747
1751 3.48352 1.63577e-05 0.0011915
1752 3.48352 1.70993e-05 0.00125097
1753 3.48352 1.79721e-05 0.00129803
1754 3.48352 1.89597e-05 0.00132929
1755 3.48352 2.00438e-05 0.00134491
1756 3.48352 2.12043e-05 0.001343
1757 3.48352 2.24203e-05 0.00132971
1758 3.48352 2.36696e-05 0.00131004
1759 3.48353 2.493e-05 0.00128021
1760 3.48353 2.61789e-05 0.00124017
1761 3.48353 2.73944e-05 0.00123263
1762 3.48353 2.85552e-05 0.00125522
1763 3.48353 2.96411e-05 0.00126836
1764 3.48353 3.06336e-05 0.00127851
1765 3.48353 3.15158e-05 0.00128989
1766 3.48353 3.22731e-05 0.00130121
1767 3.48353 3.28932e-05 0.00130502
1768 3.48353 3.33663e-05 0.00130427
1769 3.48353 3.36855e-05 0.00129346
1770 3.48353 3.38466e-05 0.00126856
1771 3.48353 3.38482e-05 0.0012335
1772 3.48353 3.36919e-05 0.00118412
1773 3.48353 3.33818e-05 0.00112212
1774 3.48353 3.29251e-05 0.00105125
1775 3.48353 3.23311e-05 0.00108903
1776 3.48353 3.16118e-05 0.00113715
1777 3.48353 3.07809e-05 0.00117151
1778 3.48353 2.98543e-05 0.00119452
1779 3.48353 2.88492e-05 0.00120192
1780 3.48353 2.77839e-05 0.00119588
1781 3.48353 2.66778e-05 0.00118043
1782 3.48353 2.55506e-05 0.00116169
1783 3.48352 2.44224e-05 0.0011289
1784 3.48352 2.33128e-05 0.00110114
1785 3.48352 2.22413e-05 0.00111833
1786 3.48352 2.12262e-05 0.00113942
1787 3.48352 2.02847e-05 0.00115084
1788 3.48352 1.94327e-05 0.0011644
1789 3.48352 1.86844e-05 0.0011772
1790 3.48352 1.80519e-05 0.00118697
1791 3.48352 1.75454e-05 0.00119136
1792 3.48352 1.71726e-05 0.00118668
1793 3.48352 1.6939e-05 0.00116831
1794 3.48352 1.68475e-05 0.00114187
1795 3.48352 1.68985e-05 0.00110291
1796 3.48352 1.70901e-05 0.00105331
1797 3.48352 1.74177e-05 0.00099217
1798 3.48352 1.78744e-05 0.000953615
1799 3.48352 1.84512e-05 0.00100388
1800 3.48352 1.9137e-05 0.00104474
1801 3.48352 1.99188e-05 0.00107256
1802 3.48352 2.0782e-05 0.00108795
1803 3.48352 2.17107e-05 0.00108984
1804 3.48352 2.26881e-05 0.0010809
1805 3.48352 2.36963e-05 0.00106517
1806 3.48353 2.47174e-05 0.00104377
1807 3.48353 2.57331e-05 0.00101107
1808 3.48353 2.67255e-05 0.000994949
1809 3.48353 2.76773e-05 0.00101363
1810 3.48353 2.85718e-05 0.00102652
1811 3.48353 2.93938e-05 0.00103337
1812 3.48353 3.01293e-05 0.00104428
1813 3.48353 3.07661e-05 0.00105331
1814 3.48353 3.12938e-05 0.00105711
1815 3.48353 3.17041e-05 0.00105758
1816 3.48353 3.19907e-05 0.00105069
1817 3.48353 3.21497e-05 0.00103236
1818 3.48353 3.21795e-05 0.00100662
1819 3.48353 3.20809e-05 0.000968833
1820 3.48353 3.18568e-05 0.000920777
1821 3.48353 3.15123e-05 0.000865105
1822 3.48353 3.10547e-05 0.000873076
1823 3.48353 3.04932e-05 0.000913925
1824 3.48353 2.98386e-05 0.00094446
1825 3.48353 2.91033e-05 0.000965009
1826 3.48353 2.83011e-05 0.000973822
1827 3.48353 2.74467e-05 0.000970401
1828 3.48353 2.65557e-05 0.000959454
1829 3.48353 2.56439e-05 0.000945261
1830 3.48353 2.47277e-05 0.000921034
1831 3.48352 2.38231e-05 0.000895162
1832 3.48352 2.29459e-05 0.000900958
1833 3.48352 2.21113e-05 0.000919617
1834 3.48352 2.13334e-05 0.000930136
1835 3.48352 2.06255e-05 0.000940503
1836 3.48352 1.99992e-05 0.00095077
1837 3.48352 1.9465e-05 0.000960175
1838 3.48352 1.90313e-05 0.00096451
1839 3.48352 1.87049e-05 0.000962749
1840 3.48352 1.84906e-05 0.000950637
1841 3.48352 1.83913e-05 0.000930475
1842 3.48352 1.84077e-05 0.00090111
1843 3.48352 1.85387e-05 0.000862817
1844 3.48352 1.87808e-05 0.00081544
1845 3.48352 1.91291e-05 0.000763414
1846 3.48352 1.95765e-05 0.000805435
1847 3.48352 2.01142e-05 0.00084033
1848 3.48352 2.07321e-05 0.000865045
1849 3.48352 2.14187e-05 0.000880039
1850 3.48352 2.21612e-05 0.000883735
1851 3.48352 2.29461e-05 0.000878178
1852 3.48352 2.37591e-05 0.000865551
1853 3.48353 2.45857e-05 0.000850477
1854 3.48353 2.54111e-05 0.000824881
1855 3.48353 2.62207e-05 0.000804944
1856 3.48353 2.70004e-05 0.000818319
1857 3.48353 2.77366e-05 0.000830432
1858 3.48353 2.84166e-05 0.000835858
1859 3.48353 2.90289e-05 0.000844894
1860 3.48353 2.95633e-05 0.00085222
1861 3.48353 3.0011e-05 0.000856448
1862 3.48353 3.03649e-05 0.000857598
1863 3.48353 3.06196e-05 0.000852987
1864 3.48353 3.07715e-05 0.000840205
1865 3.48353 3.08188e-05 0.000821092
1866 3.48353 3.07617e-05 0.000792415
1867 3.48353 3.06022e-05 0.000755857
1868 3.48353 3.03441e-05 0.000711497
1869 3.48353 2.99928e-05 0.000699408
1870 3.48353 2.95555e-05 0.000734353
1871 3.48353 2.90406e-05 0.000761422
1872 3.48353 2.8458e-05 0.000779749
1873 3.48353 2.78186e-05 0.000788912
1874 3.48353 2.71341e-05 0.000787748
1875 3.48353 2.6417e-05 0.000780083
1876 3.48353 2.56802e-05 0.00076902
1877 3.48353 2.49368e-05 0.000751754
1878 3.48352 2.42e-05 0.000728996
1879 3.48352 2.34827e-05 0.000726778
1880 3.48352 2.27971e-05 0.000742119
1881 3.48352 2.21552e-05 0.000752235
1882 3.48352 2.15678e-05 0.000759753
1883 3.48352 2.10446e-05 0.000768446
1884 3.48352 2.05944e-05 0.000776682
1885 3.48352 2.02243e-05 0.000780579
1886 3.48352 1.99403e-05 0.000780632
1887 3.48352 1.97465e-05 0.000773109
1888 3.48352 1.96456e-05 0.000757629
1889 3.48352 1.96386e-05 0.000735842
1890 3.48352 1.97248e-05 0.000706446
1891 3.48352 1.99019e-05 0.000669695
1892 3.48352 2.0166e-05 0.000628201
1893 3.48352 2.05119e-05 0.000646055
1894 3.48352 2.09327e-05 0.000675507
1895 3.48352 2.14203e-05 0.000697347
1896 3.48352 2.19657e-05 0.000711286
1897 3.48352 2.25587e-05 0.000716323
1898 3.48352 2.31884e-05 0.000713048
1899 3.48352 2.38435e-05 0.000703765
1900 3.48353 2.45121e-05 0.000692637
1901 3.48353 2.51823e-05 0.000673497
1902 3.48353 2.58423e-05 0.000654067
1903 3.48353 2.64805e-05 0.000660458
1904 3.48353 2.70858e-05 0.000671464
1905 3.48353 2.76477e-05 0.000676762
1906 3.48353 2.81567e-05 0.000683101
1907 3.48353 2.86043e-05 0.000689323
1908 3.48353 2.89831e-05 0.000693635
1909 3.48353 2.92871e-05 0.000695389
1910 3.48353 2.95115e-05 0.000692478
1911 3.48353 2.96531e-05 0.000683744
1912 3.48353 2.97102e-05 0.00066952
1913 3.48353 2.96824e-05 0.000648235
1914 3.48353 2.95713e-05 0.000619954
1915 3.48353 2.93793e-05 0.000584955
1916 3.48353 2.91108e-05 0.000559921
1917 3.48353 2.87711e-05 0.000589619
1918 3.48353 2.83669e-05 0.000613348
1919 3.48353 2.79059e-05 0.000629649
1920 3.48353 2.73968e-05 0.00063879
1921 3.48353 2.6849e-05 0.000639778
1922 3.48353 2.62725e-05 0.000634377
1923 3.48353 2.56776e-05 0.000625369
1924 3.48353 2.5075e-05 0.00061323
1925 3.48353 2.44755e-05 0.000594097
1926 3.48352 2.38894e-05 0.000586166
1927 3.48352 2.33269e-05 0.000598675
1928 3.48352 2.27978e-05 0.00060815
1929 3.48352 2.2311e-05 0.000613393
1930 3.48352 2.18747e-05 0.000621441
1931 3.48352 2.14961e-05 0.000628103
1932 3.48352 2.11814e-05 0.000632067
1933 3.48352 2.09355e-05 0.000632808
1934 3.48352 2.07621e-05 0.000628412
1935 3.48352 2.06638e-05 0.000616457
1936 3.48352 2.06415e-05 0.000600523
1937 3.48352 2.06951e-05 0.000578026
1938 3.48352 2.08229e-05 0.000549808
1939 3.48352 2.10221e-05 0.000516725
1940 3.48352 2.12886e-05 0.000517773
1941 3.48352 2.16171e-05 0.000542703
1942 3.48352 2.20013e-05 0.000562026
1943 3.48352 2.24339e-05 0.000574578
1944 3.48352 2.2907e-05 0.000580297
1945 3.48352 2.34118e-05 0.000578671
1946 3.48352 2.39391e-05 0.000572416
1947 3.48353 2.44795e-05 0.000563705
1948 3.48353 2.50234e-05 0.000549812
1949 3.48353 2.55609e-05 0.0005327
1950 3.48353 2.60828e-05 0.000532865
1951 3.48353 2.658e-05 0.000542597
1952 3.48353 2.70438e-05 0.000547586
1953 3.48353 2.74664e-05 0.000552408
1954 3.48353 2.78406e-05 0.000557397
1955 3.48353 2.81604e-05 0.000561825
1956 3.48353 2.84204e-05 0.000563403
1957 3.48353 2.86167e-05 0.000562069
1958 3.48353 2.87464e-05 0.000556209
1959 3.48353 2.88078e-05 0.000545606
1960 3.48353 2.88004e-05 0.000529844
1961 3.48353 2.8725e-05 0.000508131
1962 3.48353 2.85836e-05 0.000480895
1963 3.48353 2.83792e-05 0.000450166
1964 3.48353 2.81161e-05 0.000473357
1965 3.48353 2.77994e-05 0.000493736
1966 3.48353 2.74353e-05 0.000508095
1967 3.48353 2.70305e-05 0.000517099
1968 3.48353 2.65925e-05 0.00051922
1969 3.48353 2.61294e-05 0.000515819
1970 3.48353 2.56496e-05 0.000508325
1971 3.48353 2.51616e-05 0.00049986
1972 3.48353 2.46742e-05 0.000484907
1973 3.48352 2.41958e-05 0.000473869
1974 3.48352 2.37348e-05 0.00048282
1975 3.48352 2.32991e-05 0.000491457
1976 3.48352 2.28962e-05 0.000495942
1977 3.48352 2.25329e-05 0.000502229
1978 3.48352 2.22152e-05 0.000507699
1979 3.48352 2.19483e-05 0.00051154
1980 3.48352 2.17364e-05 0.000513032
1981 3.48352 2.15828e-05 0.000510452
1982 3.48352 2.14897e-05 0.000501767
1983 3.48352 2.14582e-05 0.000489917
1984 3.48352 2.14884e-05 0.000472676
1985 3.48352 2.15791e-05 0.000451009
1986 3.48352 2.17282e-05 0.000424752
1987 3.48352 2.19328e-05 0.000414661
1988 3.48352 2.21885e-05 0.000435783
1989 3.48352 2.24907e-05 0.000452629
1990 3.48352 2.28334e-05 0.000463965
1991 3.48352 2.32104e-05 0.000469726
1992 3.48352 2.36146e-05 0.000469696
1993 3.48352 2.40388e-05 0.000465356
1994 3.48353 2.44752e-05 0.000458606
1995 3.48353 2.49161e-05 0.000448579
1996 3.48353 2.53536e-05 0.000434556
1997 3.48353 2.57801e-05 0.000430312
1998 3.48353 2.61881e-05 0.000438277
1999 3.48353 2.65705e-05 0.000443391
2000 3.48353 2.69208e-05 0.0004467
2001 3.48353 2.72332e-05 0.000450988
2002 3.48353 2.75025e-05 0.000454874
2003 3.48353 2.77242e-05 0.000456243
2004 3.48353 2.78949e-05 0.000456289
2005 3.48353 2.8012e-05 0.000452374
2006 3.48353 2.8074e-05 0.000444262
2007 3.48353 2.80802e-05 0.000432784
2008 3.48353 2.80311e-05 0.000416173
2009 3.48353 2.79281e-05 0.000395085
2010 3.48353 2.77734e-05 0.000370782
2011 3.48353 2.75702e-05 0.00037983
2012 3.48353 2.73226e-05 0.000397154
2013 3.48353 2.70354e-05 0.000409751
2014 3.48353 2.67139e-05 0.00041822
2015 3.48353 2.63642e-05 0.00042119
2016 3.48353 2.59926e-05 0.00041913
2017 3.48353 2.56059e-05 0.000413653
2018 3.48353 2.52111e-05 0.000407101
2019 3.48353 2.48152e-05 0.000395966
2020 3.48353 2.4425e-05 0.000385024
2021 3.48352 2.40475e-05 0.000389243
2022 3.48352 2.36892e-05 0.000396882
2023 3.48352 2.33562e-05 0.000401138
2024 3.48352 2.30542e-05 0.000405707
2025 3.48352 2.27881e-05 0.00041023
2026 3.48352 2.25623e-05 0.000413904
2027 3.48352 2.23805e-05 0.000415657
2028 3.48352 2.22454e-05 0.000414412
2029 3.48352 2.21591e-05 0.000408506
2030 3.48352 2.21227e-05 0.00039952
2031 3.48352 2.21363e-05 0.000386492
2032 3.48352 2.21992e-05 0.000369631
2033 3.48352 2.231e-05 0.000349138
2034 3.48352 2.24663e-05 0.000331782
2035 3.48352 2.2665e-05 0.000349704
2036 3.48352 2.29021e-05 0.000364253
2037 3.48352 2.31733e-05 0.000374388
2038 3.48352 2.34733e-05 0.000380057
2039 3.48352 2.37967e-05 0.000381097
2040 3.48352 2.41375e-05 0.000378283
2041 3.48353 2.44897e-05 0.000372837
2042 3.48353 2.48469e-05 0.000365722
2043 3.48353 2.52027e-05 0.000354246
2044 3.48353 2.55508e-05 0.000347364
2045 3.48353 2.58853e-05 0.000353971
2046 3.48353 2.62003e-05 0.000358821
2047 3.48353 2.64904e-05 0.000360967
2048 3.48353 2.67508e-05 0.000365043
2049 3.48353 2.6977e-05 0.000368228
2050 3.48353 2.71654e-05 0.000369771
2051 3.48353 2.7313e-05 0.000370205
2052 3.48353 2.74177e-05 0.000367697
2053 3.48353 2.74778e-05 0.000361664
2054 3.48353 2.74928e-05 0.000353295
2055 3.48353 2.74628e-05 0.000340614
2056 3.48353 2.73887e-05 0.00032442
2057 3.48353 2.72723e-05 0.000305165
2058 3.48353 2.71159e-05 0.000304508
2059 3.48353 2.69228e-05 0.000319221
2060 3.48353 2.66967e-05 0.000330425
2061 3.48353 2.64417e-05 0.000337972
2062 3.48353 2.61628e-05 0.000341421
2063 3.48353 2.58649e-05 0.000340383
2064 3.48353 2.55536e-05 0.000336605
2065 3.48353 2.52344e-05 0.000331523
2066 3.48353 2.49131e-05 0.000323336
2067 3.48353 2.45952e-05 0.00031354
2068 3.48352 2.42864e-05 0.000313905
2069 3.48352 2.3992e-05 0.000320428
2070 3.48352 2.37171e-05 0.000324335
2071 3.48352 2.34663e-05 0.000327838
2072 3.48352 2.32438e-05 0.000331374
2073 3.48352 2.30533e-05 0.000334957
2074 3.48352 2.28979e-05 0.0003365
2075 3.48352 2.278e-05 0.000336235
2076 3.48352 2.27013e-05 0.000332431
2077 3.48352 2.26628e-05 0.000325551
2078 3.48352 2.2665e-05 0.000315808
2079 3.48352 2.27074e-05 0.000302811
2080 3.48352 2.2789e-05 0.000286905
2081 3.48352 2.29078e-05 0.000268778
2082 3.48352 2.30617e-05 0.000280604
2083 3.48352 2.32474e-05 0.000292978
2084 3.48352 2.34616e-05 0.000301935
2085 3.48352 2.37001e-05 0.000307451
2086 3.48352 2.39585e-05 0.000309017
2087 3.48352 2.42322e-05 0.000307316
2088 3.48353 2.45161e-05 0.000303083
2089 3.48353 2.48052e-05 0.000298035
2090 3.48353 2.50943e-05 0.000289293
2091 3.48353 2.53783e-05 0.000281705
2092 3.48353 2.56523e-05 0.000285749
2093 3.48353 2.59115e-05 0.000290227
2094 3.48353 2.61514e-05 0.000292316
2095 3.48353 2.6368e-05 0.000295302
2096 3.48353 2.65577e-05 0.000297897
2097 3.48353 2.67174e-05 0.000299572
2098 3.48353 2.68445e-05 0.000300335
2099 3.48353 2.69371e-05 0.000298853
2100 3.48353 2.69938e-05 0.000294498
2101 3.48353 2.7014e-05 0.000288253
2102 3.48353 2.69977e-05 0.000278691
2103 3.48353 2.69454e-05 0.000266275
2104 3.48353 2.68584e-05 0.000250944
2105 3.48353 2.67385e-05 0.000243895
2106 3.48353 2.65883e-05 0.000256413
2107 3.48353 2.64105e-05 0.000266259
2108 3.48353 2.62086e-05 0.000273008
2109 3.48353 2.59864e-05 0.00027652
2110 3.48353 2.57479e-05 0.000276486
2111 3.48353 2.54975e-05 0.000273854
2112 3.48353 2.52397e-05 0.000269847
2113 3.48353 2.49791e-05 0.000264007
2114 3.48353 2.47204e-05 0.000255781
2115 3.48353 2.4468e-05 0.000253454
2116 3.48352 2.42264e-05 0.000258601
2117 3.48352 2.39996e-05 0.000262385
2118 3.48352 2.37917e-05 0.000264868
2119 3.48352 2.3606e-05 0.000268099
2120 3.48352 2.34456e-05 0.000270967
2121 3.48352 2.33132e-05 0.000272475
2122 3.48352 2.32108e-05 0.000272674
2123 3.48352 2.31399e-05 0.000270385
2124 3.48352 2.31016e-05 0.000265064
2125 3.48352 2.30962e-05 0.000257874
2126 3.48352 2.31235e-05 0.000247916
2127 3.48352 2.31828e-05 0.000235585
2128 3.48352 2.32727e-05 0.000221193
2129 3.48352 2.33915e-05 0.000225016
2130 3.48352 2.35367e-05 0.000235498
2131 3.48352 2.37055e-05 0.000243385
2132 3.48352 2.38949e-05 0.000248507
2133 3.48352 2.41012e-05 0.000250465
2134 3.48352 2.43207e-05 0.000249495
2135 3.48353 2.45494e-05 0.000246493
2136 3.48353 2.47832e-05 0.000242674
2137 3.48353 2.50179e-05 0.000236216
2138 3.48353 2.52494e-05 0.000229177
2139 3.48353 2.54736e-05 0.000230574
2140 3.48353 2.56866e-05 0.000234621
2141 3.48353 2.58849e-05 0.000236625
2142 3.48353 2.60649e-05 0.000238757
2143 3.48353 2.62237e-05 0.000240954
2144 3.48353 2.63586e-05 0.000242639
2145 3.48353 2.64676e-05 0.000243484
2146 3.48353 2.65489e-05 0.000242784
2147 3.48353 2.66013e-05 0.00023977
2148 3.48353 2.66242e-05 0.000235021
2149 3.48353 2.66174e-05 0.000227932
2150 3.48353 2.65813e-05 0.000218351
2151 3.48353 2.65169e-05 0.000206348
2152 3.48353 2.64254e-05 0.000195158
2153 3.48353 2.63088e-05 0.000205798
2154 3.48353 2.61694e-05 0.000214397
2155 3.48353 2.60097e-05 0.000220352
2156 3.48353 2.58329e-05 0.000223868
2157 3.48353 2.56421e-05 0.00022445
2158 3.48353 2.54409e-05 0.000222736
2159 3.48353 2.52329e-05 0.000219476
2160 3.48353 2.50218e-05 0.000215419
2161 3.48353 2.48113e-05 0.000208575
2162 3.48353 2.46052e-05 0.000204627
2163 3.48352 2.44071e-05 0.000208743
2164 3.48352 2.42204e-05 0.000212149
2165 3.48352 2.40482e-05 0.000213909
2166 3.48352 2.38934e-05 0.000216794
2167 3.48352 2.37587e-05 0.000219156
2168 3.48352 2.36462e-05 0.000220646
2169 3.48352 2.35577e-05 0.00022109
2170 3.48352 2.34946e-05 0.00021977
2171 3.48352 2.34577e-05 0.000215736
2172 3.48352 2.34475e-05 0.00021048
2173 3.48352 2.34639e-05 0.000202804
2174 3.48352 2.35064e-05 0.000193378
2175 3.48352 2.3574e-05 0.000181904
2176 3.48352 2.36653e-05 0.000180304
2177 3.48352 2.37785e-05 0.000189173
2178 3.48352 2.39114e-05 0.000196126
2179 3.48352 2.40616e-05 0.000200729
2180 3.48352 2.42261e-05 0.000202876
2181 3.48352 2.4402e-05 0.000202499
2182 3.48353 2.4586e-05 0.000200462
2183 3.48353 2.4775e-05 0.000197505
2184 3.48353 2.49654e-05 0.000192841
2185 3.48353 2.51539e-05 0.000186824
2186 3.48353 2.53372e-05 0.000186142
2187 3.48353 2.55122e-05 0.000189589
2188 3.48353 2.56757e-05 0.000191537
2189 3.48353 2.58251e-05 0.000193114
2190 3.48353 2.59578e-05 0.000194805
2191 3.48353 2.60716e-05 0.000196535
2192 3.48353 2.61647e-05 0.000197248
2193 3.48353 2.62356e-05 0.000197173
2194 3.48353 2.62833e-05 0.000195117
2195 3.48353 2.63071e-05 0.000191456
2196 3.48353 2.63068e-05 0.000186264
2197 3.48353 2.62828e-05 0.000178927
2198 3.48353 2.62355e-05 0.000169586
2199 3.48353 2.6166e-05 0.00015893
2200 3.48353 2.60758e-05 0.000165201
2201 3.48353 2.59666e-05 0.000172505
2202 3.48353 2.58406e-05 0.000177762
2203 3.48353 2.57e-05 0.000181136
2204 3.48353 2.55476e-05 0.000182106
2205 3.48353 2.53861e-05 0.000181042
2206 3.48353 2.52183e-05 0.00017852
2207 3.48353 2.50475e-05 0.000175615
2208 3.48353 2.48765e-05 0.000170436
2209 3.48353 2.47084e-05 0.000165992
2210 3.48353 2.45461e-05 0.000168456
2211 3.48352 2.43924e-05 0.000171464
2212 3.48352 2.425e-05 0.000173121
2213 3.48352 2.41212e-05 0.000175216
2214 3.48352 2.40083e-05 0.000177154
2215 3.48352 2.3913e-05 0.000178591
2216 3.48352 2.38369e-05 0.000179243
2217 3.48352 2.37811e-05 0.000178507
2218 3.48352 2.37465e-05 0.000175691
2219 3.48352 2.37335e-05 0.000171709
2220 3.48352 2.37421e-05 0.00016587
2221 3.48352 2.3772e-05 0.000158581
2222 3.48352 2.38225e-05 0.000149515
2223 3.48352 2.38924e-05 0.000144351
2224 3.48352 2.39805e-05 0.000151883
2225 3.48352 2.40849e-05 0.000157904
2226 3.48352 2.42037e-05 0.000162059
2227 3.48352 2.43348e-05 0.000164221
2228 3.48353 2.44756e-05 0.000164386
2229 3.48353 2.46236e-05 0.000163
2230 3.48353 2.47761e-05 0.000160653
2231 3.48353 2.49304e-05 0.0001573
2232 3.48353 2.50838e-05 0.000152382
2233 3.48353 2.52336e-05 0.000150298
2234 3.48353 2.53771e-05 0.000153127
2235 3.48353 2.55119e-05 0.000155064
2236 3.48353 2.56357e-05 0.000156135
2237 3.48353 2.57464e-05 0.000157749
2238 3.48353 2.58422e-05 0.000159118
2239 3.48353 2.59214e-05 0.00015985
2240 3.48353 2.59829e-05 0.000160035
2241 3.48353 2.60258e-05 0.000158731
2242 3.48353 2.60494e-05 0.00015587
2243 3.48353 2.60534e-05 0.000152107
2244 3.48353 2.60381e-05 0.000146509
2245 3.48353 2.60038e-05 0.000139266
2246 3.48353 2.59514e-05 0.00013085
2247 3.48353 2.58818e-05 0.000132505
2248 3.48353 2.57965e-05 0.000138705
2249 3.48353 2.56972e-05 0.000143334
2250 3.48353 2.55856e-05 0.000146433
2251 3.48353 2.5464e-05 0.000147668
2252 3.48353 2.53344e-05 0.000147044
2253 3.48353 2.51993e-05 0.000145243
2254 3.48353 2.50611e-05 0.000143039
2255 3.48353 2.49223e-05 0.000139236
2256 3.48353 2.47853e-05 0.000135082
2257 3.48353 2.46524e-05 0.000135886
2258 3.48353 2.45261e-05 0.000138517
2259 3.48352 2.44085e-05 0.000140014
2260 3.48352 2.43015e-05 0.000141583
2261 3.48352 2.4207e-05 0.000143167
2262 3.48352 2.41265e-05 0.000144544
2263 3.48352 2.40613e-05 0.000145204
2264 3.48352 2.40124e-05 0.000144908
2265 3.48352 2.39806e-05 0.000143022
2266 3.48352 2.39662e-05 0.000139981
2267 3.48352 2.39693e-05 0.000135597
2268 3.48352 2.39898e-05 0.000129966
2269 3.48352 2.40272e-05 0.000122915
2270 3.48352 2.40805e-05 0.000115456
2271 3.48352 2.41488e-05 0.000121873
2272 3.48352 2.42307e-05 0.000127068
2273 3.48352 2.43246e-05 0.000130739
2274 3.48353 2.44289e-05 0.000132907
2275 3.48353 2.45415e-05 0.000133349
2276 3.48353 2.46604e-05 0.000132479
2277 3.48353 2.47834e-05 0.000130585
2278 3.48353 2.49084e-05 0.000128261
2279 3.48353 2.50331e-05 0.000124319
2280 3.48353 2.51554e-05 0.0001215
2281 3.48353 2.5273e-05 0.000123659
2282 3.48353 2.5384e-05 0.000125474
2283 3.48353 2.54865e-05 0.000126271
2284 3.48353 2.55787e-05 0.000127661
2285 3.48353 2.5659e-05 0.000128774
2286 3.48353 2.57263e-05 0.00012954
2287 3.48353 2.57794e-05 0.000129856
2288 3.48353 2.58175e-05 0.00012909
2289 3.48353 2.58401e-05 0.000126935
2290 3.48353 2.58468e-05 0.000124152
2291 3.48353 2.58378e-05 0.000119859
2292 3.48353 2.58134e-05 0.000114344
2293 3.48353 2.5774e-05 0.000107639
2294 3.48353 2.57205e-05 0.000106181
2295 3.48353 2.56541e-05 0.000111453
2296 3.48353 2.55759e-05 0.000115531
2297 3.48353 2.54875e-05 0.000118307
2298 3.48353 2.53905e-05 0.000119648
2299 3.48353 2.52867e-05 0.000119416
2300 3.48353 2.5178e-05 0.000118168
2301 3.48353 2.50663e-05 0.000116462
2302 3.48353 2.49537e-05 0.000113726
2303 3.48353 2.48421e-05 0.000110169
2304 3.48353 2.47335e-05 0.000109714
2305 3.48353 2.46298e-05 0.000111885
2306 3.48353 2.45327e-05 0.000113303
2307 3.48353 2.4444e-05 0.000114434
2308 3.48352 2.4365e-05 0.000115723
2309 3.48352 2.42972e-05 0.000116986
2310 3.48352 2.42415e-05 0.000117542
2311 3.48352 2.41989e-05 0.000117568
2312 3.48352 2.41701e-05 0.000116389
2313 3.48352 2.41553e-05 0.000114033
2314 3.48352 2.41547e-05 0.00011079
2315 3.48352 2.41683e-05 0.000106449
2316 3.48352 2.41956e-05 0.00010098
2317 3.48352 2.42361e-05 9.4689e-05
2318 3.48352 2.42889e-05 9.77802e-05
2319 3.48352 2.4353e-05 0.00010219
2320 3.48353 2.44272e-05 0.000105424
2321 3.48353 2.451e-05 0.000107485
2322 3.48353 2.45999e-05 0.000108125
2323 3.48353 2.46953e-05 0.000107606
2324 3.48353 2.47945e-05 0.000106193
2325 3.48353 2.48956e-05 0.000104496
2326 3.48353 2.4997e-05 0.000101534
2327 3.48353 2.50966e-05 9.86681e-05
2328 3.48353 2.5193e-05 9.98204e-05
2329 3.48353 2.52843e-05 0.00010147
2330 3.48353 2.5369e-05 0.000102263
2331 3.48353 2.54457e-05 0.000103244
2332 3.48353 2.5513e-05 0.000104169
2333 3.48353 2.557e-05 0.000104931
2334 3.48353 2.56156e-05 0.000105327
2335 3.48353 2.56492e-05 0.000104899
2336 3.48353 2.56703e-05 0.00010338
2337 3.48353 2.56786e-05 0.000101272
2338 3.48353 2.5674e-05 9.80609e-05
2339 3.48353 2.56569e-05 9.38028e-05
2340 3.48353 2.56276e-05 8.84989e-05
2341 3.48353 2.55867e-05 8.50069e-05
2342 3.48353 2.5535e-05 8.9483e-05
2343 3.48353 2.54736e-05 9.30571e-05
2344 3.48353 2.54037e-05 9.5527e-05
2345 3.48353 2.53264e-05 9.68656e-05
2346 3.48353 2.52434e-05 9.6982e-05
2347 3.48353 2.5156e-05 9.61354e-05
2348 3.48353 2.50658e-05 9.4755e-05
2349 3.48353 2.49745e-05 9.28346e-05
2350 3.48353 2.48838e-05 8.98843e-05
2351 3.48353 2.4795e-05 8.85754e-05
2352 3.48353 2.47099e-05 9.03499e-05
2353 3.48353 2.46299e-05 9.16704e-05
2354 3.48353 2.45564e-05 9.24433e-05
2355 3.48353 2.44906e-05 9.36371e-05
2356 3.48353 2.44335e-05 9.46502e-05
2357 3.48352 2.43861e-05 9.52263e-05
2358 3.48352 2.43492e-05 9.53455e-05
2359 3.48352 2.43234e-05 9.46613e-05
2360 3.48352 2.43089e-05 9.2838e-05
2361 3.48352 2.43059e-05 9.04602e-05
2362 3.48352 2.43144e-05 8.71196e-05
2363 3.48352 2.43342e-05 8.29106e-05
2364 3.48352 2.43647e-05 7.79093e-05
2365 3.48352 2.44054e-05 7.83917e-05
2366 3.48353 2.44554e-05 8.21204e-05
2367 3.48353 2.45139e-05 8.49811e-05
2368 3.48353 2.45796e-05 8.68549e-05
2369 3.48353 2.46513e-05 8.76408e-05
2370 3.48353 2.47278e-05 8.73494e-05
2371 3.48353 2.48077e-05 8.63831e-05
2372 3.48353 2.48895e-05 8.50693e-05
2373 3.48353 2.49717e-05 8.291e-05
2374 3.48353 2.50529e-05 8.03626e-05
2375 3.48353 2.51317e-05 8.05361e-05
2376 3.48353 2.52068e-05 8.20124e-05
2377 3.48353 2.52767e-05 8.27621e-05
2378 3.48353 2.53404e-05 8.34981e-05
2379 3.48353 2.53967e-05 8.42487e-05
2380 3.48353 2.54448e-05 8.49981e-05
2381 3.48353 2.54839e-05 8.53584e-05
2382 3.48353 2.55133e-05 8.52028e-05
2383 3.48353 2.55326e-05 8.4159e-05
2384 3.48353 2.55416e-05 8.2543e-05
2385 3.48353 2.55402e-05 8.01643e-05
2386 3.48353 2.55285e-05 7.68932e-05
2387 3.48353 2.55069e-05 7.27545e-05
2388 3.48353 2.54757e-05 6.80957e-05
2389 3.48353 2.54357e-05 7.18201e-05
2390 3.48353 2.53876e-05 7.49035e-05
2391 3.48353 2.53323e-05 7.7078e-05
2392 3.48353 2.52709e-05 7.84098e-05
2393 3.48353 2.52045e-05 7.87009e-05
2394 3.48353 2.51343e-05 7.81632e-05
2395 3.48353 2.50615e-05 7.70415e-05
2396 3.48353 2.49876e-05 7.5713e-05
2397 3.48353 2.49138e-05 7.33861e-05
2398 3.48353 2.48414e-05 7.16717e-05
2399 3.48353 2.47717e-05 7.29405e-05
2400 3.48353 2.47058e-05 7.41355e-05
2401 3.48353 2.4645e-05 7.4765e-05
2402 3.48353 2.45901e-05 7.57143e-05
2403 3.48353 2.45422e-05 7.65418e-05
2404 3.48353 2.4502e-05 7.71062e-05
2405 3.48353 2.44702e-05 7.73229e-05
2406 3.48353 2.44473e-05 7.69265e-05
2407 3.48353 2.44335e-05 7.56004e-05
2408 3.48353 2.4429e-05 7.38304e-05
2409 3.48353 2.44339e-05 7.12455e-05
2410 3.48353 2.4448e-05 6.80333e-05
2411 3.48353 2.44708e-05 6.40593e-05
2412 3.48353 2.45021e-05 6.2796e-05
2413 3.48353 2.45411e-05 6.59632e-05
2414 3.48353 2.4587e-05 6.84581e-05
2415 3.48353 2.46391e-05 7.01484e-05
2416 3.48353 2.46963e-05 7.09801e-05
2417 3.48353 2.47576e-05 7.09125e-05
2418 3.48353 2.48218e-05 7.02402e-05
2419 3.48353 2.48879e-05 6.9229e-05
2420 3.48353 2.49545e-05 6.76692e-05
2421 3.48353 2.50207e-05 6.55568e-05
2422 3.48353 2.50851e-05 6.50496e-05
2423 3.48353 2.51467e-05 6.62619e-05
2424 3.48353 2.52044e-05 6.7018e-05
2425 3.48353 2.52572e-05 6.75329e-05
2426 3.48353 2.53042e-05 6.81662e-05
2427 3.48353 2.53447e-05 6.88278e-05
2428 3.48353 2.5378e-05 6.91378e-05
2429 3.48353 2.54036e-05 6.91725e-05
2430 3.48353 2.54211e-05 6.8509e-05
2431 3.48353 2.54303e-05 6.72282e-05
2432 3.48353 2.5431e-05 6.54853e-05
2433 3.48353 2.54233e-05 6.29859e-05
2434 3.48353 2.54075e-05 5.97757e-05
2435 3.48353 2.53839e-05 5.60763e-05
2436 3.48353 2.5353e-05 5.76312e-05
2437 3.48353 2.53153e-05 6.0244e-05
2438 3.48353 2.52717e-05 6.21568e-05
2439 3.48353 2.52229e-05 6.34153e-05
2440 3.48353 2.51699e-05 6.38363e-05
2441 3.48353 2.51135e-05 6.35087e-05
2442 3.48353 2.5055e-05 6.26787e-05
2443 3.48353 2.49951e-05 6.16946e-05
2444 3.48353 2.49352e-05 5.99537e-05
2445 3.48353 2.48762e-05 5.82525e-05
2446 3.48353 2.48191e-05 5.88616e-05
2447 3.48353 2.47649e-05 5.9924e-05
2448 3.48353 2.47146e-05 6.05144e-05
2449 3.48353 2.4669e-05 6.11822e-05
2450 3.48353 2.46289e-05 6.18735e-05
2451 3.48353 2.45949e-05 6.24119e-05
2452 3.48353 2.45676e-05 6.26763e-05
2453 3.48353 2.45473e-05 6.24755e-05
2454 3.48353 2.45345e-05 6.15701e-05
2455 3.48353 2.45292e-05 6.02224e-05
2456 3.48353 2.45316e-05 5.82664e-05
2457 3.48353 2.45413e-05 5.57783e-05
2458 3.48353 2.45584e-05 5.26606e-05
2459 3.48353 2.45822e-05 5.0256e-05
2460 3.48353 2.46125e-05 5.29438e-05
2461 3.48353 2.46486e-05 5.5109e-05
2462 3.48353 2.46898e-05 5.66188e-05
2463 3.48353 2.47353e-05 5.74508e-05
2464 3.48353 2.47844e-05 5.75542e-05
2465 3.48353 2.4836e-05 5.71155e-05
2466 3.48353 2.48893e-05 5.62983e-05
2467 3.48353 2.49433e-05 5.51979e-05
2468 3.48353 2.49971e-05 5.3458e-05
2469 3.48353 2.50497e-05 5.25193e-05
2470 3.48353 2.51002e-05 5.35215e-05
2471 3.48353 2.51478e-05 5.42453e-05
2472 3.48353 2.51915e-05 5.4584e-05
2473 3.48353 2.52307e-05 5.5189e-05
2474 3.48353 2.52648e-05 5.57207e-05
2475 3.48353 2.52931e-05 5.60408e-05
2476 3.48353 2.53153e-05 5.61259e-05
2477 3.48353 2.53309e-05 5.57344e-05
2478 3.48353 2.53398e-05 5.47366e-05
2479 3.48353 2.53419e-05 5.34628e-05
2480 3.48353 2.53371e-05 5.15504e-05
2481 3.48353 2.53258e-05 4.90803e-05
2482 3.48353 2.5308e-05 4.61514e-05
2483 3.48353 2.52842e-05 4.62049e-05
2484 3.48353 2.52548e-05 4.84221e-05
2485 3.48353 2.52204e-05 5.0113e-05
2486 3.48353 2.51817e-05 5.12457e-05
2487 3.48353 2.51394e-05 5.17458e-05
2488 3.48353 2.50943e-05 5.15716e-05
2489 3.48353 2.50471e-05 5.09955e-05
2490 3.48353 2.49987e-05 5.02363e-05
2491 3.48353 2.49501e-05 4.89722e-05
2492 3.48353 2.4902e-05 4.74567e-05
2493 3.48353 2.48553e-05 4.75066e-05
2494 3.48353 2.48108e-05 4.84224e-05
2495 3.48353 2.47692e-05 4.8949e-05
2496 3.48353 2.47314e-05 4.94675e-05
2497 3.48353 2.46978e-05 5.00019e-05
2498 3.48353 2.46691e-05 5.05276e-05
2499 3.48353 2.46458e-05 5.07627e-05
2500 3.48353 2.46281e-05 5.07105e-05
2501 3.48353 2.46164e-05 5.01157e-05
2502 3.48353 2.46107e-05 4.90828e-05
2503 3.48353 2.46113e-05 4.76225e-05
2504 3.48353 2.46179e-05 4.5707e-05
2505 3.48353 2.46304e-05 4.3283e-05
2506 3.48353 2.46486e-05 4.05338e-05
2507 3.48353 2.46721e-05 4.24865e-05
2508 3.48353 2.47003e-05 4.43407e-05
2509 3.48353 2.47329e-05 4.56702e-05
2510 3.48353 2.47691e-05 4.64866e-05
2511 3.48353 2.48083e-05 4.66848e-05
2512 3.48353 2.48497e-05 4.64125e-05
2513 3.48353 2.48927e-05 4.57678e-05
2514 3.48353 2.49365e-05 4.49955e-05
2515 3.48353 2.49802e-05 4.36495e-05
2516 3.48353 2.50231e-05 4.25548e-05
2517 3.48353 2.50645e-05 4.32126e-05
2518 3.48353 2.51036e-05 4.38838e-05
2519 3.48353 2.51398e-05 4.41922e-05
2520 3.48353 2.51725e-05 4.46531e-05
2521 3.48353 2.5201e-05 4.50806e-05
2522 3.48353 2.5225e-05 4.54015e-05
2523 3.48353 2.52441e-05 4.55359e-05
2524 3.48353 2.5258e-05 4.53081e-05
2525 3.48353 2.52664e-05 4.45777e-05
2526 3.48353 2.52693e-05 4.36242e-05
2527 3.48353 2.52666e-05 4.21686e-05
2528 3.48353 2.52586e-05 4.02806e-05
2529 3.48353 2.52453e-05 3.79496e-05
2530 3.48353 2.5227e-05 3.70101e-05
2531 3.48353 2.52041e-05 3.88964e-05
2532 3.48353 2.51771e-05 4.03765e-05
2533 3.48353 2.51465e-05 4.13931e-05
2534 3.48353 2.51128e-05 4.19094e-05
2535 3.48353 2.50766e-05 4.18856e-05
2536 3.48353 2.50386e-05 4.14784e-05
2537 3.48353 2.49996e-05 4.08879e-05
2538 3.48353 2.49601e-05 3.99854e-05
2539 3.48353 2.4921e-05 3.87288e-05
2540 3.48353 2.48828e-05 3.83777e-05
2541 3.48353 2.48463e-05 3.91095e-05
2542 3.48353 2.4812e-05 3.96236e-05
2543 3.48353 2.47806e-05 3.99884e-05
2544 3.48353 2.47526e-05 4.04528e-05
2545 3.48353 2.47285e-05 4.08891e-05
2546 3.48353 2.47086e-05 4.11085e-05
2547 3.48353 2.46932e-05 4.1142e-05
2548 3.48353 2.46826e-05 4.07806e-05
2549 3.48353 2.4677e-05 3.99699e-05
2550 3.48353 2.46763e-05 3.88942e-05
2551 3.48353 2.46806e-05 3.74266e-05
2552 3.48353 2.46897e-05 3.55466e-05
2553 3.48353 2.47035e-05 3.33653e-05
2554 3.48353 2.47216e-05 3.40774e-05
2555 3.48353 2.47437e-05 3.56489e-05
2556 3.48353 2.47694e-05 3.68184e-05
2557 3.48353 2.47981e-05 3.75828e-05
2558 3.48353 2.48294e-05 3.78565e-05
2559 3.48353 2.48627e-05 3.76901e-05
2560 3.48353 2.48973e-05 3.72233e-05
2561 3.48353 2.49327e-05 3.66476e-05
2562 3.48353 2.49682e-05 3.56481e-05
2563 3.48353 2.50032e-05 3.46069e-05
2564 3.48353 2.50371e-05 3.4876e-05
2565 3.48353 2.50692e-05 3.54818e-05
2566 3.48353 2.50991e-05 3.57808e-05
2567 3.48353 2.51263e-05 3.61066e-05
2568 3.48353 2.51502e-05 3.64615e-05
2569 3.48353 2.51705e-05 3.67704e-05
2570 3.48353 2.51869e-05 3.69187e-05
2571 3.48353 2.5199e-05 3.68044e-05
2572 3.48353 2.52068e-05 3.63056e-05
2573 3.48353 2.52102e-05 3.55721e-05
2574 3.48353 2.5209e-05 3.44892e-05
2575 3.48353 2.52034e-05 3.30301e-05
2576 3.48353 2.51936e-05 3.1202e-05
2577 3.48353 2.51796e-05 2.96165e-05
2578 3.48353 2.51618e-05 3.12188e-05
2579 3.48353 2.51406e-05 3.25116e-05
2580 3.48353 2.51164e-05 3.341e-05
2581 3.48353 2.50896e-05 3.39265e-05
2582 3.48353 2.50606e-05 3.40026e-05
2583 3.48353 2.50301e-05 3.3733e-05
2584 3.48353 2.49986e-05 3.32538e-05
2585 3.48353 2.49667e-05 3.26253e-05
2586 3.48353 2.49348e-05 3.15893e-05
2587 3.48353 2.49036e-05 3.09943e-05
2588 3.48353 2.48737e-05 3.15879e-05
2589 3.48353 2.48455e-05 3.20601e-05
2590 3.48353 2.48195e-05 3.23019e-05
2591 3.48353 2.47961e-05 3.27274e-05
2592 3.48353 2.47758e-05 3.30827e-05
2593 3.48353 2.47589e-05 3.33008e-05
2594 3.48353 2.47456e-05 3.33663e-05
2595 3.48353 2.47362e-05 3.31594e-05
2596 3.48353 2.47307e-05 3.25424e-05
2597 3.48353 2.47293e-05 3.17505e-05
2598 3.48353 2.47319e-05 3.062e-05
2599 3.48353 2.47385e-05 2.9183e-05
2600 3.48353 2.47488e-05 2.74474e-05
2601 3.48353 2.47628e-05 2.73126e-05
2602 3.48353 2.478e-05 2.86433e-05
2603 3.48353 2.48002e-05 2.9676e-05
2604 3.48353 2.4823e-05 3.03616e-05
2605 3.48353 2.4848e-05 3.06758e-05
2606 3.48353 2.48746e-05 3.05947e-05
2607 3.48353 2.49025e-05 3.02804e-05
2608 3.48353 2.49311e-05 2.98317e-05
2609 3.48353 2.49599e-05 2.91097e-05
2610 3.48353 2.49884e-05 2.82024e-05
2611 3.48353 2.50161e-05 2.81523e-05
2612 3.48353 2.50425e-05 2.86755e-05
2613 3.48353 2.50672e-05 2.89621e-05
2614 3.48353 2.50898e-05 2.92063e-05
2615 3.48353 2.51097e-05 2.94764e-05
2616 3.48353 2.51269e-05 2.97824e-05
2617 3.48353 2.51409e-05 2.99086e-05
2618 3.48353 2.51515e-05 2.98855e-05
2619 3.48353 2.51586e-05 2.95619e-05
2620 3.48353 2.51621e-05 2.89876e-05
2621 3.48353 2.51619e-05 2.81845e-05
2622 3.48353 2.51582e-05 2.7067e-05
2623 3.48353 2.51509e-05 2.56449e-05
2624 3.48353 2.51403e-05 2.40262e-05
2625 3.48353 2.51266e-05 2.50561e-05
2626 3.48353 2.511e-05 2.61588e-05
2627 3.48353 2.50908e-05 2.69513e-05
2628 3.48353 2.50695e-05 2.74512e-05
2629 3.48353 2.50464e-05 2.75865e-05
2630 3.48353 2.50219e-05 2.74185e-05
2631 3.48353 2.49965e-05 2.70428e-05
2632 3.48353 2.49706e-05 2.65966e-05
2633 3.48353 2.49447e-05 2.5807e-05
2634 3.48353 2.49193e-05 2.51393e-05
2635 3.48353 2.48948e-05 2.55051e-05
2636 3.48353 2.48716e-05 2.59269e-05
2637 3.48353 2.48501e-05 2.61544e-05
2638 3.48353 2.48306e-05 2.64648e-05
2639 3.48353 2.48136e-05 2.67507e-05
2640 3.48353 2.47993e-05 2.69626e-05
2641 3.48353 2.47878e-05 2.70572e-05
2642 3.48353 2.47795e-05 2.69401e-05
2643 3.48353 2.47744e-05 2.65094e-05
2644 3.48353 2.47725e-05 2.59099e-05
2645 3.48353 2.47739e-05 2.50429e-05
2646 3.48353 2.47785e-05 2.3938e-05
2647 3.48353 2.47863e-05 2.25626e-05
2648 3.48353 2.47969e-05 2.18706e-05
2649 3.48353 2.48103e-05 2.30015e-05
2650 3.48353 2.48262e-05 2.38987e-05
2651 3.48353 2.48443e-05 2.45174e-05
2652 3.48353 2.48642e-05 2.48362e-05
2653 3.48353 2.48855e-05 2.48398e-05
2654 3.48353 2.49079e-05 2.46243e-05
2655 3.48353 2.4931e-05 2.42711e-05
2656 3.48353 2.49544e-05 2.37529e-05
2657 3.48353 2.49776e-05 2.30093e-05
2658 3.48353 2.50002e-05 2.27357e-05
2659 3.48353 2.50219e-05 2.31622e-05
2660 3.48353 2.50422e-05 2.34518e-05
2661 3.48353 2.50609e-05 2.36185e-05
2662 3.48353 2.50776e-05 2.3864e-05
2663 3.48353 2.5092e-05 2.41107e-05
2664 3.48353 2.51039e-05 2.42329e-05
2665 3.48353 2.51131e-05 2.42544e-05
2666 3.48353 2.51195e-05 2.40568e-05
2667 3.48353 2.5123e-05 2.3603e-05
2668 3.48353 2.51235e-05 2.30151e-05
2669 3.48353 2.51211e-05 2.21632e-05
2670 3.48353 2.51159e-05 2.10604e-05
2671 3.48353 2.51079e-05 1.97797e-05
2672 3.48353 2.50973e-05 2.00983e-05
2673 3.48353 2.50843e-05 2.10325e-05
2674 3.48353 2.50692e-05 2.17302e-05
2675 3.48353 2.50523e-05 2.21926e-05
2676 3.48353 2.50338e-05 2.23698e-05
2677 3.48353 2.50142e-05 2.22701e-05
2678 3.48353 2.49937e-05 2.19991e-05
2679 3.48353 2.49728e-05 2.16629e-05
2680 3.48353 2.49517e-05 2.10803e-05
2681 3.48353 2.4931e-05 2.04568e-05
2682 3.48353 2.49109e-05 2.05841e-05
2683 3.48353 2.48918e-05 2.09555e-05
2684 3.48353 2.48741e-05 2.11634e-05
2685 3.48353 2.48579e-05 2.13924e-05
2686 3.48353 2.48437e-05 2.16247e-05
2687 3.48353 2.48316e-05 2.18275e-05
2688 3.48353 2.48218e-05 2.19264e-05
2689 3.48353 2.48145e-05 2.1876e-05
2690 3.48353 2.48097e-05 2.15859e-05
2691 3.48353 2.48076e-05 2.11289e-05
2692 3.48353 2.48082e-05 2.04747e-05
2693 3.48353 2.48114e-05 1.96234e-05
2694 3.48353 2.48171e-05 1.85493e-05
2695 3.48353 2.48252e-05 1.74962e-05
2696 3.48353 2.48357e-05 1.84573e-05
2697 3.48353 2.48481e-05 1.92365e-05
2698 3.48353 2.48624e-05 1.97825e-05
2699 3.48353 2.48782e-05 2.01022e-05
2700 3.48353 2.48953e-05 2.01578e-05
2701 3.48353 2.49133e-05 2.00179e-05
2702 3.48353 2.49319e-05 1.97326e-05
2703 3.48353 2.49508e-05 1.9373e-05
2704 3.48353 2.49697e-05 1.87692e-05
2705 3.48353 2.49882e-05 1.83682e-05
2706 3.48353 2.5006e-05 1.87087e-05
2707 3.48353 2.50227e-05 1.89792e-05
2708 3.48353 2.50382e-05 1.9096e-05
2709 3.48353 2.50521e-05 1.93111e-05
2710 3.48353 2.50642e-05 1.95134e-05
2711 3.48353 2.50743e-05 1.96361e-05
2712 3.48353 2.50823e-05 1.96774e-05
2713 3.48353 2.50879e-05 1.95646e-05
2714 3.48353 2.50913e-05 1.92186e-05
2715 3.48353 2.50922e-05 1.87857e-05
2716 3.48353 2.50908e-05 1.81318e-05
2717 3.48353 2.5087e-05 1.72904e-05
2718 3.48353 2.5081e-05 1.62715e-05
2719 3.48353 2.50729e-05 1.61068e-05
2720 3.48353 2.50628e-05 1.69004e-05
2721 3.48353 2.50509e-05 1.75141e-05
2722 3.48353 2.50374e-05 1.79295e-05
2723 3.48353 2.50227e-05 1.81258e-05
2724 3.48353 2.5007e-05 1.80832e-05
2725 3.48353 2.49905e-05 1.78962e-05
2726 3.48353 2.49736e-05 1.76364e-05
2727 3.48353 2.49566e-05 1.72156e-05
2728 3.48353 2.49397e-05 1.66792e-05
2729 3.48353 2.49233e-05 1.66226e-05
2730 3.48353 2.49076e-05 1.69344e-05
2731 3.48353 2.48929e-05 1.71275e-05
2732 3.48353 2.48795e-05 1.72969e-05
2733 3.48353 2.48676e-05 1.74795e-05
2734 3.48353 2.48574e-05 1.76707e-05
2735 3.48353 2.4849e-05 1.77539e-05
2736 3.48353 2.48427e-05 1.77543e-05
2737 3.48353 2.48384e-05 1.75692e-05
2738 3.48353 2.48362e-05 1.72155e-05
2739 3.48353 2.48362e-05 1.67285e-05
2740 3.48353 2.48383e-05 1.60755e-05
2741 3.48353 2.48425e-05 1.52425e-05
2742 3.48353 2.48487e-05 1.4288e-05
2743 3.48353 2.48567e-05 1.48112e-05
2744 3.48353 2.48665e-05 1.54732e-05
2745 3.48353 2.48777e-05 1.59547e-05
2746 3.48353 2.48903e-05 1.62604e-05
2747 3.48353 2.4904e-05 1.63506e-05
2748 3.48353 2.49184e-05 1.62629e-05
2749 3.48353 2.49334e-05 1.60465e-05
2750 3.48353 2.49487e-05 1.57872e-05
2751 3.48353 2.49641e-05 1.53315e-05
2752 3.48353 2.49791e-05 1.49096e-05
2753 3.48353 2.49937e-05 1.51034e-05
2754 3.48353 2.50075e-05 1.535e-05
2755 3.48353 2.50203e-05 1.54679e-05
2756 3.48353 2.50318e-05 1.56194e-05
2757 3.48353 2.5042e-05 1.57831e-05
2758 3.48353 2.50505e-05 1.59043e-05
2759 3.48353 2.50574e-05 1.59604e-05
2760 3.48353 2.50624e-05 1.58974e-05
2761 3.48353 2.50655e-05 1.56564e-05
2762 3.48353 2.50667e-05 1.53241e-05
2763 3.48353 2.5066e-05 1.48325e-05
2764 3.48353 2.50634e-05 1.41845e-05
2765 3.48353 2.50589e-05 1.33767e-05
2766 3.48353 2.50526e-05 1.2896e-05
2767 3.48353 2.50448e-05 1.35701e-05
2768 3.48353 2.50354e-05 1.41064e-05
2769 3.48353 2.50248e-05 1.44777e-05
2770 3.48353 2.50131e-05 1.46744e-05
2771 3.48353 2.50005e-05 1.46862e-05
2772 3.48353 2.49872e-05 1.45563e-05
2773 3.48353 2.49736e-05 1.43492e-05
2774 3.48353 2.49598e-05 1.40523e-05
2775 3.48353 2.4946e-05 1.36082e-05
2776 3.48353 2.49326e-05 1.34241e-05
2777 3.48353 2.49198e-05 1.368e-05
2778 3.48353 2.49077e-05 1.38641e-05
2779 3.48353 2.48966e-05 1.39792e-05
2780 3.48353 2.48866e-05 1.41501e-05
2781 3.48353 2.4878e-05 1.42998e-05
2782 3.48353 2.48709e-05 1.4384e-05
2783 3.48353 2.48654e-05 1.44022e-05
2784 3.48353 2.48615e-05 1.42936e-05
2785 3.48353 2.48594e-05 1.4016e-05
2786 3.48353 2.4859e-05 1.36593e-05
2787 3.48353 2.48603e-05 1.31591e-05
2788 3.48353 2.48634e-05 1.25157e-05
2789 3.48353 2.4868e-05 1.17585e-05
2790 3.48353 2.48743e-05 1.18769e-05
2791 3.48353 2.48819e-05 1.24365e-05
2792 3.48353 2.48907e-05 1.2862e-05
2793 3.48353 2.49007e-05 1.31417e-05
2794 3.48353 2.49116e-05 1.32551e-05
2795 3.48353 2.49232e-05 1.32034e-05
2796 3.48353 2.49353e-05 1.30536e-05
2797 3.48353 2.49477e-05 1.28544e-05
2798 3.48353 2.49601e-05 1.25208e-05
2799 3.48353 2.49724e-05 1.2141e-05
2800 3.48353 2.49843e-05 1.21858e-05
2801 3.48353 2.49956e-05 1.24081e-05
2802 3.48353 2.50062e-05 1.252e-05
2803 3.48353 2.50158e-05 1.2632e-05
2804 3.48353 2.50243e-05 1.27634e-05
2805 3.48353 2.50315e-05 1.28811e-05
2806 3.48353 2.50374e-05 1.29351e-05
2807 3.48353 2.50418e-05 1.29112e-05
2808 3.48353 2.50447e-05 1.27502e-05
2809 3.48353 2.5046e-05 1.24937e-05
2810 3.48353 2.50457e-05 1.21263e-05
2811 3.48353 2.50439e-05 1.16277e-05
2812 3.48353 2.50406e-05 1.09976e-05
2813 3.48353 2.50358e-05 1.03151e-05
2814 3.48353 2.50298e-05 1.08907e-05
2815 3.48353 2.50224e-05 1.1355e-05
2816 3.48353 2.5014e-05 1.16816e-05
2817 3.48353 2.50047e-05 1.18784e-05
2818 3.48353 2.49946e-05 1.1918e-05
2819 3.48353 2.4984e-05 1.18336e-05
2820 3.48353 2.4973e-05 1.16662e-05
2821 3.48353 2.49618e-05 1.14609e-05
2822 3.48353 2.49506e-05 1.11066e-05
2823 3.48353 2.49397e-05 1.08558e-05
2824 3.48353 2.49291e-05 1.1049e-05
2825 3.48353 2.49192e-05 1.12168e-05
2826 3.48353 2.491e-05 1.13035e-05
2827 3.48353 2.49017e-05 1.14467e-05
2828 3.48353 2.48945e-05 1.1567e-05
2829 3.48353 2.48885e-05 1.16499e-05
2830 3.48353 2.48837e-05 1.16816e-05
2831 3.48353 2.48803e-05 1.1619e-05
2832 3.48353 2.48782e-05 1.1415e-05
2833 3.48353 2.48776e-05 1.11484e-05
2834 3.48353 2.48784e-05 1.07628e-05
2835 3.48353 2.48805e-05 1.02721e-05
2836 3.48353 2.4884e-05 9.67001e-06
