0 -0.448361 -3.7093 46.6712
1 -0.128098 -3.38903 45.6301
2 0.117181 -3.14375 44.2904
3 0.336263 -2.92467 42.7986
4 0.558258 -2.70268 43.7208
5 0.805772 -2.45516 44.3002
6 1.09983 -2.1611 44.2137
7 1.46187 -1.79907 43.4299
8 1.91367 -1.34727 41.7488
9 2.4749 -0.786039 38.9647
10 3.15716 -0.103775 34.9152
11 3.95388 0.692945 29.4822
12 4.82701 1.56608 22.7155
13 5.69592 2.43499 19.7874
14 6.43874 3.1778 23.9489
15 6.91716 3.65623 28.5486
16 7.02462 3.76368 32.2095
17 6.73632 3.47538 33.8805
18 6.12694 2.86601 33.2099
19 5.33922 2.07828 31.4269
20 4.52466 1.26373 29.044
21 3.79551 0.534575 25.6985
22 3.20853 -0.0524077 21.8623
23 2.77481 -0.486126 17.7114
24 2.47881 -0.782121 13.5853
25 2.29481 -0.96613 10.1058
26 2.19684 -1.0641 10.9051
27 2.16315 -1.09778 11.9723
28 2.17719 -1.08374 12.8053
29 2.22702 -1.03391 13.2759
30 2.30424 -0.956696 13.4953
31 2.4029 -0.858039 13.4629
32 2.51862 -0.742316 13.1345
33 2.64792 -0.613016 13.097
34 2.78767 -0.473262 12.8871
35 2.9347 -0.326233 12.6115
36 3.08541 -0.17553 12.1377
37 3.23546 -0.0254717 11.389
38 3.37967 0.118731 10.3942
39 3.51197 0.251036 9.19653
40 3.62589 0.364951 8.10414
41 3.71518 0.454246 8.41882
42 3.77484 0.513901 8.87179
43 3.80198 0.541045 9.27648
44 3.79655 0.535618 9.5228
45 3.76146 0.500529 9.55146
46 3.70218 0.441241 9.37457
47 3.62584 0.364908 9.22163
48 3.54023 0.279292 8.94386
49 3.45268 0.191742 8.54535
50 3.36937 0.10843 8.04761
51 3.29487 0.0339341 7.42094
52 3.23207 -0.0288661 6.70719
53 3.18229 -0.0786409 5.97425
54 3.14561 -0.115326 5.78943
55 3.12116 -0.139775 5.79854
56 3.10753 -0.153404 5.80446
57 3.10306 -0.157872 5.76649
58 3.10612 -0.154817 5.69263
59 3.11526 -0.145675 5.53812
60 3.12934 -0.131595 5.30948
61 3.14748 -0.113452 5.06031
62 3.16899 -0.0919437 4.73258
63 3.19321 -0.0677218 4.31934
64 3.21941 -0.0415244 3.95071
65 3.24668 -0.0142568 3.72151
66 3.27393 0.0129959 3.48724
67 3.29996 0.0390251 3.28151
68 3.32354 0.0626052 3.24193
69 3.34356 0.0826201 3.29185
70 3.35912 0.0981819 3.36961
71 3.36965 0.108719 3.44814
72 3.37495 0.114018 3.52526
73 3.37516 0.114226 3.57431
74 3.37074 0.109803 3.60833
75 3.36238 0.101449 3.61157
76 3.35095 0.0900157 3.58652
77 3.33735 0.076417 3.54045
78 3.32248 0.061545 3.47455
79 3.30714 0.0462088 3.37864
80 3.29203 0.0310933 3.25909
81 3.27768 0.016742 3.18093
82 3.2645 0.00356022 3.1218
83 3.25277 -0.0081661 3.06988
84 3.24269 -0.0182427 3.00416
85 3.2344 -0.0265376 2.92677
86 3.22798 -0.0329565 2.8317
87 3.22351 -0.0374286 2.7285
88 3.22103 -0.0399029 2.59888
89 3.22058 -0.0403555 2.6477
90 3.22213 -0.0388026 2.69885
91 3.22562 -0.035314 2.72374
92 3.23091 -0.0300232 2.72637
93 3.23781 -0.0231296 2.71288
94 3.24604 -0.0148933 2.68618
95 3.25531 -0.00562306 2.6486
96 3.26527 0.00433943 2.61438
97 3.27557 0.0146361 2.57079
98 3.28584 0.024907 2.51414
99 3.29574 0.034801 2.47214
100 3.30492 0.0439823 2.42294
101 3.31307 0.0521347 2.37452
102 3.3199 0.0589644 2.35974
103 3.32514 0.0642052 2.38284
104 3.32856 0.0676282 2.40914
105 3.32999 0.0690572 2.41519
106 3.32933 0.0683902 2.40751
107 3.32656 0.0656221 2.37451
108 3.3218 0.0608654 2.31177
109 3.3153 0.0543615 2.22061
110 3.30741 0.0464765 2.10248
111 3.29862 0.0376796 1.9633
112 3.28944 0.0285052 1.82643
113 3.28044 0.0195033 1.72429
114 3.27212 0.0111884 1.76674
115 3.26493 0.0039934 1.80189
116 3.25917 -0.00176324 1.83867
117 3.25504 -0.00589394 1.8594
118 3.25259 -0.00834294 1.87515
119 3.25176 -0.00917397 1.87611
120 3.25239 -0.00854943 1.86638
121 3.25423 -0.0067053 1.85791
122 3.25701 -0.0039256 1.84843
123 3.26042 -0.000518882 1.8303
124 3.26414 0.00320185 1.81607
125 3.26787 0.00693546 1.81078
126 3.27134 0.0104054 1.79341
127 3.27431 0.0133697 1.77156
128 3.27656 0.0156282 1.74822
129 3.27796 0.017029 1.73728
130 3.27841 0.0174732 1.73387
131 3.27785 0.0169189 1.71909
132 3.27632 0.0153835 1.69163
133 3.27388 0.0129448 1.65606
134 3.27067 0.0097382 1.60553
135 3.26689 0.00595168 1.53933
136 3.26275 0.00181591 1.45897
137 3.25853 -0.00240898 1.36597
138 3.25449 -0.0064497 1.29084
139 3.2509 -0.0100378 1.34607
140 3.24801 -0.0129274 1.39303
141 3.24602 -0.0149116 1.43098
142 3.2451 -0.015835 1.46202
143 3.24533 -0.0156029 1.4864
144 3.24675 -0.0141854 1.5004
145 3.24932 -0.0116184 1.49838
146 3.25294 -0.00800009 1.48062
147 3.25745 -0.00348576 1.45113
148 3.26266 0.00172055 1.42209
149 3.26831 0.00737554 1.42277
150 3.27414 0.013208 1.42621
151 3.27987 0.0189319 1.43248
152 3.2852 0.0242608 1.44437
153 3.28986 0.0289243 1.47217
154 3.29362 0.0326849 1.49017
155 3.29629 0.035355 1.49423
156 3.29775 0.036812 1.48438
157 3.29794 0.0370094 1.46343
158 3.29692 0.0359826 1.43083
159 3.29478 0.0338464 1.37941
160 3.29172 0.0307861 1.31335
161 3.28798 0.0270405 1.23681
162 3.28382 0.0228804 1.16484
163 3.27952 0.0185845 1.20205
164 3.27535 0.0144166 1.24076
165 3.27154 0.010606 1.27459
166 3.26827 0.00733301 1.29667
167 3.26566 0.00472109 1.30749
168 3.26377 0.0028345 1.31618
169 3.26262 0.00168115 1.31369
170 3.26215 0.0012191 1.309
171 3.2623 0.00136543 1.31677
172 3.26294 0.00200617 1.33625
173 3.26394 0.00300666 1.35069
174 3.26516 0.00422138 1.35344
175 3.26644 0.00550325 1.35549
176 3.26765 0.00671204 1.34974
177 3.26866 0.00772193 1.33742
178 3.26936 0.0084281 1.33175
179 3.26969 0.00875232 1.32396
180 3.26958 0.00864728 1.31416
181 3.26903 0.00809945 1.29517
182 3.26807 0.00713013 1.26472
183 3.26673 0.00579439 1.22806
184 3.26511 0.00417781 1.18315
185 3.26333 0.002391 1.12803
186 3.2615 0.000562184 1.06383
187 3.25976 -0.0011717 1.024
188 3.25826 -0.00267455 1.06175
189 3.25711 -0.00382067 1.09328
190 3.25643 -0.00450349 1.11543
191 3.25629 -0.00464285 1.12983
192 3.25675 -0.00419031 1.13753
193 3.2578 -0.00313241 1.14062
194 3.25944 -0.00149164 1.13404
195 3.26161 0.000674634 1.11663
196 3.26421 0.00327715 1.09021
197 3.26713 0.00619945 1.05865
198 3.27024 0.00930407 1.04234
199 3.27338 0.01244 1.0546
200 3.27639 0.0154511 1.07304
201 3.27912 0.0181854 1.0919
202 3.28144 0.0205045 1.10792
203 3.28323 0.0222928 1.11327
204 3.2844 0.0234655 1.10931
205 3.28491 0.0239747 1.10177
206 3.28475 0.0238132 1.08205
207 3.28395 0.0230149 1.0523
208 3.28259 0.0216517 1.01123
209 3.28076 0.0198276 0.963039
210 3.2786 0.0176693 0.907281
211 3.27625 0.0153162 0.892364
212 3.27384 0.0129088 0.925006
213 3.27151 0.0105789 0.948024
214 3.26938 0.00844023 0.96835
215 3.26752 0.00658198 0.978591
216 3.266 0.00506513 0.981437
217 3.26486 0.00392089 0.978697
218 3.26409 0.00315181 0.972062
219 3.26367 0.00273458 0.963576
220 3.26356 0.00262425 0.963833
221 3.26369 0.00275941 0.9712
222 3.264 0.00306767 0.980112
223 3.26441 0.00347134 0.984168
224 3.26483 0.00389289 0.985965
225 3.2652 0.0042601 0.982236
226 3.26545 0.00451055 0.980079
227 3.26553 0.00459555 0.975702
228 3.26542 0.00448305 0.971797
229 3.2651 0.00415972 0.963372
230 3.26457 0.00363173 0.946224
231 3.26386 0.00292438 0.921405
232 3.26302 0.00208044 0.893188
233 3.26209 0.00115724 0.856276
234 3.26116 0.000222757 0.813211
235 3.26029 -0.00064919 0.763619
236 3.25955 -0.00138414 0.789499
237 3.25902 -0.00191233 0.81454
238 3.25876 -0.00217364 0.834049
239 3.25881 -0.00212203 0.845619
240 3.25921 -0.00172884 0.8502
241 3.25995 -0.000985084 0.849699
242 3.26103 9.75822e-05 0.845589
243 3.26242 0.00148714 0.835213
244 3.26407 0.00313274 0.816774
245 3.2659 0.00496733 0.793226
246 3.26785 0.00691127 0.776584
247 3.26981 0.00887681 0.784776
248 3.27171 0.0107731 0.798085
249 3.27345 0.0125114 0.810518
250 3.27495 0.0140107 0.823388
251 3.27614 0.0152028 0.828209
252 3.27697 0.0160362 0.829724
253 3.27742 0.0164801 0.824684
254 3.27746 0.0165257 0.812464
255 3.27712 0.0161868 0.791283
256 3.27643 0.0154985 0.762609
257 3.27545 0.0145139 0.72966
258 3.27424 0.0133003 0.690695
259 3.27287 0.0119334 0.664437
260 3.27143 0.0104918 0.691087
261 3.26999 0.00905182 0.71077
262 3.26862 0.00768204 0.726568
263 3.26737 0.00643945 0.736512
264 3.2663 0.00536667 0.740202
265 3.26543 0.00449037 0.73731
266 3.26476 0.00382102 0.732868
267 3.26429 0.00335383 0.725998
268 3.26401 0.00307058 0.722461
269 3.26388 0.00294215 0.725394
270 3.26387 0.00293159 0.732637
271 3.26393 0.0029974 0.737199
272 3.26403 0.00309682 0.741246
273 3.26412 0.00318907 0.742943
274 3.26417 0.00323824 0.744339
275 3.26415 0.00321574 0.744115
276 3.26404 0.00310227 0.742316
277 3.26382 0.00288908 0.738448
278 3.26351 0.00257855 0.726973
279 3.26312 0.00218399 0.709426
280 3.26266 0.00172869 0.686117
281 3.26218 0.00124429 0.659745
282 3.2617 0.000768479 0.627074
283 3.26128 0.000342331 0.590196
284 3.26094 7.2957e-06 0.599564
285 3.26074 -0.000197829 0.619428
286 3.2607 -0.000239784 0.633969
287 3.26084 -9.33763e-05 0.64257
288 3.26119 0.000256516 0.646214
289 3.26175 0.000813592 0.644681
290 3.2625 0.0015695 0.640427
291 3.26344 0.002504 0.633643
292 3.26452 0.00358581 0.620269
293 3.26571 0.00477424 0.602325
294 3.26696 0.00602135 0.587262
295 3.26821 0.00727462 0.591457
296 3.26942 0.00847995 0.601938
297 3.27052 0.00958481 0.610495
298 3.27148 0.0105413 0.620186
299 3.27224 0.0113092 0.625203
300 3.27279 0.011858 0.626683
301 3.2731 0.012169 0.622855
302 3.27317 0.0122363 0.613945
303 3.273 0.0120668 0.598548
304 3.27261 0.0116794 0.579398
305 3.27204 0.0111035 0.555279
306 3.27131 0.0103765 0.525879
307 3.27048 0.0095414 0.503846
308 3.26958 0.00864342 0.524202
309 3.26866 0.00772702 0.540139
310 3.26777 0.00683319 0.552008
311 3.26693 0.00599702 0.560066
312 3.26618 0.00524602 0.562836
313 3.26553 0.00459898 0.560946
314 3.265 0.00406563 0.55645
315 3.26458 0.0036469 0.550491
316 3.26427 0.00333579 0.546142
317 3.26405 0.00311866 0.548153
318 3.26391 0.00297693 0.553333
319 3.26382 0.00288891 0.557654
320 3.26377 0.00283179 0.56169
321 3.26372 0.00278348 0.563161
322 3.26366 0.00272445 0.565916
323 3.26357 0.00263912 0.566848
324 3.26345 0.00251711 0.565654
325 3.26329 0.00235395 0.563217
326 3.26309 0.00215143 0.555415
327 3.26285 0.00191745 0.5425
328 3.2626 0.00166545 0.524774
329 3.26235 0.00141343 0.504922
330 3.26212 0.00118262 0.480448
331 3.26193 0.000995876 0.452909
332 3.26181 0.000875987 0.460282
333 3.26178 0.000843922 0.47544
334 3.26185 0.00091718 0.485851
335 3.26204 0.00110836 0.492399
336 3.26236 0.00142405 0.49457
337 3.2628 0.00186407 0.493081
338 3.26336 0.00242116 0.488776
339 3.26402 0.00308116 0.483228
340 3.26476 0.00382358 0.472826
341 3.26556 0.00462258 0.459584
342 3.26638 0.00544836 0.448547
343 3.2672 0.00626876 0.45224
344 3.26799 0.00705104 0.459895
345 3.2687 0.00776375 0.465944
346 3.26931 0.00837852 0.47253
347 3.26981 0.00887165 0.476727
348 3.27016 0.00922548 0.477213
349 3.27036 0.0094293 0.473987
350 3.27042 0.00947986 0.466961
351 3.27032 0.00938136 0.455876
352 3.27008 0.00914498 0.441125
353 3.26972 0.00878793 0.422804
354 3.26927 0.00833217 0.400247
355 3.26874 0.00780281 0.386138
356 3.26816 0.00722648 0.400919
357 3.26756 0.00662955 0.413064
358 3.26697 0.00603662 0.421698
359 3.2664 0.00546913 0.427714
360 3.26588 0.00494436 0.429319
361 3.26541 0.00447476 0.427788
362 3.265 0.00406766 0.423802
363 3.26466 0.00372535 0.419457
364 3.26438 0.00344556 0.415183
365 3.26416 0.00322212 0.417391
366 3.26398 0.00304593 0.421455
367 3.26384 0.00290599 0.424997
368 3.26373 0.00279053 0.428471
369 3.26362 0.00268813 0.429981
370 3.26352 0.0025887 0.432919
371 3.26342 0.00248438 0.434323
372 3.26331 0.00237018 0.433585
373 3.26318 0.00224441 0.431332
374 3.26304 0.00210881 0.424945
375 3.2629 0.00196848 0.415006
376 3.26277 0.00183148 0.401205
377 3.26264 0.00170821 0.385741
378 3.26255 0.00161066 0.366918
379 3.26249 0.00155143 0.345745
380 3.26248 0.00154277 0.35502
381 3.26253 0.00159557 0.36614
382 3.26265 0.00171841 0.373398
383 3.26285 0.00191682 0.377931
384 3.26313 0.00219264 0.379034
385 3.26348 0.00254368 0.377215
386 3.2639 0.00296356 0.373524
387 3.26438 0.00344193 0.368312
388 3.2649 0.00396485 0.360027
389 3.26545 0.00451544 0.350052
390 3.26601 0.00507473 0.343056
391 3.26656 0.00562268 0.346778
392 3.26707 0.00613919 0.352568
393 3.26754 0.00660528 0.357053
394 3.26794 0.00700402 0.361321
395 3.26826 0.00732152 0.364578
396 3.26848 0.00754762 0.364291
397 3.26861 0.00767637 0.36116
398 3.26864 0.00770632 0.355262
399 3.26858 0.00764037 0.347123
400 3.26842 0.00748556 0.335405
401 3.26819 0.00725241 0.321077
402 3.26789 0.0069542 0.303769
403 3.26754 0.00660609 0.297812
404 3.26716 0.0062241 0.308491
405 3.26676 0.00582416 0.317067
406 3.26636 0.00542125 0.323494
407 3.26596 0.00502856 0.327505
408 3.26559 0.00465698 0.328396
409 3.26525 0.00431465 0.32673
410 3.26494 0.0040068 0.32346
411 3.26467 0.00373583 0.319987
412 3.26444 0.00350148 0.316577
413 3.26424 0.00330128 0.318727
414 3.26407 0.00313106 0.321981
415 3.26392 0.00298553 0.324611
416 3.26379 0.00285897 0.327113
417 3.26368 0.00274578 0.329231
418 3.26358 0.00264115 0.331095
419 3.26348 0.00254146 0.332274
420 3.26338 0.00244467 0.331669
421 3.26329 0.00235054 0.329585
422 3.2632 0.00226068 0.324107
423 3.26311 0.00217847 0.316024
424 3.26304 0.00210877 0.305062
425 3.26299 0.00205761 0.29297
426 3.26297 0.00203164 0.27827
427 3.26297 0.00203763 0.26448
428 3.26302 0.00208189 0.273678
429 3.26311 0.00216968 0.28156
430 3.26324 0.00230475 0.286574
431 3.26342 0.00248884 0.28936
432 3.26366 0.00272147 0.289679
433 3.26394 0.00299968 0.287823
434 3.26425 0.0033181 0.284526
435 3.2646 0.00366906 0.279946
436 3.26498 0.00404289 0.273165
437 3.26536 0.00442837 0.266212
438 3.26575 0.00481322 0.261879
439 3.26612 0.00518477 0.265747
440 3.26647 0.00553056 0.269945
441 3.26677 0.00583899 0.273421
442 3.26704 0.00609993 0.276349
443 3.26724 0.00630522 0.278383
444 3.26738 0.00644903 0.277601
445 3.26746 0.00652819 0.274635
446 3.26748 0.00654219 0.270003
447 3.26743 0.0064932 0.263328
448 3.26732 0.00638578 0.25398
449 3.26716 0.0062266 0.242648
450 3.26696 0.00602391 0.229137
451 3.26672 0.00578707 0.229709
452 3.26646 0.00552593 0.237326
453 3.26619 0.00525033 0.243452
454 3.2659 0.00496954 0.247894
455 3.26563 0.00469183 0.250409
456 3.26536 0.00442416 0.25069
457 3.26511 0.00417192 0.248946
458 3.26487 0.00393886 0.246295
459 3.26466 0.0037271 0.243459
460 3.26447 0.00353725 0.241137
461 3.2643 0.00336867 0.243339
462 3.26416 0.00321972 0.246036
463 3.26402 0.00308817 0.24808
464 3.26391 0.00297148 0.249865
465 3.2638 0.00286721 0.252021
466 3.26371 0.0027733 0.253179
467 3.26362 0.00268837 0.25392
468 3.26355 0.00261185 0.253327
469 3.26348 0.00254413 0.251295
470 3.26342 0.00248655 0.246635
471 3.26338 0.00244132 0.239947
472 3.26335 0.00241136 0.231155
473 3.26334 0.00240006 0.221575
474 3.26335 0.002411 0.209976
475 3.26338 0.00244763 0.204027
476 3.26345 0.00251294 0.210897
477 3.26354 0.00260916 0.216329
478 3.26367 0.00273745 0.219693
479 3.26383 0.00289774 0.22122
480 3.26402 0.00308852 0.220994
481 3.26424 0.00330685 0.21928
482 3.26448 0.00354833 0.216305
483 3.26474 0.00380731 0.212417
484 3.26501 0.004077 0.206927
485 3.26529 0.00434985 0.202166
486 3.26555 0.00461782 0.200195
487 3.26581 0.00487281 0.203538
488 3.26604 0.00510699 0.206531
489 3.26625 0.00531324 0.20921
490 3.26642 0.00548543 0.211386
491 3.26655 0.00561875 0.212365
492 3.26665 0.00570989 0.211218
493 3.26669 0.00575718 0.208556
494 3.2667 0.00576063 0.204828
495 3.26666 0.00572185 0.199262
496 3.26658 0.00564389 0.191712
497 3.26647 0.00553106 0.182738
498 3.26632 0.00538863 0.17211
499 3.26616 0.0052225 0.177173
500 3.26597 0.00503887 0.182602
501 3.26578 0.00484394 0.186953
502 3.26558 0.00464359 0.189964
503 3.26538 0.00444313 0.19128
504 3.26518 0.00424712 0.191081
505 3.26499 0.00405922 0.189368
506 3.26482 0.00388216 0.187355
507 3.26465 0.00371772 0.185124
508 3.2645 0.00356686 0.184209
509 3.26437 0.0034298 0.186119
510 3.26424 0.00330619 0.188048
511 3.26413 0.00319533 0.189721
512 3.26403 0.00309636 0.190928
513 3.26394 0.00300843 0.192843
514 3.26387 0.00293088 0.193573
515 3.2638 0.0028634 0.193871
516 3.26374 0.00280609 0.193247
517 3.26369 0.00275952 0.191269
518 3.26366 0.00272469 0.187282
519 3.26364 0.00270301 0.181785
520 3.26363 0.00269616 0.174789
521 3.26364 0.00270599 0.167125
522 3.26367 0.00273428 0.158002
523 3.26372 0.00278263 0.157659
524 3.26379 0.00285222 0.162559
525 3.26388 0.00294367 0.166193
526 3.26399 0.00305691 0.168373
527 3.26413 0.00319103 0.169056
528 3.26428 0.00334428 0.168442
529 3.26445 0.00351403 0.166849
530 3.26463 0.0036968 0.164222
531 3.26482 0.00388841 0.160952
532 3.26502 0.00408412 0.156936
533 3.26521 0.00427878 0.1535
534 3.2654 0.00446707 0.153364
535 3.26558 0.00464376 0.155962
536 3.26574 0.00480388 0.157942
537 3.26588 0.00494301 0.159981
538 3.26599 0.00505742 0.161558
539 3.26608 0.00514427 0.161836
540 3.26614 0.00520167 0.160515
541 3.26616 0.00522879 0.158386
542 3.26616 0.00522585 0.155142
543 3.26613 0.00519405 0.15048
544 3.26607 0.00513547 0.14438
545 3.26599 0.00505297 0.137209
546 3.26589 0.00494998 0.131507
547 3.26577 0.00483029 0.136599
548 3.26563 0.00469792 0.14044
549 3.26549 0.00455687 0.143506
550 3.26535 0.00441096 0.145453
551 3.2652 0.0042637 0.146069
552 3.26505 0.00411816 0.145478
553 3.26491 0.0039769 0.143953
554 3.26478 0.00384196 0.142446
555 3.26465 0.00371482 0.14069
556 3.26453 0.00359649 0.140808
557 3.26442 0.00348757 0.142376
558 3.26432 0.00338831 0.143799
559 3.26423 0.00329876 0.145117
560 3.26415 0.00321886 0.146165
561 3.26408 0.00314853 0.147471
562 3.26402 0.00308776 0.148005
563 3.26397 0.0030367 0.147927
564 3.26393 0.00299568 0.147351
565 3.2639 0.00296524 0.145451
566 3.26388 0.00294607 0.142091
567 3.26387 0.00293903 0.137503
568 3.26388 0.00294504 0.13199
569 3.2639 0.002965 0.12576
570 3.26394 0.00299969 0.11858
571 3.26399 0.00304968 0.12179
572 3.26405 0.00311522 0.125232
573 3.26413 0.00319616 0.127574
574 3.26423 0.00329185 0.128924
575 3.26434 0.00340114 0.129087
576 3.26446 0.00352235 0.128315
577 3.26459 0.00365328 0.126813
578 3.26473 0.00379125 0.124653
579 3.26487 0.00393319 0.121862
580 3.26501 0.00407575 0.118946
581 3.26515 0.00421542 0.116488
582 3.26528 0.00434864 0.117599
583 3.26541 0.00447199 0.119487
584 3.26552 0.0045823 0.121062
585 3.26561 0.00467679 0.122511
586 3.26569 0.00475316 0.123405
587 3.26575 0.00480974 0.123199
588 3.26578 0.00484545 0.121897
589 3.2658 0.00485992 0.120155
590 3.26579 0.00485341 0.11734
591 3.26576 0.00482684 0.113439
592 3.26572 0.00478165 0.108512
593 3.26566 0.00471976 0.102769
594 3.26558 0.00464347 0.101741
595 3.26549 0.00455527 0.105284
596 3.26539 0.00445783 0.108035
597 3.26529 0.0043538 0.110064
598 3.26518 0.00424574 0.111272
599 3.26507 0.00413603 0.111435
600 3.26496 0.0040268 0.110721
601 3.26486 0.0039199 0.109511
602 3.26475 0.00381686 0.108232
603 3.26465 0.00371893 0.106932
604 3.26456 0.00362703 0.107745
605 3.26448 0.00354188 0.108966
606 3.2644 0.00346398 0.110007
607 3.26433 0.00339369 0.11097
608 3.26427 0.00333129 0.112031
609 3.26421 0.00327702 0.112814
610 3.26417 0.00323115 0.113186
611 3.26413 0.00319396 0.112999
612 3.2641 0.00316583 0.112261
613 3.26408 0.00314716 0.110441
614 3.26407 0.00313843 0.107609
615 3.26408 0.00314009 0.103786
616 3.26409 0.0031526 0.0994502
617 3.26411 0.00317632 0.0944185
618 3.26415 0.00321148 0.090879
619 3.26419 0.00325811 0.0939964
620 3.26425 0.00331601 0.0963841
621 3.26432 0.00338467 0.097856
622 3.2644 0.00346329 0.0986018
623 3.26449 0.00355072 0.098455
624 3.26458 0.0036455 0.097721
625 3.26468 0.00374585 0.0963266
626 3.26479 0.00384974 0.094548
627 3.26489 0.00395494 0.0921591
628 3.26499 0.00405906 0.0900806
629 3.2651 0.00415969 0.0888379
630 3.26519 0.00425443 0.0901954
631 3.26528 0.00434104 0.0915368
632 3.26535 0.00441745 0.0927393
633 3.26542 0.00448191 0.0937864
634 3.26547 0.004533 0.094193
635 3.26551 0.00456971 0.0937101
636 3.26553 0.00459144 0.0925882
637 3.26553 0.00459805 0.091027
638 3.26553 0.00458982 0.0886134
639 3.2655 0.00456741 0.0853664
640 3.26547 0.00453187 0.0814153
641 3.26542 0.0044845 0.0768098
642 3.26536 0.00442688 0.0786628
643 3.2653 0.0043607 0.0810835
644 3.26522 0.00428776 0.0830986
645 3.26515 0.00420987 0.0844007
646 3.26506 0.00412879 0.0850446
647 3.26498 0.00404619 0.0849364
648 3.2649 0.00396359 0.0842084
649 3.26482 0.00388236 0.083257
650 3.26474 0.00380366 0.0822479
651 3.26466 0.00372852 0.0816095
652 3.26459 0.00365774 0.0825688
653 3.26453 0.00359203 0.0834476
654 3.26447 0.00353193 0.0843067
655 3.26441 0.0034779 0.0849176
656 3.26437 0.00343034 0.0858451
657 3.26432 0.00338958 0.0863104
658 3.26429 0.00335595 0.0864708
659 3.26427 0.00332977 0.0862209
660 3.26425 0.00331133 0.0854103
661 3.26424 0.00330093 0.0837356
662 3.26423 0.00329884 0.0813463
663 3.26424 0.0033053 0.0782111
664 3.26426 0.00332045 0.0747891
665 3.26428 0.00334438 0.0707391
666 3.26431 0.003377 0.0703484
667 3.26435 0.00341812 0.0724988
668 3.2644 0.00346732 0.0740975
669 3.26446 0.003524 0.075018
670 3.26452 0.00358737 0.0753242
671 3.26459 0.00365639 0.075042
672 3.26467 0.00372987 0.0743572
673 3.26474 0.0038064 0.0731464
674 3.26482 0.00388447 0.0716736
675 3.2649 0.00396243 0.069851
676 3.26497 0.00403861 0.0683078
677 3.26505 0.00411133 0.0680699
678 3.26511 0.00417896 0.06922
679 3.26518 0.00424001 0.0700796
680 3.26523 0.00429314 0.0710146
681 3.26527 0.0043372 0.0717375
682 3.26531 0.00437134 0.0718204
683 3.26533 0.00439492 0.0712107
684 3.26534 0.00440765 0.0703076
685 3.26534 0.00440948 0.068882
686 3.26534 0.00440066 0.0668165
687 3.26532 0.00438171 0.0641336
688 3.26529 0.00435337 0.0609804
689 3.26525 0.00431657 0.0585326
690 3.26521 0.0042724 0.0607807
691 3.26516 0.00422203 0.0624772
692 3.2651 0.00416673 0.0638721
693 3.26504 0.00410775 0.0646974
694 3.26498 0.00404635 0.0649697
695 3.26492 0.00398371 0.0646956
696 3.26486 0.00392095 0.0640053
697 3.26479 0.00385909 0.0633364
698 3.26473 0.00379904 0.0625312
699 3.26468 0.00374162 0.0625418
700 3.26462 0.00368751 0.0632581
701 3.26457 0.00363733 0.0639422
702 3.26453 0.0035916 0.0646051
703 3.26449 0.00355075 0.0651233
704 3.26445 0.00351519 0.0657358
705 3.26442 0.00348524 0.0660498
706 3.2644 0.00346122 0.0659903
707 3.26438 0.00344338 0.0657182
708 3.26437 0.00343195 0.0648872
709 3.26436 0.00342712 0.0634012
710 3.26436 0.00342902 0.0613781
711 3.26437 0.00343775 0.0588912
712 3.26439 0.00345329 0.0561283
713 3.26441 0.00347555 0.0529224
714 3.26444 0.00350434 0.0544249
715 3.26447 0.00353934 0.055936
716 3.26452 0.0035801 0.0569629
717 3.26456 0.00362603 0.0575366
718 3.26461 0.0036764 0.0575792
719 3.26467 0.00373037 0.0572268
720 3.26472 0.00378696 0.0565769
721 3.26478 0.0038451 0.0555571
722 3.26484 0.00390365 0.0543061
723 3.2649 0.00396142 0.0529768
724 3.26495 0.00401721 0.0518794
725 3.26501 0.00406987 0.0523427
726 3.26505 0.00411827 0.0531395
727 3.2651 0.0041614 0.0538328
728 3.26513 0.0041984 0.0544808
729 3.26516 0.00422851 0.0548218
730 3.26519 0.0042512 0.0546892
731 3.2652 0.0042661 0.0540935
732 3.26521 0.00427304 0.0533291
733 3.26521 0.00427206 0.0520725
734 3.2652 0.00426336 0.050327
735 3.26518 0.00424734 0.0481447
736 3.26516 0.00422455 0.0456003
737 3.26513 0.00419565 0.0453725
738 3.2651 0.00416141 0.0469244
739 3.26506 0.00412269 0.0481518
740 3.26502 0.00408037 0.0490268
741 3.26497 0.00403536 0.0495329
742 3.26492 0.00398856 0.0495836
743 3.26488 0.00394084 0.0492503
744 3.26483 0.00389303 0.0487067
745 3.26478 0.00384591 0.048144
746 3.26474 0.00380018 0.0475445
747 3.26469 0.00375649 0.0479329
748 3.26465 0.0037154 0.0484789
749 3.26461 0.00367743 0.0490206
750 3.26458 0.00364302 0.049466
751 3.26455 0.00361257 0.0499687
752 3.26452 0.0035864 0.0503215
753 3.2645 0.00356482 0.0505089
754 3.26448 0.00354806 0.0503883
755 3.26447 0.00353634 0.0500386
756 3.26447 0.0035298 0.0492192
757 3.26446 0.00352856 0.0479421
758 3.26447 0.00353265 0.0462404
759 3.26448 0.00354208 0.044305
760 3.26449 0.00355676 0.0420857
761 3.26451 0.00357652 0.0407223
762 3.26454 0.00360112 0.0420805
763 3.26457 0.00363022 0.0431174
764 3.2646 0.00366339 0.0437381
765 3.26464 0.0037001 0.0440503
766 3.26468 0.00373975 0.0439549
767 3.26472 0.00378163 0.0436261
768 3.26476 0.003825 0.0429882
769 3.2648 0.00386903 0.042155
770 3.26485 0.00391286 0.0410845
771 3.26489 0.00395565 0.0401344
772 3.26493 0.00399654 0.0396308
773 3.26497 0.0040347 0.040239
774 3.265 0.00406937 0.0407867
775 3.26504 0.00409988 0.0413109
776 3.26506 0.00412563 0.0417647
777 3.26508 0.00414614 0.0418978
778 3.2651 0.00416108 0.0416267
779 3.26511 0.00417023 0.0411164
780 3.26511 0.00417351 0.0403944
781 3.26511 0.00417097 0.0393085
782 3.2651 0.0041628 0.0378469
783 3.26508 0.0041493 0.0360829
784 3.26507 0.00413087 0.0340873
785 3.26504 0.00410801 0.0351271
786 3.26502 0.00408129 0.0361788
787 3.26499 0.00405131 0.0370636
788 3.26495 0.00401872 0.0376056
789 3.26492 0.00398419 0.0378627
790 3.26488 0.00394838 0.0377838
791 3.26485 0.00391194 0.0374474
792 3.26481 0.00387549 0.0370219
793 3.26478 0.00383962 0.0365664
794 3.26474 0.00380489 0.0363192
795 3.26471 0.00377179 0.0367566
796 3.26468 0.00374078 0.0371743
797 3.26465 0.00371228 0.0375941
798 3.26462 0.00368665 0.0378656
799 3.2646 0.00366421 0.0382914
800 3.26458 0.00364524 0.0385048
801 3.26457 0.00362996 0.0385664
802 3.26455 0.00361856 0.03843
803 3.26455 0.0036112 0.0380415
804 3.26454 0.00360796 0.0372827
805 3.26454 0.00360889 0.0362154
806 3.26455 0.00361399 0.0348208
807 3.26456 0.0036232 0.0332944
808 3.26457 0.0036364 0.0314964
809 3.26459 0.0036534 0.0315672
810 3.26461 0.00367395 0.0324928
811 3.26463 0.00369775 0.0331748
812 3.26466 0.00372439 0.0335545
813 3.26469 0.00375345 0.033666
814 3.26472 0.00378442 0.0335135
815 3.26475 0.00381674 0.0331992
816 3.26479 0.00384984 0.0326311
817 3.26482 0.00388309 0.0319465
818 3.26485 0.00391586 0.0311251
819 3.26488 0.00394753 0.0304383
820 3.26491 0.00397748 0.0304032
821 3.26494 0.00400514 0.0309138
822 3.26497 0.00402999 0.0312958
823 3.26499 0.00405154 0.0317004
824 3.265 0.00406942 0.0319753
825 3.26502 0.00408331 0.0319684
826 3.26503 0.004093 0.0316494
827 3.26503 0.00409836 0.0312363
828 3.26503 0.00409936 0.0305666
829 3.26503 0.00409606 0.0296223
830 3.26502 0.00408864 0.0284117
831 3.26501 0.00407731 0.0269973
832 3.265 0.00406238 0.0261791
833 3.26498 0.00404423 0.027151
834 3.26496 0.00402327 0.02789
835 3.26494 0.00399996 0.0284816
836 3.26491 0.00397477 0.0288192
837 3.26488 0.0039482 0.0289152
838 3.26486 0.00392075 0.0287675
839 3.26483 0.00389289 0.0284612
840 3.2648 0.00386511 0.0281508
841 3.26477 0.00383786 0.0277965
842 3.26475 0.00381155 0.0278597
843 3.26472 0.00378659 0.0281758
844 3.2647 0.00376333 0.0285058
845 3.26468 0.00374209 0.0288053
846 3.26466 0.00372317 0.0290514
847 3.26464 0.00370682 0.0293089
848 3.26463 0.00369324 0.0294568
849 3.26462 0.00368263 0.029417
850 3.26461 0.0036751 0.0292698
851 3.26461 0.00367075 0.0288887
852 3.26461 0.00366965 0.0282214
853 3.26461 0.0036718 0.0273105
854 3.26461 0.00367716 0.0262026
855 3.26462 0.00368565 0.0249686
856 3.26463 0.00369714 0.0236406
857 3.26465 0.00371144 0.0244232
858 3.26466 0.00372834 0.0250621
859 3.26468 0.00374755 0.0254819
860 3.2647 0.00376875 0.0257098
861 3.26473 0.00379157 0.0257053
862 3.26475 0.00381561 0.0255323
863 3.26478 0.00384045 0.0252194
864 3.2648 0.00386562 0.0247446
865 3.26483 0.00389067 0.0241667
866 3.26485 0.00391513 0.0235734
867 3.26487 0.00393855 0.0231187
868 3.2649 0.00396048 0.0233765
869 3.26492 0.00398051 0.0237292
870 3.26493 0.00399829 0.024036
871 3.26495 0.00401349 0.0243219
872 3.26496 0.00402585 0.0244457
873 3.26497 0.00403516 0.0243484
874 3.26498 0.00404129 0.0240679
875 3.26498 0.00404418 0.0236946
876 3.26498 0.00404382 0.0231057
877 3.26498 0.00404028 0.0222965
878 3.26497 0.00403369 0.021305
879 3.26496 0.00402423 0.0201593
880 3.26495 0.00401214 0.0202955
881 3.26493 0.0039977 0.020959
882 3.26492 0.00398122 0.0214948
883 3.2649 0.00396305 0.0218561
884 3.26488 0.00394354 0.0220559
885 3.26486 0.00392307 0.0220559
886 3.26484 0.00390201 0.0218928
887 3.26482 0.00388072 0.021646
888 3.26479 0.00385957 0.0213979
889 3.26477 0.00383891 0.021142
890 3.26475 0.00381905 0.0213573
891 3.26474 0.00380031 0.0216059
892 3.26472 0.00378296 0.0218624
893 3.2647 0.00376724 0.0220462
894 3.26469 0.0037534 0.0222807
895 3.26468 0.0037416 0.0224323
896 3.26467 0.00373202 0.0225097
897 3.26466 0.00372479 0.0224503
898 3.26466 0.00371999 0.0222806
899 3.26465 0.00371769 0.0219027
900 3.26465 0.0037179 0.0213269
901 3.26466 0.00372062 0.0205589
902 3.26466 0.00372579 0.0196882
903 3.26467 0.00373333 0.0186863
904 3.26468 0.00374311 0.0182831
905 3.26469 0.00375496 0.0188597
906 3.2647 0.00376868 0.019298
907 3.26472 0.00378404 0.019548
908 3.26474 0.00380078 0.0196629
909 3.26475 0.00381859 0.0196017
910 3.26477 0.00383717 0.019441
911 3.26479 0.00385617 0.0191388
912 3.26481 0.00387527 0.0187523
913 3.26483 0.0038941 0.0182718
914 3.26485 0.00391232 0.0178501
915 3.26487 0.00392961 0.0176878
916 3.26488 0.00394564 0.0179704
917 3.2649 0.00396014 0.0181991
918 3.26491 0.00397283 0.0184333
919 3.26492 0.00398351 0.0186306
920 3.26493 0.00399199 0.0186675
921 3.26493 0.00399814 0.0185223
922 3.26494 0.00400189 0.0182914
923 3.26494 0.00400319 0.0179429
924 3.26494 0.00400207 0.0174332
925 3.26493 0.00399859 0.0167566
926 3.26493 0.00399284 0.015954
927 3.26492 0.00398499 0.0151811
928 3.26491 0.00397521 0.0157104
929 3.2649 0.00396372 0.016158
930 3.26489 0.00395076 0.0165386
931 3.26487 0.00393658 0.0167586
932 3.26486 0.00392146 0.0168511
933 3.26484 0.00390569 0.0167977
934 3.26482 0.00388953 0.0166375
935 3.26481 0.00387329 0.0164538
936 3.26479 0.00385722 0.0162506
937 3.26478 0.00384159 0.016192
938 3.26476 0.00382666 0.0163788
939 3.26475 0.00381264 0.0165767
940 3.26474 0.00379977 0.0167603
941 3.26472 0.00378822 0.0168903
942 3.26471 0.00377817 0.0170673
943 3.26471 0.00376975 0.0171634
944 3.2647 0.00376309 0.0171805
945 3.26469 0.00375827 0.0171159
946 3.26469 0.00375536 0.0169322
947 3.26469 0.00375439 0.0165805
948 3.26469 0.00375536 0.0160903
949 3.26469 0.00375824 0.0154603
950 3.2647 0.00376299 0.014771
951 3.2647 0.00376951 0.0139609
952 3.26471 0.00377769 0.0141563
953 3.26472 0.00378738 0.0145502
954 3.26473 0.00379842 0.0148319
955 3.26475 0.00381061 0.0149842
956 3.26476 0.00382374 0.0150129
957 3.26477 0.00383758 0.0149292
958 3.26479 0.00385187 0.0147768
959 3.2648 0.00386637 0.0145112
960 3.26482 0.00388081 0.0141948
961 3.26483 0.00389494 0.0138295
962 3.26484 0.00390849 0.0135239
963 3.26486 0.00392124 0.0135763
964 3.26487 0.00393294 0.0137982
965 3.26488 0.00394339 0.013974
966 3.26489 0.00395243 0.014151
967 3.2649 0.00395988 0.0142519
968 3.2649 0.00396565 0.0142308
969 3.26491 0.00396963 0.0140795
970 3.26491 0.00397179 0.0138846
971 3.26491 0.00397211 0.0135691
972 3.26491 0.00397062 0.0131299
973 3.2649 0.00396736 0.0125731
974 3.2649 0.00396243 0.0119267
975 3.26489 0.00395595 0.0117247
976 3.26488 0.00394806 0.0121387
977 3.26487 0.00393892 0.0124615
978 3.26486 0.00392873 0.0127029
979 3.26485 0.00391767 0.0128392
980 3.26484 0.00390596 0.0128657
981 3.26483 0.00389381 0.0127878
982 3.26482 0.00388144 0.012651
983 3.2648 0.00386906 0.0125127
984 3.26479 0.00385688 0.0123556
985 3.26478 0.00384509 0.0124204
986 3.26477 0.0038339 0.0125602
987 3.26476 0.00382347 0.0127092
988 3.26475 0.00381397 0.0128387
989 3.26474 0.00380554 0.0129567
990 3.26473 0.0037983 0.0130624
991 3.26473 0.00379236 0.0131298
992 3.26472 0.0037878 0.0131097
993 3.26472 0.00378469 0.0130326
994 3.26472 0.00378305 0.012846
995 3.26472 0.00378292 0.0125372
996 3.26472 0.00378427 0.0121187
997 3.26472 0.00378707 0.0116206
998 3.26473 0.00379128 0.0110603
999 3.26473 0.00379681 0.0105793
1000 3.26474 0.00380356 0.0109406
1001 3.26475 0.00381141 0.0112119
1002 3.26476 0.00382022 0.0113802
1003 3.26477 0.00382984 0.011469
1004 3.26478 0.00384009 0.0114524
1005 3.26479 0.00385079 0.0113681
1006 3.2648 0.00386175 0.0112135
1007 3.26481 0.00387278 0.0109962
1008 3.26482 0.00388368 0.0107261
1009 3.26483 0.00389425 0.0104681
1010 3.26484 0.00390431 0.0102953
1011 3.26485 0.00391368 0.0104401
1012 3.26486 0.0039222 0.0105889
1013 3.26487 0.00392972 0.0107254
1014 3.26487 0.00393612 0.0108486
1015 3.26488 0.00394129 0.01089
1016 3.26488 0.00394516 0.0108288
1017 3.26488 0.00394766 0.0107025
1018 3.26488 0.00394878 0.0105228
1019 3.26488 0.00394852 0.0102478
1020 3.26488 0.00394689 0.00987442
1021 3.26488 0.00394395 0.00942169
1022 3.26488 0.00393978 0.00889828
1023 3.26487 0.00393446 0.00908666
1024 3.26486 0.00392811 0.0093667
1025 3.26486 0.00392086 0.00959938
1026 3.26485 0.00391285 0.00974592
1027 3.26484 0.00390424 0.00982046
1028 3.26483 0.00389518 0.00980825
1029 3.26482 0.00388584 0.00972763
1030 3.26481 0.00387637 0.00961655
1031 3.2648 0.00386696 0.00950567
1032 3.26479 0.00385774 0.00941481
1033 3.26478 0.00384889 0.00952501
1034 3.26478 0.00384053 0.00964038
1035 3.26477 0.0038328 0.00975088
1036 3.26476 0.00382582 0.00982539
1037 3.26476 0.00381971 0.00993333
1038 3.26475 0.00381454 0.00999878
1039 3.26475 0.0038104 0.0100297
1040 3.26474 0.00380734 0.0099989
1041 3.26474 0.0038054 0.00991117
1042 3.26474 0.00380461 0.00973045
1043 3.26474 0.00380497 0.00946471
1044 3.26474 0.00380646 0.00911276
1045 3.26474 0.00380905 0.0087212
1046 3.26475 0.00381269 0.00826674
1047 3.26475 0.00381731 0.00819742
1048 3.26476 0.00382282 0.0084406
1049 3.26476 0.00382913 0.00862458
1050 3.26477 0.00383612 0.00872501
1051 3.26478 0.00384367 0.00876272
1052 3.26479 0.00385163 0.0087261
1053 3.2648 0.00385988 0.0086474
1054 3.2648 0.00386826 0.00850414
1055 3.26481 0.00387663 0.00832696
1056 3.26482 0.00388483 0.00811194
1057 3.26483 0.00389272 0.00792671
1058 3.26484 0.00390017 0.0078905
1059 3.26484 0.00390705 0.00802259
1060 3.26485 0.00391323 0.00811995
1061 3.26485 0.00391862 0.00822822
1062 3.26486 0.00392312 0.00830434
1063 3.26486 0.00392668 0.00830916
1064 3.26486 0.00392922 0.00823275
1065 3.26487 0.00393073 0.00812782
1066 3.26487 0.00393119 0.00796217
1067 3.26487 0.0039306 0.00772458
1068 3.26486 0.00392899 0.00741367
1069 3.26486 0.00392641 0.00704994
1070 3.26486 0.00392291 0.00677505
1071 3.26485 0.00391857 0.00702976
1072 3.26485 0.00391348 0.00722217
1073 3.26484 0.00390774 0.00738142
1074 3.26484 0.00390146 0.00746975
1075 3.26483 0.00389476 0.00750114
1076 3.26482 0.00388776 0.0074669
1077 3.26482 0.00388059 0.0073901
1078 3.26481 0.00387337 0.00731254
1079 3.2648 0.00386622 0.00722277
1080 3.26479 0.00385927 0.00722348
1081 3.26479 0.00385263 0.00730447
1082 3.26478 0.00384642 0.0073945
1083 3.26478 0.00384072 0.00747401
1084 3.26477 0.00383562 0.00753322
1085 3.26477 0.00383122 0.00760633
1086 3.26476 0.00382756 0.00765218
1087 3.26476 0.00382471 0.00765007
1088 3.26476 0.00382271 0.00761666
1089 3.26476 0.00382157 0.00752611
1090 3.26476 0.00382132 0.0073607
1091 3.26476 0.00382194 0.00713382
1092 3.26476 0.00382343 0.00684925
1093 3.26476 0.00382574 0.00653601
1094 3.26476 0.00382883 0.00617097
1095 3.26477 0.00383264 0.00634106
1096 3.26477 0.0038371 0.00650838
1097 3.26478 0.00384214 0.00662226
1098 3.26478 0.00384765 0.00668302
1099 3.26479 0.00385355 0.00668655
1100 3.2648 0.00385972 0.00664287
1101 3.2648 0.00386605 0.0065668
1102 3.26481 0.00387244 0.00644301
1103 3.26481 0.00387877 0.00629746
1104 3.26482 0.00388493 0.0061379
1105 3.26483 0.00389081 0.0060151
1106 3.26483 0.00389631 0.00606285
1107 3.26484 0.00390134 0.00615746
1108 3.26484 0.00390581 0.00623665
1109 3.26485 0.00390965 0.00631308
1110 3.26485 0.0039128 0.00634809
1111 3.26485 0.00391521 0.00632894
1112 3.26485 0.00391685 0.00625839
1113 3.26485 0.00391769 0.00616513
1114 3.26485 0.00391774 0.00601718
1115 3.26485 0.003917 0.00581305
1116 3.26485 0.00391549 0.00555915
1117 3.26485 0.00391326 0.00526478
1118 3.26485 0.00391036 0.00525528
1119 3.26484 0.00390684 0.00542824
1120 3.26484 0.00390277 0.00556883
1121 3.26483 0.00389824 0.00566551
1122 3.26483 0.00389333 0.00571963
1123 3.26482 0.00388812 0.00572356
1124 3.26482 0.00388273 0.00568412
1125 3.26481 0.00387723 0.00562185
1126 3.26481 0.00387173 0.00556007
1127 3.2648 0.00386633 0.00549137
1128 3.2648 0.0038611 0.00553935
1129 3.26479 0.00385614 0.0056045
1130 3.26479 0.00385153 0.00567151
1131 3.26478 0.00384735 0.00572194
1132 3.26478 0.00384365 0.00577861
1133 3.26478 0.0038405 0.00582364
1134 3.26477 0.00383794 0.00585051
1135 3.26477 0.00383602 0.00583788
1136 3.26477 0.00383474 0.00579693
1137 3.26477 0.00383414 0.00570544
1138 3.26477 0.00383422 0.00556149
1139 3.26477 0.00383496 0.0053681
1140 3.26477 0.00383634 0.00514377
1141 3.26477 0.00383835 0.00488893
1142 3.26478 0.00384094 0.00474352
1143 3.26478 0.00384406 0.00489594
1144 3.26478 0.00384765 0.00501078
1145 3.26479 0.00385164 0.00507768
1146 3.26479 0.00385597 0.00511063
1147 3.2648 0.00386056 0.00509678
1148 3.2648 0.00386532 0.00505586
1149 3.26481 0.00387017 0.00498063
1150 3.26481 0.00387503 0.00488089
1151 3.26482 0.0038798 0.00475693
1152 3.26482 0.00388441 0.00464557
1153 3.26482 0.00388878 0.00459019
1154 3.26483 0.00389283 0.00466173
1155 3.26483 0.0038965 0.00472263
1156 3.26484 0.00389972 0.0047833
1157 3.26484 0.00390244 0.00483589
1158 3.26484 0.00390462 0.0048477
1159 3.26484 0.00390623 0.00481304
1160 3.26484 0.00390725 0.00475507
1161 3.26484 0.00390766 0.00466853
1162 3.26484 0.00390747 0.00454029
1163 3.26484 0.00390668 0.0043682
1164 3.26484 0.00390533 0.00416247
1165 3.26484 0.00390343 0.00394765
1166 3.26484 0.00390104 0.00407036
1167 3.26483 0.0038982 0.00418629
1168 3.26483 0.00389496 0.00428688
1169 3.26483 0.00389139 0.00434551
1170 3.26482 0.00388756 0.00437175
1171 3.26482 0.00388353 0.00436053
1172 3.26481 0.00387938 0.00432106
1173 3.26481 0.00387518 0.00427316
1174 3.26481 0.003871 0.00422179
1175 3.2648 0.00386692 0.00420066
1176 3.2648 0.003863 0.00424909
1177 3.26479 0.00385931 0.00430203
1178 3.26479 0.00385591 0.00434998
1179 3.26479 0.00385285 0.00438026
1180 3.26479 0.00385018 0.00442905
1181 3.26478 0.00384795 0.00445773
1182 3.26478 0.00384618 0.00446621
1183 3.26478 0.0038449 0.0044498
1184 3.26478 0.00384413 0.00440543
1185 3.26478 0.00384387 0.00431846
1186 3.26478 0.00384413 0.00419515
1187 3.26478 0.00384489 0.00403373
1188 3.26478 0.00384615 0.00385755
1189 3.26478 0.00384786 0.00365092
1190 3.26479 0.00385 0.00367249
1191 3.26479 0.00385253 0.00377566
1192 3.26479 0.00385539 0.00385106
1193 3.26479 0.00385855 0.00389121
1194 3.2648 0.00386194 0.00390146
1195 3.2648 0.00386549 0.00388125
1196 3.2648 0.00386915 0.00384271
1197 3.26481 0.00387286 0.00377521
1198 3.26481 0.00387654 0.00369409
1199 3.26482 0.00388014 0.00359921
1200 3.26482 0.00388358 0.0035192
1201 3.26482 0.00388682 0.00352107
1202 3.26483 0.00388979 0.00357965
1203 3.26483 0.00389245 0.00362467
1204 3.26483 0.00389476 0.00367123
1205 3.26483 0.00389668 0.00369921
1206 3.26483 0.00389817 0.00369595
1207 3.26483 0.00389922 0.00365909
1208 3.26484 0.00389982 0.0036091
1209 3.26484 0.00389996 0.0035301
1210 3.26484 0.00389964 0.00341935
1211 3.26483 0.00389887 0.00327701
1212 3.26483 0.00389768 0.00311208
1213 3.26483 0.00389609 0.00303894
1214 3.26483 0.00389414 0.00314636
1215 3.26483 0.00389185 0.00322943
1216 3.26482 0.00388929 0.00329391
1217 3.26482 0.00388648 0.00332935
1218 3.26482 0.0038835 0.00333829
1219 3.26482 0.00388039 0.00331933
1220 3.26481 0.0038772 0.00328477
1221 3.26481 0.003874 0.00325053
1222 3.26481 0.00387083 0.00321039
1223 3.2648 0.00386776 0.0032234
1224 3.2648 0.00386483 0.00325911
1225 3.2648 0.00386209 0.00329891
1226 3.26479 0.00385959 0.00333316
1227 3.26479 0.00385737 0.00336136
1228 3.26479 0.00385546 0.00339083
1229 3.26479 0.00385388 0.0034106
1230 3.26479 0.00385268 0.0034063
1231 3.26479 0.00385185 0.00338814
1232 3.26479 0.00385142 0.00334269
1233 3.26479 0.00385138 0.00326508
1234 3.26479 0.00385173 0.00315941
1235 3.26479 0.00385246 0.00303104
1236 3.26479 0.00385356 0.00288836
1237 3.26479 0.003855 0.00274362
1238 3.26479 0.00385675 0.00283832
1239 3.26479 0.00385879 0.00290924
1240 3.2648 0.00386107 0.00295468
1241 3.2648 0.00386355 0.00297847
1242 3.2648 0.00386619 0.0029758
1243 3.2648 0.00386893 0.00295374
1244 3.26481 0.00387174 0.00291586
1245 3.26481 0.00387456 0.0028595
1246 3.26481 0.00387735 0.0027923
1247 3.26482 0.00388005 0.00272454
1248 3.26482 0.00388261 0.00267495
1249 3.26482 0.003885 0.00270723
1250 3.26482 0.00388718 0.00274681
1251 3.26482 0.0038891 0.00278221
1252 3.26483 0.00389075 0.00281481
1253 3.26483 0.00389208 0.0028263
1254 3.26483 0.00389309 0.0028128
1255 3.26483 0.00389376 0.00278026
1256 3.26483 0.00389408 0.00273547
1257 3.26483 0.00389405 0.00266617
1258 3.26483 0.00389368 0.0025715
1259 3.26483 0.00389297 0.00245579
1260 3.26483 0.00389195 0.00232201
1261 3.26483 0.00389063 0.00235554
1262 3.26482 0.00388904 0.002428
1263 3.26482 0.00388721 0.00248855
1264 3.26482 0.00388518 0.00252731
1265 3.26482 0.00388299 0.00254739
1266 3.26482 0.00388067 0.00254558
1267 3.26481 0.00387827 0.00252579
1268 3.26481 0.00387583 0.0024975
1269 3.26481 0.0038734 0.00247002
1270 3.26481 0.003871 0.00244392
1271 3.2648 0.0038687 0.00247153
1272 3.2648 0.00386651 0.00250197
1273 3.2648 0.00386449 0.00253118
1274 3.2648 0.00386266 0.00255073
1275 3.2648 0.00386105 0.00257833
1276 3.2648 0.00385969 0.00259619
1277 3.26479 0.0038586 0.00260593
1278 3.26479 0.00385779 0.00259851
1279 3.26479 0.00385728 0.00257698
1280 3.26479 0.00385706 0.00253214
1281 3.26479 0.00385715 0.002465
1282 3.26479 0.00385753 0.00237574
1283 3.26479 0.0038582 0.00227462
1284 3.26479 0.00385914 0.00215877
1285 3.2648 0.00386034 0.0021258
1286 3.2648 0.00386177 0.00218965
1287 3.2648 0.0038634 0.00223804
1288 3.2648 0.0038652 0.00226479
1289 3.2648 0.00386714 0.00227587
1290 3.2648 0.00386919 0.00226717
1291 3.26481 0.00387131 0.00224711
1292 3.26481 0.00387346 0.00221102
1293 3.26481 0.0038756 0.00216576
1294 3.26481 0.0038777 0.00211088
1295 3.26482 0.00387972 0.00206261
1296 3.26482 0.00388163 0.00204741
1297 3.26482 0.00388339 0.00208057
1298 3.26482 0.00388497 0.00210555
1299 3.26482 0.00388636 0.00213418
1300 3.26482 0.00388752 0.00215455
1301 3.26482 0.00388844 0.00215684
1302 3.26482 0.00388911 0.00213823
1303 3.26482 0.00388952 0.00211142
1304 3.26483 0.00388966 0.00206994
1305 3.26482 0.00388954 0.00201008
1306 3.26482 0.00388915 0.00193079
1307 3.26482 0.00388852 0.00183763
1308 3.26482 0.00388765 0.00175807
1309 3.26482 0.00388656 0.00182277
1310 3.26482 0.00388528 0.00187219
1311 3.26482 0.00388383 0.00191423
1312 3.26482 0.00388223 0.00193738
1313 3.26482 0.00388052 0.00194607
1314 3.26481 0.00387872 0.00193822
1315 3.26481 0.00387688 0.00191916
1316 3.26481 0.00387501 0.0018992
1317 3.26481 0.00387317 0.00187678
1318 3.26481 0.00387136 0.00187501
1319 3.26481 0.00386964 0.00189567
1320 3.2648 0.00386801 0.00191968
1321 3.2648 0.00386652 0.00194073
1322 3.2648 0.00386519 0.00195538
1323 3.2648 0.00386404 0.001975
1324 3.2648 0.00386308 0.00198728
1325 3.2648 0.00386233 0.001988
1326 3.2648 0.0038618 0.00197937
1327 3.2648 0.00386149 0.00195705
1328 3.2648 0.00386142 0.00191547
1329 3.2648 0.00386157 0.00185818
1330 3.2648 0.00386195 0.00178488
1331 3.2648 0.00386255 0.00170489
1332 3.2648 0.00386334 0.00161145
1333 3.2648 0.00386433 0.00164448
1334 3.2648 0.00386548 0.00168818
1335 3.2648 0.00386678 0.00171864
1336 3.2648 0.0038682 0.00173474
1337 3.26481 0.00386971 0.00173652
1338 3.26481 0.0038713 0.00172548
1339 3.26481 0.00387292 0.0017067
1340 3.26481 0.00387456 0.00167548
1341 3.26481 0.00387619 0.00163862
1342 3.26481 0.00387777 0.00159715
1343 3.26481 0.00387927 0.00156357
1344 3.26482 0.00388069 0.00157188
1345 3.26482 0.00388198 0.00159693
1346 3.26482 0.00388313 0.00161728
1347 3.26482 0.00388412 0.00163738
1348 3.26482 0.00388494 0.00164705
1349 3.26482 0.00388557 0.00164311
1350 3.26482 0.003886 0.00162553
1351 3.26482 0.00388623 0.00160177
1352 3.26482 0.00388626 0.00156442
1353 3.26482 0.00388609 0.00151271
1354 3.26482 0.00388572 0.00144785
1355 3.26482 0.00388517 0.00137268
1356 3.26482 0.00388444 0.00136243
1357 3.26482 0.00388355 0.00140785
1358 3.26482 0.00388252 0.00144385
1359 3.26482 0.00388137 0.00146968
1360 3.26482 0.00388012 0.0014837
1361 3.26481 0.00387879 0.00148534
1362 3.26481 0.0038774 0.0014756
1363 3.26481 0.00387598 0.00145991
1364 3.26481 0.00387456 0.00144444
1365 3.26481 0.00387317 0.00142699
1366 3.26481 0.00387181 0.00143826
1367 3.26481 0.00387052 0.00145462
1368 3.2648 0.00386932 0.00147225
1369 3.2648 0.00386823 0.00148624
1370 3.2648 0.00386726 0.00150032
1371 3.2648 0.00386644 0.00151224
1372 3.2648 0.00386577 0.00151967
1373 3.2648 0.00386526 0.00151658
1374 3.2648 0.00386492 0.0015065
1375 3.2648 0.00386476 0.0014839
1376 3.2648 0.00386477 0.00144752
1377 3.2648 0.00386496 0.00139851
1378 3.2648 0.00386531 0.00134058
1379 3.2648 0.00386583 0.00127555
1380 3.2648 0.00386649 0.00122994
1381 3.2648 0.00386729 0.00126986
1382 3.2648 0.00386822 0.00129988
1383 3.2648 0.00386925 0.0013177
1384 3.26481 0.00387036 0.00132682
1385 3.26481 0.00387154 0.00132378
1386 3.26481 0.00387276 0.00131324
1387 3.26481 0.00387401 0.00129459
1388 3.26481 0.00387526 0.0012693
1389 3.26481 0.00387648 0.00123774
1390 3.26481 0.00387767 0.00120886
1391 3.26481 0.00387879 0.00119104
1392 3.26482 0.00387983 0.00120873
1393 3.26482 0.00388078 0.00122488
1394 3.26482 0.00388161 0.0012406
1395 3.26482 0.00388231 0.00125445
1396 3.26482 0.00388288 0.00125787
1397 3.26482 0.0038833 0.00124953
1398 3.26482 0.00388357 0.00123486
1399 3.26482 0.00388369 0.00121315
1400 3.26482 0.00388365 0.00118071
1401 3.26482 0.00388346 0.00113691
1402 3.26482 0.00388313 0.0010842
1403 3.26482 0.00388265 0.00102605
1404 3.26482 0.00388205 0.0010553
1405 3.26482 0.00388133 0.00108562
1406 3.26482 0.00388051 0.00111175
1407 3.26481 0.0038796 0.00112729
1408 3.26481 0.00387862 0.00113435
1409 3.26481 0.00387758 0.00113195
1410 3.26481 0.00387652 0.00112208
1411 3.26481 0.00387543 0.00110981
1412 3.26481 0.00387436 0.00109703
1413 3.26481 0.0038733 0.00109055
1414 3.26481 0.00387228 0.00110309
1415 3.26481 0.00387132 0.00111687
1416 3.26481 0.00387044 0.00112957
1417 3.26481 0.00386964 0.00113757
1418 3.2648 0.00386895 0.00115018
1419 3.2648 0.00386836 0.00115772
1420 3.2648 0.0038679 0.00116032
1421 3.2648 0.00386756 0.00115616
1422 3.2648 0.00386735 0.0011451
1423 3.2648 0.00386728 0.00112335
1424 3.2648 0.00386734 0.00109212
1425 3.2648 0.00386754 0.001051
1426 3.2648 0.00386786 0.00100551
1427 3.2648 0.00386829 0.000952788
1428 3.2648 0.00386884 0.000952247
1429 3.2648 0.00386949 0.000979206
1430 3.26481 0.00387023 0.000999189
1431 3.26481 0.00387104 0.00100983
1432 3.26481 0.00387191 0.00101308
1433 3.26481 0.00387283 0.00100815
1434 3.26481 0.00387377 0.000998378
1435 3.26481 0.00387472 0.000981527
1436 3.26481 0.00387567 0.000960961
1437 3.26481 0.00387659 0.000936358
1438 3.26481 0.00387748 0.000915382
1439 3.26481 0.00387831 0.000913013
1440 3.26481 0.00387908 0.000928273
1441 3.26482 0.00387976 0.000939793
1442 3.26482 0.00388036 0.000952008
1443 3.26482 0.00388086 0.00095958
1444 3.26482 0.00388125 0.000959185
1445 3.26482 0.00388152 0.000950113
1446 3.26482 0.00388169 0.000937277
1447 3.26482 0.00388173 0.000917455
1448 3.26482 0.00388166 0.00088943
1449 3.26482 0.00388147 0.000853038
1450 3.26482 0.00388117 0.000810803
1451 3.26482 0.00388077 0.00078773
1452 3.26482 0.00388028 0.000815905
1453 3.26482 0.0038797 0.000837323
1454 3.26481 0.00387904 0.000854461
1455 3.26481 0.00387833 0.000863735
1456 3.26481 0.00387756 0.0008663
1457 3.26481 0.00387676 0.000861653
1458 3.26481 0.00387594 0.000852932
1459 3.26481 0.00387512 0.000844365
1460 3.26481 0.0038743 0.000834188
1461 3.26481 0.0038735 0.000837004
1462 3.26481 0.00387274 0.000846158
1463 3.26481 0.00387203 0.000856592
1464 3.26481 0.00387138 0.000865704
1465 3.26481 0.0038708 0.000872713
1466 3.26481 0.0038703 0.000880686
1467 3.26481 0.00386989 0.000885892
1468 3.2648 0.00386958 0.000884668
1469 3.2648 0.00386936 0.000880297
1470 3.2648 0.00386924 0.000869073
1471 3.2648 0.00386923 0.000849462
1472 3.2648 0.00386931 0.000822709
1473 3.2648 0.0038695 0.000789628
1474 3.26481 0.00386978 0.000753143
1475 3.26481 0.00387015 0.000713165
1476 3.26481 0.00387059 0.000736068
1477 3.26481 0.00387112 0.000754585
1478 3.26481 0.0038717 0.000766731
1479 3.26481 0.00387234 0.000773094
1480 3.26481 0.00387302 0.00077276
1481 3.26481 0.00387372 0.000767118
1482 3.26481 0.00387445 0.000757901
1483 3.26481 0.00387517 0.000743585
1484 3.26481 0.00387589 0.000726544
1485 3.26481 0.00387658 0.000708734
1486 3.26481 0.00387724 0.00069505
1487 3.26481 0.00387786 0.000701805
1488 3.26481 0.00387842 0.000712283
1489 3.26481 0.00387892 0.000721432
1490 3.26481 0.00387935 0.000730002
1491 3.26482 0.00387969 0.00073316
1492 3.26482 0.00387996 0.000730152
1493 3.26482 0.00388014 0.00072194
1494 3.26482 0.00388022 0.000710571
1495 3.26482 0.00388022 0.000693032
1496 3.26482 0.00388013 0.000668956
1497 3.26482 0.00387996 0.000639387
1498 3.26482 0.0038797 0.000605145
1499 3.26481 0.00387937 0.000610597
1500 3.26481 0.00387896 0.000629661
1501 3.26481 0.0038785 0.000645315
1502 3.26481 0.00387798 0.000655604
1503 3.26481 0.00387742 0.000660985
1504 3.26481 0.00387682 0.00066074
1505 3.26481 0.00387621 0.000655836
1506 3.26481 0.00387558 0.000648711
1507 3.26481 0.00387495 0.000641789
1508 3.26481 0.00387433 0.000634883
1509 3.26481 0.00387373 0.000641702
1510 3.26481 0.00387317 0.000649571
1511 3.26481 0.00387264 0.000657237
1512 3.26481 0.00387217 0.00066259
1513 3.26481 0.00387175 0.000669478
1514 3.26481 0.00387139 0.000674352
1515 3.26481 0.00387111 0.00067703
1516 3.26481 0.0038709 0.000675007
1517 3.26481 0.00387076 0.000669673
1518 3.26481 0.0038707 0.000658499
1519 3.26481 0.00387072 0.000641501
1520 3.26481 0.00387081 0.000618815
1521 3.26481 0.00387098 0.000592699
1522 3.26481 0.00387122 0.000563102
1523 3.26481 0.00387153 0.000551183
1524 3.26481 0.0038719 0.00056792
1525 3.26481 0.00387231 0.000580592
1526 3.26481 0.00387278 0.000587697
1527 3.26481 0.00387328 0.000590861
1528 3.26481 0.0038738 0.000588806
1529 3.26481 0.00387435 0.000583767
1530 3.26481 0.0038749 0.000574821
1531 3.26481 0.00387545 0.000563218
1532 3.26481 0.00387599 0.000549009
1533 3.26481 0.00387651 0.000536405
1534 3.26481 0.003877 0.00053107
1535 3.26481 0.00387746 0.000539449
1536 3.26481 0.00387787 0.000546018
1537 3.26481 0.00387823 0.000553365
1538 3.26481 0.00387853 0.000558856
1539 3.26481 0.00387877 0.000559601
1540 3.26481 0.00387895 0.000555051
1541 3.26481 0.00387905 0.000548254
1542 3.26481 0.00387909 0.000537793
1543 3.26481 0.00387907 0.000522642
1544 3.26481 0.00387897 0.000502434
1545 3.26481 0.00387882 0.000478512
1546 3.26481 0.0038786 0.000456858
1547 3.26481 0.00387832 0.00047256
1548 3.26481 0.00387799 0.000485455
1549 3.26481 0.00387762 0.000496477
1550 3.26481 0.00387721 0.000502635
1551 3.26481 0.00387678 0.000504959
1552 3.26481 0.00387631 0.000503181
1553 3.26481 0.00387584 0.00049845
1554 3.26481 0.00387536 0.000493325
1555 3.26481 0.00387488 0.000487688
1556 3.26481 0.00387442 0.00048692
1557 3.26481 0.00387397 0.000492293
1558 3.26481 0.00387355 0.000498487
1559 3.26481 0.00387316 0.000503998
1560 3.26481 0.00387282 0.000507636
1561 3.26481 0.00387252 0.000512903
1562 3.26481 0.00387226 0.000516255
1563 3.26481 0.00387207 0.00051658
1564 3.26481 0.00387193 0.00051426
1565 3.26481 0.00387185 0.000508697
1566 3.26481 0.00387183 0.000498249
1567 3.26481 0.00387186 0.000483716
1568 3.26481 0.00387196 0.000464845
1569 3.26481 0.00387211 0.000444368
1570 3.26481 0.00387231 0.000420438
1571 3.26481 0.00387256 0.000426435
1572 3.26481 0.00387286 0.00043784
1573 3.26481 0.00387319 0.000445944
1574 3.26481 0.00387356 0.000450208
1575 3.26481 0.00387394 0.000450866
1576 3.26481 0.00387435 0.000448256
1577 3.26481 0.00387477 0.000443563
1578 3.26481 0.00387519 0.000435671
1579 3.26481 0.00387561 0.000426226
1580 3.26481 0.00387602 0.000415411
1581 3.26481 0.00387641 0.000406344
1582 3.26481 0.00387677 0.000407508
1583 3.26481 0.0038771 0.000414068
1584 3.26481 0.0038774 0.000419313
1585 3.26481 0.00387766 0.00042458
1586 3.26481 0.00387787 0.000427223
1587 3.26481 0.00387804 0.00042641
1588 3.26481 0.00387815 0.000422023
1589 3.26481 0.00387821 0.000415956
1590 3.26481 0.00387823 0.000406515
1591 3.26481 0.00387818 0.000393402
1592 3.26481 0.00387809 0.000376807
1593 3.26481 0.00387795 0.000357583
1594 3.26481 0.00387777 0.000353147
1595 3.26481 0.00387754 0.000365064
1596 3.26481 0.00387728 0.000374372
1597 3.26481 0.00387699 0.000381254
1598 3.26481 0.00387667 0.000384954
1599 3.26481 0.00387632 0.00038549
1600 3.26481 0.00387597 0.000383091
1601 3.26481 0.0038756 0.000379155
1602 3.26481 0.00387524 0.000375277
1603 3.26481 0.00387488 0.000370869
1604 3.26481 0.00387453 0.000373553
1605 3.26481 0.00387419 0.000377741
1606 3.26481 0.00387388 0.000382228
1607 3.26481 0.0038736 0.000386049
1608 3.26481 0.00387335 0.000389538
1609 3.26481 0.00387313 0.000392735
1610 3.26481 0.00387296 0.000394827
1611 3.26481 0.00387282 0.000393974
1612 3.26481 0.00387273 0.000391422
1613 3.26481 0.00387269 0.000385819
1614 3.26481 0.00387269 0.000376612
1615 3.26481 0.00387274 0.000364169
1616 3.26481 0.00387283 0.000349238
1617 3.26481 0.00387296 0.0003326
1618 3.26481 0.00387313 0.000318918
1619 3.26481 0.00387333 0.00032935
1620 3.26481 0.00387357 0.00033719
1621 3.26481 0.00387383 0.00034197
1622 3.26481 0.00387412 0.000344428
1623 3.26481 0.00387442 0.000343796
1624 3.26481 0.00387474 0.000341137
1625 3.26481 0.00387506 0.00033652
1626 3.26481 0.00387538 0.000330034
1627 3.26481 0.00387569 0.000322033
1628 3.26481 0.003876 0.000314454
1629 3.26481 0.00387629 0.000309194
1630 3.26481 0.00387656 0.000313357
1631 3.26481 0.0038768 0.000317634
1632 3.26481 0.00387702 0.000321687
1633 3.26481 0.0038772 0.000325333
1634 3.26481 0.00387735 0.000326298
1635 3.26481 0.00387746 0.000324336
1636 3.26481 0.00387753 0.000320588
1637 3.26481 0.00387756 0.000315114
1638 3.26481 0.00387756 0.000306898
1639 3.26481 0.00387751 0.00029574
1640 3.26481 0.00387743 0.000282258
1641 3.26481 0.00387731 0.000266704
1642 3.26481 0.00387715 0.000273547
1643 3.26481 0.00387697 0.000281517
1644 3.26481 0.00387676 0.000288305
1645 3.26481 0.00387653 0.000292437
1646 3.26481 0.00387628 0.000294357
1647 3.26481 0.00387601 0.000293836
1648 3.26481 0.00387574 0.000291382
1649 3.26481 0.00387546 0.000288248
1650 3.26481 0.00387518 0.000285093
1651 3.26481 0.00387491 0.00028323
1652 3.26481 0.00387464 0.00028644
1653 3.26481 0.0038744 0.000289992
1654 3.26481 0.00387417 0.000293322
1655 3.26481 0.00387396 0.000295449
1656 3.26481 0.00387378 0.000298654
1657 3.26481 0.00387363 0.000300704
1658 3.26481 0.0038735 0.00030152
1659 3.26481 0.00387342 0.000300406
1660 3.26481 0.00387336 0.000297599
1661 3.26481 0.00387334 0.000292158
1662 3.26481 0.00387336 0.000284232
1663 3.26481 0.0038734 0.000273768
1664 3.26481 0.00387348 0.000262003
1665 3.26481 0.0038736 0.000248539
1666 3.26481 0.00387374 0.000246932
1667 3.26481 0.0038739 0.000253964
1668 3.26481 0.00387409 0.000259245
1669 3.26481 0.0038743 0.000262078
1670 3.26481 0.00387452 0.000263049
1671 3.26481 0.00387476 0.000261898
1672 3.26481 0.003875 0.000259448
1673 3.26481 0.00387524 0.00025518
1674 3.26481 0.00387549 0.000249898
1675 3.26481 0.00387573 0.000243537
1676 3.26481 0.00387596 0.000238064
1677 3.26481 0.00387617 0.000236827
1678 3.26481 0.00387637 0.000240685
1679 3.26481 0.00387655 0.000243631
1680 3.26481 0.0038767 0.000246849
1681 3.26481 0.00387683 0.000248896
1682 3.26481 0.00387693 0.000248876
1683 3.26481 0.00387701 0.000246639
1684 3.26481 0.00387705 0.000243351
1685 3.26481 0.00387706 0.000238361
1686 3.26481 0.00387705 0.000231264
1687 3.26481 0.003877 0.000221972
1688 3.26481 0.00387692 0.000211132
1689 3.26481 0.00387682 0.000204177
1690 3.26481 0.0038767 0.00021154
1691 3.26481 0.00387655 0.000217096
1692 3.26481 0.00387638 0.000221624
1693 3.26481 0.0038762 0.000224081
1694 3.26481 0.003876 0.000224801
1695 3.26481 0.0038758 0.000223669
1696 3.26481 0.00387559 0.000221478
1697 3.26481 0.00387537 0.000219327
1698 3.26481 0.00387516 0.000216775
1699 3.26481 0.00387496 0.000217367
1700 3.26481 0.00387476 0.000219732
1701 3.26481 0.00387458 0.000222438
1702 3.26481 0.00387441 0.000224829
1703 3.26481 0.00387426 0.000226571
1704 3.26481 0.00387413 0.000228709
1705 3.26481 0.00387402 0.00023013
1706 3.26481 0.00387394 0.00022993
1707 3.26481 0.00387388 0.000228731
1708 3.26481 0.00387385 0.000225927
1709 3.26481 0.00387384 0.000220967
1710 3.26481 0.00387386 0.000214191
1711 3.26481 0.00387391 0.000205663
1712 3.26481 0.00387398 0.000196329
1713 3.26481 0.00387407 0.00018553
1714 3.26481 0.00387419 0.000190902
1715 3.26481 0.00387432 0.000195736
1716 3.26481 0.00387447 0.000198971
1717 3.26481 0.00387464 0.00020067
1718 3.26481 0.00387481 0.000200688
1719 3.26481 0.00387499 0.000199294
1720 3.26481 0.00387518 0.000197004
1721 3.26481 0.00387537 0.000193329
1722 3.26481 0.00387555 0.000188994
1723 3.26481 0.00387573 0.000184323
1724 3.26481 0.0038759 0.000180607
1725 3.26481 0.00387606 0.000181916
1726 3.26481 0.0038762 0.000184694
1727 3.26481 0.00387633 0.000187044
1728 3.26481 0.00387644 0.000189296
1729 3.26481 0.00387653 0.000190175
1730 3.26481 0.0038766 0.000189497
1731 3.26481 0.00387665 0.000187436
1732 3.26481 0.00387667 0.000184534
1733 3.26481 0.00387668 0.000180094
1734 3.26481 0.00387665 0.000173972
1735 3.26481 0.00387661 0.000166409
1736 3.26481 0.00387655 0.000157644
1737 3.26481 0.00387646 0.000158265
1738 3.26481 0.00387636 0.000163273
1739 3.26481 0.00387624 0.000167324
1740 3.26481 0.00387611 0.000170051
1741 3.26481 0.00387596 0.00017151
1742 3.26481 0.00387581 0.000171491
1743 3.26481 0.00387565 0.000170277
1744 3.26481 0.00387549 0.000168491
1745 3.26481 0.00387533 0.000166744
1746 3.26481 0.00387517 0.000164954
1747 3.26481 0.00387501 0.000166673
1748 3.26481 0.00387487 0.000168645
1749 3.26481 0.00387473 0.000170645
1750 3.26481 0.00387461 0.00017211
1751 3.26481 0.0038745 0.000173817
1752 3.26481 0.00387441 0.000175141
1753 3.26481 0.00387433 0.00017591
1754 3.26481 0.00387428 0.000175392
1755 3.26481 0.00387424 0.000174039
1756 3.26481 0.00387422 0.000171238
1757 3.26481 0.00387423 0.000166928
1758 3.26481 0.00387425 0.000161162
1759 3.26481 0.00387429 0.000154431
1760 3.26481 0.00387435 0.000146853
1761 3.26481 0.00387443 0.000142941
1762 3.26481 0.00387453 0.00014732
1763 3.26481 0.00387463 0.000150632
1764 3.26481 0.00387475 0.000152521
1765 3.26481 0.00387488 0.000153411
1766 3.26481 0.00387502 0.000152957
1767 3.26481 0.00387516 0.000151677
1768 3.26481 0.0038753 0.000149425
1769 3.26481 0.00387544 0.000146457
1770 3.26481 0.00387558 0.000142765
1771 3.26481 0.00387571 0.000139484
1772 3.26481 0.00387584 0.000137741
1773 3.26481 0.00387596 0.000139861
1774 3.26481 0.00387606 0.000141604
1775 3.26481 0.00387616 0.000143469
1776 3.26481 0.00387624 0.000144946
1777 3.26481 0.0038763 0.000145174
1778 3.26481 0.00387635 0.000144064
1779 3.26481 0.00387637 0.000142342
1780 3.26481 0.00387639 0.000139701
1781 3.26481 0.00387638 0.000135861
1782 3.26481 0.00387636 0.000130708
1783 3.26481 0.00387632 0.000124566
1784 3.26481 0.00387626 0.000118695
1785 3.26481 0.00387619 0.000122508
1786 3.26481 0.00387611 0.000125868
1787 3.26481 0.00387601 0.000128756
1788 3.26481 0.00387591 0.000130398
1789 3.26481 0.0038758 0.000131043
1790 3.26481 0.00387568 0.000130626
1791 3.26481 0.00387555 0.000129448
1792 3.26481 0.00387543 0.000128134
1793 3.26481 0.00387531 0.00012672
1794 3.26481 0.00387519 0.000126451
1795 3.26481 0.00387507 0.00012786
1796 3.26481 0.00387496 0.00012944
1797 3.26481 0.00387486 0.000130876
1798 3.26481 0.00387477 0.000131781
1799 3.26481 0.0038747 0.00013319
1800 3.26481 0.00387463 0.0001341
1801 3.26481 0.00387458 0.000134249
1802 3.26481 0.00387454 0.000133653
1803 3.26481 0.00387452 0.000132236
1804 3.26481 0.00387451 0.000129599
1805 3.26481 0.00387452 0.000125911
1806 3.26481 0.00387455 0.000121092
1807 3.26481 0.00387458 0.000115811
1808 3.26481 0.00387464 0.000109683
1809 3.26481 0.0038747 0.000110597
1810 3.26481 0.00387478 0.000113576
1811 3.26481 0.00387486 0.000115723
1812 3.26481 0.00387495 0.000116853
1813 3.26481 0.00387505 0.000117097
1814 3.26481 0.00387516 0.000116477
1815 3.26481 0.00387527 0.000115278
1816 3.26481 0.00387538 0.000113272
1817 3.26481 0.00387548 0.000110852
1818 3.26481 0.00387559 0.000108037
1819 3.26481 0.00387569 0.000105651
1820 3.26481 0.00387578 0.000105659
1821 3.26481 0.00387587 0.00010736
1822 3.26481 0.00387595 0.000108709
1823 3.26481 0.00387601 0.000110093
1824 3.26481 0.00387607 0.000110814
1825 3.26481 0.00387611 0.000110649
1826 3.26481 0.00387614 0.000109563
1827 3.26481 0.00387616 0.000108004
1828 3.26481 0.00387616 0.000105617
1829 3.26481 0.00387615 0.000102301
1830 3.26481 0.00387613 9.80509e-05
1831 3.26481 0.00387609 9.3126e-05
1832 3.26481 0.00387605 9.15342e-05
1833 3.26481 0.00387599 9.46559e-05
1834 3.26481 0.00387592 9.70686e-05
1835 3.26481 0.00387585 9.8894e-05
1836 3.26481 0.00387577 9.98768e-05
1837 3.26481 0.00387568 0.000100044
1838 3.26481 0.00387559 9.94461e-05
1839 3.26481 0.00387549 9.84624e-05
1840 3.26481 0.0038754 9.74878e-05
1841 3.26481 0.00387531 9.63807e-05
1842 3.26481 0.00387521 9.70177e-05
1843 3.26481 0.00387513 9.80903e-05
1844 3.26481 0.00387505 9.92531e-05
1845 3.26481 0.00387497 0.000100268
1846 3.26481 0.00387491 0.000101135
1847 3.26481 0.00387485 0.000101992
1848 3.26481 0.00387481 0.000102574
1849 3.26481 0.00387477 0.000102357
1850 3.26481 0.00387475 0.000101731
1851 3.26481 0.00387474 0.000100321
1852 3.26481 0.00387474 9.79843e-05
1853 3.26481 0.00387475 9.48255e-05
1854 3.26481 0.00387477 9.09769e-05
1855 3.26481 0.0038748 8.67221e-05
1856 3.26481 0.00387485 8.27088e-05
1857 3.26481 0.0038749 8.54334e-05
1858 3.26481 0.00387496 8.748e-05
1859 3.26481 0.00387503 8.87591e-05
1860 3.26481 0.0038751 8.94255e-05
1861 3.26481 0.00387518 8.93138e-05
1862 3.26481 0.00387526 8.86234e-05
1863 3.26481 0.00387534 8.74737e-05
1864 3.26481 0.00387542 8.58063e-05
1865 3.26481 0.00387551 8.37807e-05
1866 3.26481 0.00387559 8.17915e-05
1867 3.26481 0.00387566 8.0281e-05
1868 3.26481 0.00387573 8.12349e-05
1869 3.26481 0.00387579 8.23679e-05
1870 3.26481 0.00387585 8.34115e-05
1871 3.26481 0.0038759 8.43709e-05
1872 3.26481 0.00387594 8.46397e-05
1873 3.26481 0.00387596 8.41856e-05
1874 3.26481 0.00387598 8.32329e-05
1875 3.26481 0.00387599 8.1842e-05
1876 3.26481 0.00387599 7.97609e-05
1877 3.26481 0.00387598 7.69192e-05
1878 3.26481 0.00387596 7.34707e-05
1879 3.26481 0.00387593 6.94863e-05
1880 3.26481 0.00387589 7.09062e-05
1881 3.26481 0.00387584 7.30019e-05
1882 3.26481 0.00387579 7.47608e-05
1883 3.26481 0.00387573 7.58578e-05
1884 3.26481 0.00387566 7.63869e-05
1885 3.26481 0.0038756 7.62688e-05
1886 3.26481 0.00387553 7.56599e-05
1887 3.26481 0.00387545 7.48616e-05
1888 3.26481 0.00387538 7.40838e-05
1889 3.26481 0.00387531 7.35597e-05
1890 3.26481 0.00387524 7.43883e-05
1891 3.26481 0.00387518 7.52965e-05
1892 3.26481 0.00387512 7.61657e-05
1893 3.26481 0.00387507 7.67304e-05
1894 3.26481 0.00387502 7.75467e-05
1895 3.26481 0.00387498 7.81025e-05
1896 3.26481 0.00387495 7.83503e-05
1897 3.26481 0.00387493 7.80641e-05
1898 3.26481 0.00387491 7.73622e-05
1899 3.26481 0.0038749 7.59876e-05
1900 3.26481 0.00387491 7.39737e-05
1901 3.26481 0.00387492 7.13105e-05
1902 3.26481 0.00387494 6.82745e-05
1903 3.26481 0.00387497 6.48309e-05
1904 3.26481 0.003875 6.40468e-05
1905 3.26481 0.00387505 6.58848e-05
1906 3.26481 0.0038751 6.72722e-05
1907 3.26481 0.00387515 6.80267e-05
1908 3.26481 0.00387521 6.83213e-05
1909 3.26481 0.00387527 6.80477e-05
1910 3.26481 0.00387533 6.74198e-05
1911 3.26481 0.00387539 6.63422e-05
1912 3.26481 0.00387545 6.49827e-05
1913 3.26481 0.00387552 6.33395e-05
1914 3.26481 0.00387558 6.19099e-05
1915 3.26481 0.00387563 6.14319e-05
1916 3.26481 0.00387568 6.24054e-05
1917 3.26481 0.00387573 6.31578e-05
1918 3.26481 0.00387577 6.40073e-05
1919 3.26481 0.0038758 6.45593e-05
1920 3.26481 0.00387583 6.45726e-05
1921 3.26481 0.00387585 6.40221e-05
1922 3.26481 0.00387586 6.31876e-05
1923 3.26481 0.00387586 6.19229e-05
1924 3.26481 0.00387586 6.01258e-05
1925 3.26481 0.00387585 5.77529e-05
1926 3.26481 0.00387583 5.49703e-05
1927 3.26481 0.0038758 5.29317e-05
1928 3.26481 0.00387577 5.48447e-05
1929 3.26481 0.00387573 5.62882e-05
1930 3.26481 0.00387569 5.74807e-05
1931 3.26481 0.00387564 5.81323e-05
1932 3.26481 0.00387559 5.83404e-05
1933 3.26481 0.00387554 5.80641e-05
1934 3.26481 0.00387549 5.75094e-05
1935 3.26481 0.00387543 5.69671e-05
1936 3.26481 0.00387538 5.63337e-05
1937 3.26481 0.00387532 5.64493e-05
1938 3.26481 0.00387527 5.70607e-05
1939 3.26481 0.00387523 5.77644e-05
1940 3.26481 0.00387518 5.83885e-05
1941 3.26481 0.00387514 5.88269e-05
1942 3.26481 0.00387511 5.93946e-05
1943 3.26481 0.00387508 5.97846e-05
1944 3.26481 0.00387506 5.97594e-05
1945 3.26481 0.00387504 5.94483e-05
1946 3.26481 0.00387504 5.87448e-05
1947 3.26481 0.00387503 5.74821e-05
1948 3.26481 0.00387504 5.57652e-05
1949 3.26481 0.00387505 5.35671e-05
1950 3.26481 0.00387507 5.11801e-05
1951 3.26481 0.00387509 4.84128e-05
1952 3.26481 0.00387512 4.95203e-05
1953 3.26481 0.00387516 5.0782e-05
1954 3.26481 0.00387519 5.16425e-05
1955 3.26481 0.00387524 5.20997e-05
1956 3.26481 0.00387528 5.21307e-05
1957 3.26481 0.00387533 5.17901e-05
1958 3.26481 0.00387538 5.12071e-05
1959 3.26481 0.00387542 5.02722e-05
1960 3.26481 0.00387547 4.91611e-05
1961 3.26481 0.00387552 4.79401e-05
1962 3.26481 0.00387556 4.69291e-05
1963 3.26481 0.0038756 4.71587e-05
1964 3.26481 0.00387564 4.78937e-05
1965 3.26481 0.00387567 4.84943e-05
1966 3.26481 0.0038757 4.90878e-05
1967 3.26481 0.00387573 4.93295e-05
1968 3.26481 0.00387574 4.91796e-05
1969 3.26481 0.00387576 4.86637e-05
1970 3.26481 0.00387576 4.79214e-05
1971 3.26481 0.00387576 4.67974e-05
1972 3.26481 0.00387576 4.52415e-05
1973 3.26481 0.00387575 4.33082e-05
1974 3.26481 0.00387573 4.10636e-05
1975 3.26481 0.00387571 4.1023e-05
1976 3.26481 0.00387568 4.23381e-05
1977 3.26481 0.00387565 4.33861e-05
1978 3.26481 0.00387562 4.41131e-05
1979 3.26481 0.00387558 4.45021e-05
1980 3.26481 0.00387554 4.45126e-05
1981 3.26481 0.0038755 4.42072e-05
1982 3.26481 0.00387546 4.37609e-05
1983 3.26481 0.00387542 4.33212e-05
1984 3.26481 0.00387538 4.28604e-05
1985 3.26481 0.00387534 4.32941e-05
1986 3.26481 0.0038753 4.37893e-05
1987 3.26481 0.00387527 4.43058e-05
1988 3.26481 0.00387523 4.47072e-05
1989 3.26481 0.00387521 4.51316e-05
1990 3.26481 0.00387518 4.54883e-05
1991 3.26481 0.00387516 4.5706e-05
1992 3.26481 0.00387515 4.55734e-05
1993 3.26481 0.00387514 4.52373e-05
1994 3.26481 0.00387513 4.45371e-05
1995 3.26481 0.00387513 4.34393e-05
1996 3.26481 0.00387514 4.19738e-05
1997 3.26481 0.00387515 4.02388e-05
1998 3.26481 0.00387517 3.82997e-05
1999 3.26481 0.00387519 3.70768e-05
2000 3.26481 0.00387521 3.82219e-05
2001 3.26481 0.00387524 3.90871e-05
2002 3.26481 0.00387527 3.95908e-05
2003 3.26481 0.0038753 3.98427e-05
2004 3.26481 0.00387533 3.97397e-05
2005 3.26481 0.00387537 3.94099e-05
2006 3.26481 0.00387541 3.88441e-05
2007 3.26481 0.00387544 3.8084e-05
2008 3.26481 0.00387548 3.71308e-05
2009 3.26481 0.00387551 3.6286e-05
2010 3.26481 0.00387555 3.57404e-05
2011 3.26481 0.00387558 3.62627e-05
2012 3.26481 0.00387561 3.67244e-05
2013 3.26481 0.00387563 3.71978e-05
2014 3.26481 0.00387565 3.7594e-05
2015 3.26481 0.00387567 3.76627e-05
2016 3.26481 0.00387568 3.7393e-05
2017 3.26481 0.00387569 3.6957e-05
2018 3.26481 0.00387569 3.62893e-05
2019 3.26481 0.00387569 3.53154e-05
2020 3.26481 0.00387568 3.40015e-05
2021 3.26481 0.00387567 3.24295e-05
2022 3.26481 0.00387566 3.08371e-05
2023 3.26481 0.00387564 3.17596e-05
2024 3.26481 0.00387562 3.26416e-05
2025 3.26481 0.00387559 3.33909e-05
2026 3.26481 0.00387557 3.38282e-05
2027 3.26481 0.00387554 3.40103e-05
2028 3.26481 0.00387551 3.39117e-05
2029 3.26481 0.00387548 3.36166e-05
2030 3.26481 0.00387545 3.32821e-05
2031 3.26481 0.00387541 3.29265e-05
2032 3.26481 0.00387538 3.28389e-05
2033 3.26481 0.00387535 3.3209e-05
2034 3.26481 0.00387532 3.36123e-05
2035 3.26481 0.0038753 3.39878e-05
2036 3.26481 0.00387528 3.42157e-05
2037 3.26481 0.00387526 3.45877e-05
2038 3.26481 0.00387524 3.48343e-05
2039 3.26481 0.00387522 3.48891e-05
2040 3.26481 0.00387522 3.47357e-05
2041 3.26481 0.00387521 3.43805e-05
2042 3.26481 0.00387521 3.37149e-05
2043 3.26481 0.00387521 3.27764e-05
2044 3.26481 0.00387522 3.1549e-05
2045 3.26481 0.00387523 3.01854e-05
2046 3.26481 0.00387524 2.86176e-05
2047 3.26481 0.00387525 2.86891e-05
2048 3.26481 0.00387527 2.94671e-05
2049 3.26481 0.0038753 3.00352e-05
2050 3.26481 0.00387532 3.03386e-05
2051 3.26481 0.00387535 3.04186e-05
2052 3.26481 0.00387537 3.02669e-05
2053 3.26481 0.0038754 2.99603e-05
2054 3.26481 0.00387543 2.94506e-05
2055 3.26481 0.00387546 2.88309e-05
2056 3.26481 0.00387548 2.80989e-05
2057 3.26481 0.00387551 2.74731e-05
2058 3.26481 0.00387553 2.7397e-05
2059 3.26481 0.00387556 2.78386e-05
2060 3.26481 0.00387558 2.81842e-05
2061 3.26481 0.00387559 2.85483e-05
2062 3.26481 0.00387561 2.87476e-05
2063 3.26481 0.00387562 2.87128e-05
2064 3.26481 0.00387563 2.84442e-05
2065 3.26481 0.00387563 2.80436e-05
2066 3.26481 0.00387563 2.74426e-05
2067 3.26481 0.00387563 2.66017e-05
2068 3.26481 0.00387562 2.55132e-05
2069 3.26481 0.00387562 2.42515e-05
2070 3.26481 0.0038756 2.37301e-05
2071 3.26481 0.00387559 2.45434e-05
2072 3.26481 0.00387557 2.51692e-05
2073 3.26481 0.00387555 2.56522e-05
2074 3.26481 0.00387553 2.5913e-05
2075 3.26481 0.00387551 2.59675e-05
2076 3.26481 0.00387549 2.58156e-05
2077 3.26481 0.00387546 2.55698e-05
2078 3.26481 0.00387544 2.53257e-05
2079 3.26481 0.00387541 2.50466e-05
2080 3.26481 0.00387539 2.51995e-05
2081 3.26481 0.00387537 2.54722e-05
2082 3.26481 0.00387535 2.57753e-05
2083 3.26481 0.00387533 2.6043e-05
2084 3.26481 0.00387531 2.62586e-05
2085 3.26481 0.0038753 2.64912e-05
2086 3.26481 0.00387528 2.66489e-05
2087 3.26481 0.00387527 2.65956e-05
2088 3.26481 0.00387527 2.64408e-05
2089 3.26481 0.00387527 2.60902e-05
2090 3.26481 0.00387526 2.54963e-05
2091 3.26481 0.00387527 2.46928e-05
2092 3.26481 0.00387527 2.37012e-05
2093 3.26481 0.00387528 2.26133e-05
2094 3.26481 0.00387529 2.14711e-05
2095 3.26481 0.00387531 2.21655e-05
2096 3.26481 0.00387532 2.26997e-05
2097 3.26481 0.00387534 2.30426e-05
2098 3.26481 0.00387536 2.3223e-05
2099 3.26481 0.00387538 2.32037e-05
2100 3.26481 0.0038754 2.30248e-05
2101 3.26481 0.00387542 2.27407e-05
2102 3.26481 0.00387544 2.23119e-05
2103 3.26481 0.00387546 2.1797e-05
2104 3.26481 0.00387548 2.12748e-05
2105 3.26481 0.0038755 2.08595e-05
2106 3.26481 0.00387552 2.10607e-05
2107 3.26481 0.00387554 2.13606e-05
2108 3.26481 0.00387555 2.16289e-05
2109 3.26481 0.00387556 2.18815e-05
2110 3.26481 0.00387557 2.1956e-05
2111 3.26481 0.00387558 2.1852e-05
2112 3.26481 0.00387559 2.16118e-05
2113 3.26481 0.00387559 2.1257e-05
2114 3.26481 0.00387559 2.07295e-05
2115 3.26481 0.00387559 2.00057e-05
2116 3.26481 0.00387558 1.91244e-05
2117 3.26481 0.00387557 1.81029e-05
2118 3.26481 0.00387556 1.83813e-05
2119 3.26481 0.00387555 1.89313e-05
2120 3.26481 0.00387554 1.93866e-05
2121 3.26481 0.00387552 1.96777e-05
2122 3.26481 0.00387551 1.98228e-05
2123 3.26481 0.00387549 1.98e-05
2124 3.26481 0.00387547 1.9646e-05
2125 3.26481 0.00387545 1.94447e-05
2126 3.26481 0.00387543 1.92515e-05
2127 3.26481 0.00387541 1.9106e-05
2128 3.26481 0.0038754 1.93195e-05
2129 3.26481 0.00387538 1.9552e-05
2130 3.26481 0.00387536 1.97782e-05
2131 3.26481 0.00387535 1.99319e-05
2132 3.26481 0.00387534 2.01367e-05
2133 3.26481 0.00387533 2.02869e-05
2134 3.26481 0.00387532 2.03604e-05
2135 3.26481 0.00387531 2.02864e-05
2136 3.26481 0.00387531 2.01115e-05
2137 3.26481 0.00387531 1.97673e-05
2138 3.26481 0.00387531 1.92544e-05
2139 3.26481 0.00387531 1.85759e-05
2140 3.26481 0.00387532 1.77937e-05
2141 3.26481 0.00387532 1.69122e-05
2142 3.26481 0.00387533 1.66157e-05
2143 3.26481 0.00387534 1.70957e-05
2144 3.26481 0.00387536 1.74597e-05
2145 3.26481 0.00387537 1.76623e-05
2146 3.26481 0.00387539 1.77467e-05
2147 3.26481 0.0038754 1.76815e-05
2148 3.26481 0.00387542 1.75205e-05
2149 3.26481 0.00387543 1.72486e-05
2150 3.26481 0.00387545 1.68988e-05
2151 3.26481 0.00387546 1.64742e-05
2152 3.26481 0.00387548 1.61005e-05
2153 3.26481 0.00387549 1.59361e-05
2154 3.26481 0.00387551 1.61819e-05
2155 3.26481 0.00387552 1.6374e-05
2156 3.26481 0.00387553 1.65979e-05
2157 3.26481 0.00387554 1.67466e-05
2158 3.26481 0.00387555 1.67546e-05
2159 3.26481 0.00387555 1.66196e-05
2160 3.26481 0.00387555 1.64082e-05
2161 3.26481 0.00387556 1.60871e-05
2162 3.26481 0.00387555 1.5632e-05
2163 3.26481 0.00387555 1.50262e-05
2164 3.26481 0.00387555 1.43123e-05
2165 3.26481 0.00387554 1.37287e-05
2166 3.26481 0.00387553 1.42199e-05
2167 3.26481 0.00387552 1.45977e-05
2168 3.26481 0.00387551 1.49086e-05
2169 3.26481 0.0038755 1.50817e-05
2170 3.26481 0.00387549 1.51411e-05
2171 3.26481 0.00387547 1.50754e-05
2172 3.26481 0.00387546 1.49343e-05
2173 3.26481 0.00387544 1.47979e-05
2174 3.26481 0.00387543 1.46396e-05
2175 3.26481 0.00387542 1.46621e-05
2176 3.26481 0.0038754 1.48209e-05
2177 3.26481 0.00387539 1.50014e-05
2178 3.26481 0.00387538 1.51643e-05
2179 3.26481 0.00387537 1.52748e-05
2180 3.26481 0.00387536 1.54258e-05
2181 3.26481 0.00387535 1.55321e-05
2182 3.26481 0.00387535 1.55323e-05
2183 3.26481 0.00387534 1.54524e-05
2184 3.26481 0.00387534 1.52756e-05
2185 3.26481 0.00387534 1.49568e-05
2186 3.26481 0.00387534 1.45199e-05
2187 3.26481 0.00387535 1.39557e-05
2188 3.26481 0.00387535 1.33429e-05
2189 3.26481 0.00387536 1.26338e-05
2190 3.26481 0.00387536 1.28479e-05
2191 3.26481 0.00387537 1.31771e-05
2192 3.26481 0.00387538 1.3407e-05
2193 3.26481 0.00387539 1.35289e-05
2194 3.26481 0.0038754 1.35424e-05
2195 3.26481 0.00387542 1.34599e-05
2196 3.26481 0.00387543 1.33109e-05
2197 3.26481 0.00387544 1.30732e-05
2198 3.26481 0.00387545 1.27883e-05
2199 3.26481 0.00387547 1.247e-05
2200 3.26481 0.00387548 1.21988e-05
2201 3.26481 0.00387549 1.2229e-05
2202 3.26481 0.0038755 1.24204e-05
2203 3.26481 0.00387551 1.25738e-05
2204 3.26481 0.00387551 1.27309e-05
2205 3.26481 0.00387552 1.27973e-05
2206 3.26481 0.00387552 1.2764e-05
2207 3.26481 0.00387553 1.2635e-05
2208 3.26481 0.00387553 1.24451e-05
2209 3.26481 0.00387553 1.21605e-05
2210 3.26481 0.00387553 1.17664e-05
2211 3.26481 0.00387553 1.12713e-05
2212 3.26481 0.00387552 1.06961e-05
2213 3.26481 0.00387552 1.06353e-05
2214 3.26481 0.00387551 1.09792e-05
2215 3.26481 0.0038755 1.1251e-05
2216 3.26481 0.00387549 1.1444e-05
2217 3.26481 0.00387548 1.15475e-05
2218 3.26481 0.00387547 1.1555e-05
2219 3.26481 0.00387546 1.14783e-05
2220 3.26481 0.00387545 1.13666e-05
2221 3.26481 0.00387544 1.12563e-05
2222 3.26481 0.00387543 1.11376e-05
2223 3.26481 0.00387542 1.12464e-05
2224 3.26481 0.00387541 1.13722e-05
2225 3.26481 0.0038754 1.1504e-05
2226 3.26481 0.00387539 1.16137e-05
2227 3.26481 0.00387539 1.17197e-05
2228 3.26481 0.00387538 1.18154e-05
2229 3.26481 0.00387537 1.18763e-05
2230 3.26481 0.00387537 1.18423e-05
2231 3.26481 0.00387537 1.17588e-05
2232 3.26481 0.00387537 1.15846e-05
2233 3.26481 0.00387537 1.13061e-05
2234 3.26481 0.00387537 1.09326e-05
2235 3.26481 0.00387537 1.04853e-05
2236 3.26481 0.00387538 9.98946e-06
