0 -4.26 20.7336 -4.26 20.7336 -4.26 -4.26
0.12 -4.25995 20.7337 -4.25995 20.7337 -4.25995 -4.25995
0.24 -4.25982 20.7338 -4.25982 20.7338 -4.25982 -4.25982
0.36 -4.25962 20.734 -4.25962 20.734 -4.25962 -4.25962
0.48 -4.25936 20.7343 -4.25936 20.7343 -4.25936 -4.25936
0.6 -4.25904 20.7346 -4.25904 20.7346 -4.25904 -4.25904
0.72 -4.25866 20.735 -4.25866 20.735 -4.25866 -4.25866
0.84 -4.25825 20.7354 -4.25825 20.7354 -4.25825 -4.25825
0.96 -4.25783 20.7358 -4.25783 20.7358 -4.25783 -4.25783
1.08 -4.25746 20.7362 -4.25746 20.7362 -4.25746 -4.25746
1.2 -4.2572 20.7364 -4.2572 20.7364 -4.2572 -4.2572
1.32 -4.25715 20.7365 -4.25715 20.7365 -4.25715 -4.25715
1.44 -4.25745 20.7362 -4.25745 20.7362 -4.25745 -4.25745
1.56 -4.25825 20.7354 -4.25825 20.7354 -4.25825 -4.25825
1.68 -4.25979 20.7338 -4.25979 20.7338 -4.25979 -4.25979
1.8 -4.26231 20.7313 -4.26231 20.7313 -4.26231 -4.26231
1.92 -4.26612 20.7275 -4.26612 20.7275 -4.26612 -4.26612
2.04 -4.27157 20.722 -4.27157 20.722 -4.27157 -4.27157
2.16 -4.27904 20.7145 -4.27904 20.7145 -4.27904 -4.27904
2.28 -4.28889 20.7045 -4.28889 20.7045 -4.28889 -4.28889
2.4 -4.30145 20.6917 -4.30145 20.6917 -4.30145 -4.30145
2.52 -4.31685 20.6758 -4.31685 20.6758 -4.31685 -4.31685
2.64 -4.33489 20.657 -4.33489 20.657 -4.33489 -4.33489
2.76 -4.35468 20.6359 -4.35468 20.6359 -4.35468 -4.35468
2.88 -4.37425 20.614 -4.37425 20.614 -4.37425 -4.37425
3 -4.38992 20.5944 -4.38992 20.5944 -4.38992 -4.38992
3.12 -4.39577 20.5819 -4.39577 20.5819 -4.39577 -4.39577
3.24 -4.38325 20.5833 -4.38325 20.5833 -4.38325 -4.38325
3.36 -4.34122 20.6072 -4.34122 20.6072 -4.34122 -4.34122
3.48 -4.25689 20.6619 -4.25689 20.6619 -4.25689 -4.25689
3.6 -4.11775 20.7533 -4.11775 20.7533 -4.11775 -4.11775
3.72 -3.91443 20.8803 -3.91443 20.8803 -3.91443 -3.91443
3.84 -3.64427 21.0286 -3.64427 21.0286 -3.64427 -3.64427
3.96 -3.31553 21.162 -3.31553 21.162 -3.31553 -3.31553
4.08 -2.95366 21.2052 -2.95366 21.2052 -2.95366 -2.95366
4.2 -2.6146 21.0071 -2.6146 21.0071 -2.6146 -2.6146
4.32 -2.41451 20.255 -2.41451 20.255 -2.41451 -2.41451
4.44 -2.57268 18.3065 -2.57268 18.3065 -2.57268 -2.57268
4.56 -3.32086 14.0678 -3.32086 14.0678 -3.32086 -3.32086
4.68 -4.0603 6.82894 -4.0603 6.82894 -4.0603 -4.0603
4.8 -1.92198 -0.951791 -1.92198 -0.951791 -1.92198 -1.9379
4.92 4.77799 -4.55696 4.77799 -4.55696 4.77799 4.77799
5.04 12.1131 -4.49157 12.1131 -4.49157 12.1131 12.1131
5.16 16.7251 -3.88019 16.7251 -3.88019 16.7251 16.7251
5.28 18.8843 -3.75036 18.8843 -3.75036 18.8843 18.8843
5.4 19.7261 -3.94487 19.7261 -3.94487 19.7261 19.7261
5.52 20 -4.21152 20 -4.21152 20 20
5.64 20.0877 -4.39665 20.0877 -4.39665 20.0877 20.0877
5.76 20.1676 -4.42411 20.1676 -4.42411 20.1676 20.1676
5.88 20.3014 -4.2726 20.3014 -4.2726 20.3014 20.3014
6 20.4683 -3.96437 20.4683 -3.96437 20.4683 20.4683
6.12 20.5731 -3.55787 20.5731 -3.55787 20.5731 20.5731
6.24 20.4233 -3.14893 20.4233 -3.14893 20.4233 20.4233
6.36 19.6447 -2.89334 19.6447 -2.89334 19.6447 19.6447
6.48 17.5099 -3.03949 17.5099 -3.03949 17.5099 17.5099
6.6 12.8868 -3.76653 12.8868 -3.76653 12.8868 12.8868
6.72 5.40301 -4.14316 5.40301 -4.14316 5.40301 5.40301
6.84 -1.74677 -1.04832 -1.74677 -1.04832 -1.74677 -1.74677
6.96 -4.35934 6.30937 -4.35934 6.30937 -4.35934 -4.35934
7.08 -3.87429 13.4378 -3.87429 13.4378 -3.87429 -3.87429
7.2 -3.20236 17.6947 -3.20236 17.6947 -3.20236 -3.20236
7.32 -3.04306 19.687 -3.04306 19.687 -3.04306 -3.04306
7.44 -3.19893 20.4952 -3.19893 20.4952 -3.19893 -3.19893
7.56 -3.46246 20.7653 -3.46246 20.7653 -3.46246 -3.46246
7.68 -3.72747 20.8088 -3.72747 20.8088 -3.72747 -3.72747
7.8 -3.94981 20.7696 -3.94981 20.7696 -3.94981 -3.94981
7.92 -4.11622 20.7134 -4.11622 20.7134 -4.11622 -4.11622
8.04 -4.22876 20.6673 -4.22876 20.6673 -4.22876 -4.22876
8.16 -4.29656 20.6395 -4.29656 20.6395 -4.29656 -4.29656
8.28 -4.33104 20.6289 -4.33104 20.6289 -4.33104 -4.33104
8.4 -4.34303 20.631 -4.34303 20.631 -4.34303 -4.34303
8.52 -4.34135 20.641 -4.34135 20.641 -4.34135 -4.34135
8.64 -4.33244 20.6547 -4.33244 20.6547 -4.33244 -4.33244
8.76 -4.32057 20.6694 -4.32057 20.6694 -4.32057 -4.32057
8.88 -4.30829 20.6833 -4.30829 20.6833 -4.30829 -4.30829
9 -4.29698 20.6955 -4.29698 20.6955 -4.29698 -4.29698
9.12 -4.28727 20.7057 -4.28727 20.7057 -4.28727 -4.28727
9.24 -4.27931 20.714 -4.27931 20.714 -4.27931 -4.27931
9.36 -4.27306 20.7204 -4.27306 20.7204 -4.27306 -4.27306
9.48 -4.26832 20.7252 -4.26832 20.7252 -4.26832 -4.26832
9.6 -4.26486 20.7287 -4.26486 20.7287 -4.26486 -4.26486
9.72 -4.26244 20.7312 -4.26244 20.7312 -4.26244 -4.26244
9.84 -4.26084 20.7328 -4.26084 20.7328 -4.26084 -4.26084
9.96 -4.25985 20.7338 -4.25985 20.7338 -4.25985 -4.25985
10.08 -4.25931 20.7343 -4.25931 20.7343 -4.25931 -4.25931
10.2 -4.25909 20.7345 -4.25909 20.7345 -4.25909 -4.25909
10.32 -4.25906 20.7346 -4.25906 20.7346 -4.25906 -4.25906
10.44 -4.25915 20.7345 -4.25915 20.7345 -4.25915 -4.25915
10.56 -4.25931 20.7343 -4.25931 20.7343 -4.25931 -4.25931
10.68 -4.25949 20.7341 -4.25949 20.7341 -4.25949 -4.25949
10.8 -4.25967 20.734 -4.25967 20.734 -4.25967 -4.25967
10.92 -4.25983 20.7338 -4.25983 20.7338 -4.25983 -4.25983
11.04 -4.25996 20.7337 -4.25996 20.7337 -4.25996 -4.25996
11.16 -4.26007 20.7335 -4.26007 20.7335 -4.26007 -4.26007
11.28 -4.26016 20.7335 -4.26016 20.7335 -4.26016 -4.26016
11.4 -4.26023 20.7334 -4.26023 20.7334 -4.26023 -4.26023
11.52 -4.26027 20.7333 -4.26027 20.7333 -4.26027 -4.26027
11.64 -4.2603 20.7333 -4.2603 20.7333 -4.2603 -4.2603
11.76 -4.26032 20.7333 -4.26032 20.7333 -4.26032 -4.26032
11.88 -4.26032 20.7333 -4.26032 20.7333 -4.26032 -4.26032
