0 -0.352082 -3.61302 47.5518
1 -0.0630799 -3.32402 46.4062
2 0.166582 -3.09435 44.9009
3 0.378296 -2.88264 43.2581
4 0.598474 -2.66246 44.3351
5 0.848866 -2.41207 44.9651
6 1.15064 -2.1103 44.9004
7 1.52601 -1.73493 44.0736
8 1.99802 -1.26292 42.2811
9 2.5877 -0.673236 39.3227
10 3.30754 0.0466073 35.0152
11 4.15025 0.88931 29.226
12 5.07401 1.81307 21.9997
13 5.99025 2.72931 19.4934
14 6.76539 3.50445 24.5551
15 7.24888 3.98794 29.7237
16 7.32696 4.06603 33.5704
17 6.97754 3.71661 35.1858
18 6.28775 3.02681 34.2449
19 5.41686 2.15592 32.2337
20 4.53001 1.26907 29.6023
21 3.74627 0.485336 25.91
22 3.12296 -0.137979 21.7151
23 2.66804 -0.592898 17.1929
24 2.36175 -0.899187 12.7147
25 2.17456 -1.08637 8.97151
26 2.07774 -1.1832 10.3719
27 2.04774 -1.2132 11.7935
28 2.06702 -1.19391 12.8125
29 2.12327 -1.13767 13.3578
30 2.20809 -1.05285 13.581
31 2.31581 -0.945126 13.5045
32 2.4425 -0.818439 13.0786
33 2.58512 -0.675816 13.0463
34 2.7409 -0.520039 12.9667
35 2.9067 -0.354235 12.5743
36 3.07854 -0.182399 11.869
37 3.25117 -0.00976966 10.8614
38 3.41796 0.157028 9.58628
39 3.57114 0.310206 8.09822
40 3.70239 0.441454 6.71637
41 3.8039 0.542968 7.22174
42 3.86961 0.60867 7.84065
43 3.89627 0.63533 8.34787
44 3.8842 0.623264 8.64824
45 3.83731 0.576379 8.68652
46 3.76248 0.501545 8.44804
47 3.6684 0.407463 8.22514
48 3.56428 0.303346 7.89238
49 3.45866 0.197729 7.40378
50 3.35857 0.0976354 6.8054
51 3.2691 0.00816857 6.07246
52 3.19342 -0.0675191 5.2707
53 3.13295 -0.127983 4.44635
54 3.08784 -0.173097 4.30699
55 3.0573 -0.203632 4.42188
56 3.04008 -0.220853 4.52148
57 3.03472 -0.226217 4.5605
58 3.03977 -0.221169 4.52637
59 3.05388 -0.207057 4.40273
60 3.07579 -0.185144 4.19879
61 3.10425 -0.156685 4.02015
62 3.13791 -0.123024 3.80252
63 3.17528 -0.0856575 3.66277
64 3.21467 -0.0462609 3.46256
65 3.25429 -0.00664111 3.21969
66 3.29229 0.031354 2.93662
67 3.3269 0.0659605 2.63923
68 3.35657 0.0956306 2.55987
69 3.38009 0.119151 2.60568
70 3.39666 0.135728 2.69456
71 3.40597 0.145034 2.7747
72 3.40814 0.147201 2.82776
73 3.40371 0.142774 2.84051
74 3.39357 0.132633 2.84859
75 3.37882 0.117887 2.83606
76 3.3607 0.0997638 2.79473
77 3.34045 0.0795146 2.71771
78 3.31926 0.0583236 2.60453
79 3.29819 0.0372512 2.45675
80 3.27813 0.0171988 2.28684
81 3.25983 -0.00110396 2.16862
82 3.24384 -0.0170942 2.09692
83 3.23057 -0.0303622 2.03856
84 3.2203 -0.0406347 1.97925
85 3.21317 -0.0477605 1.91382
86 3.20923 -0.0517005 1.88391
87 3.20841 -0.0525224 1.94169
88 3.21054 -0.050396 1.99237
89 3.21535 -0.0455877 2.01869
90 3.22248 -0.0384509 2.01952
91 3.23152 -0.0294114 1.99507
92 3.24199 -0.0189466 1.95311
93 3.25337 -0.00756322 1.8925
94 3.26516 0.00422714 1.81447
95 3.27687 0.0159304 1.73466
96 3.28802 0.0270887 1.69704
97 3.29823 0.0372941 1.67294
98 3.30713 0.046197 1.64787
99 3.31445 0.053511 1.62035
100 3.31995 0.0590142 1.61702
101 3.32349 0.0625513 1.63889
102 3.32497 0.0640371 1.65266
103 3.3244 0.0634623 1.65746
104 3.32184 0.0609024 1.65103
105 3.31746 0.0565258 1.62192
106 3.31153 0.0505974 1.56746
107 3.30441 0.0434732 1.49213
108 3.29652 0.0355837 1.39707
109 3.28834 0.0274042 1.28482
110 3.28035 0.0194172 1.16942
111 3.27301 0.0120713 1.16348
112 3.26668 0.00574423 1.19148
113 3.26165 0.000715492 1.2293
114 3.25809 -0.00284818 1.25821
115 3.25604 -0.00489424 1.27926
116 3.25546 -0.0054747 1.28934
117 3.25621 -0.00472903 1.28482
118 3.25807 -0.00286309 1.27452
119 3.26081 -0.000127303 1.26299
120 3.26414 0.00320383 1.25076
121 3.26779 0.00684964 1.23717
122 3.27147 0.0105382 1.22159
123 3.27495 0.0140184 1.20779
124 3.278 0.0170692 1.18999
125 3.28044 0.0195073 1.16541
126 3.28213 0.0211928 1.1479
127 3.28297 0.0220336 1.13878
128 3.28292 0.0219885 1.12099
129 3.282 0.0210683 1.10466
130 3.28027 0.0193355 1.08467
131 3.27784 0.0169015 1.05366
132 3.27486 0.0139201 1.01167
133 3.27151 0.0105792 0.959672
134 3.26802 0.00708877 0.897934
135 3.2646 0.00366813 0.851306
136 3.26147 0.000531252 0.877338
137 3.25881 -0.00212655 0.89876
138 3.25679 -0.00414049 0.918726
139 3.25555 -0.00538545 0.934293
140 3.25515 -0.00578196 0.945236
141 3.25564 -0.00529894 0.95419
142 3.25698 -0.00395371 0.954808
143 3.25913 -0.00180955 0.945272
144 3.26196 0.00102853 0.928531
145 3.26535 0.00441938 0.915468
146 3.26913 0.00819248 0.919813
147 3.27309 0.0121559 0.925297
148 3.27704 0.0161055 0.930778
149 3.28077 0.0198354 0.946106
150 3.28409 0.0231501 0.960651
151 3.28681 0.0258772 0.970607
152 3.28882 0.0278797 0.971026
153 3.29 0.029068 0.962655
154 3.29034 0.0294077 0.947965
155 3.28986 0.0289234 0.923799
156 3.28863 0.0276969 0.888544
157 3.28679 0.0258588 0.844014
158 3.28451 0.0235761 0.794513
159 3.28197 0.021035 0.775318
160 3.27936 0.0184241 0.801919
161 3.27685 0.0159176 0.826695
162 3.2746 0.0136629 0.843964
163 3.27271 0.011771 0.854114
164 3.27125 0.010313 0.860663
165 3.27025 0.00931945 0.86361
166 3.26972 0.00878397 0.861373
167 3.2696 0.00866818 0.861549
168 3.26984 0.00890849 0.868886
169 3.27036 0.0094231 0.879887
170 3.27105 0.010119 0.883415
171 3.27183 0.0108984 0.886436
172 3.2726 0.0116652 0.8855
173 3.27327 0.0123301 0.880626
174 3.27375 0.0128159 0.873699
175 3.274 0.0130616 0.867872
176 3.27396 0.0130258 0.862887
177 3.27363 0.0126898 0.852262
178 3.27299 0.0120584 0.833924
179 3.2721 0.0111601 0.810429
180 3.27098 0.0100452 0.781953
181 3.26972 0.00878309 0.746879
182 3.26839 0.00745681 0.705571
183 3.26709 0.00615777 0.665857
184 3.26591 0.00497904 0.68488
185 3.26494 0.0040088 0.704232
186 3.26426 0.00332424 0.718976
187 3.26392 0.00298632 0.727805
188 3.26397 0.00303584 0.731438
189 3.26443 0.00349086 0.732284
190 3.26528 0.00434556 0.73001
191 3.26651 0.00557059 0.723075
192 3.26805 0.00711456 0.709667
193 3.26984 0.00890672 0.693755
194 3.2718 0.0108607 0.682777
195 3.27381 0.0128791 0.682774
196 3.27579 0.014859 0.695623
197 3.27763 0.016698 0.71103
198 3.27924 0.0183009 0.723205
199 3.28052 0.0195858 0.728245
200 3.28143 0.0204904 0.727985
201 3.28191 0.0209768 0.723051
202 3.28197 0.0210341 0.711813
203 3.28162 0.02068 0.693349
204 3.28089 0.0199583 0.667603
205 3.27987 0.0189354 0.637303
206 3.27863 0.0176937 0.601657
207 3.27726 0.0163245 0.597449
208 3.27586 0.0149201 0.617756
209 3.2745 0.0135665 0.633256
210 3.27327 0.0123369 0.64517
211 3.27222 0.0112876 0.651431
212 3.27139 0.0104552 0.651945
213 3.27079 0.00985622 0.650652
214 3.27042 0.0094876 0.645711
215 3.27026 0.00932938 0.641587
216 3.27028 0.00934765 0.64268
217 3.27043 0.0094983 0.646677
218 3.27067 0.00973088 0.650572
219 3.27093 0.00999262 0.652674
220 3.27117 0.0102321 0.654787
221 3.27134 0.0104029 0.651632
222 3.2714 0.0104663 0.65062
223 3.27133 0.0103939 0.646832
224 3.27111 0.0101698 0.644087
225 3.27073 0.00979107 0.636391
226 3.2702 0.00926853 0.623024
227 3.26956 0.00862587 0.60521
228 3.26883 0.00789822 0.583968
229 3.26807 0.00712978 0.557874
230 3.26731 0.00637076 0.527071
231 3.26661 0.00567397 0.510619
232 3.26603 0.00509107 0.527728
233 3.2656 0.00466898 0.541439
234 3.26538 0.00444659 0.550584
235 3.26539 0.00445206 0.555231
236 3.26564 0.00470081 0.556148
237 3.26613 0.00519437 0.553453
238 3.26686 0.00592009 0.548635
239 3.26779 0.00685167 0.542092
240 3.26889 0.00795051 0.531091
241 3.2701 0.00916782 0.520309
242 3.27138 0.0104473 0.514904
243 3.27266 0.0117282 0.521043
244 3.27388 0.0129493 0.530808
245 3.27499 0.0140521 0.541784
246 3.27592 0.0149849 0.548082
247 3.27664 0.0157059 0.550896
248 3.27712 0.0161862 0.550109
249 3.27735 0.0164117 0.544499
250 3.27732 0.0163837 0.534021
251 3.27705 0.0161187 0.517956
252 3.27658 0.0156468 0.49854
253 3.27594 0.0150089 0.474737
254 3.27519 0.0142533 0.449974
255 3.27437 0.0134319 0.462806
256 3.27353 0.0125958 0.476782
257 3.27273 0.0117919 0.487449
258 3.272 0.0110599 0.494806
259 3.27136 0.0104296 0.498272
260 3.27086 0.00991997 0.497179
261 3.27047 0.00953892 0.494688
262 3.27022 0.00928348 0.489392
263 3.27008 0.00914126 0.487287
264 3.27003 0.00909219 0.488051
265 3.27005 0.00911063 0.491184
266 3.2701 0.00916775 0.49465
267 3.27017 0.00923386 0.498191
268 3.27022 0.00928077 0.499088
269 3.27022 0.00928379 0.49956
270 3.27016 0.00922356 0.499824
271 3.27002 0.00908739 0.497818
272 3.26981 0.00887014 0.495012
273 3.26951 0.00857469 0.487626
274 3.26915 0.0082117 0.476147
275 3.26873 0.00779892 0.461443
276 3.2683 0.00736003 0.444227
277 3.26786 0.00692294 0.423732
278 3.26745 0.00651791 0.399731
279 3.26711 0.00617535 0.406353
280 3.26686 0.00592374 0.417865
281 3.26672 0.00578753 0.426638
282 3.26672 0.00578543 0.431555
283 3.26686 0.005929 0.433222
284 3.26716 0.00622171 0.431643
285 3.26759 0.00665858 0.427392
286 3.26816 0.00722623 0.4213
287 3.26884 0.0079036 0.414056
288 3.2696 0.008663 0.404156
289 3.27041 0.00947168 0.397645
290 3.27123 0.0102937 0.397293
291 3.27203 0.011092 0.405558
292 3.27277 0.0118308 0.413099
293 3.27341 0.0124772 0.419053
294 3.27394 0.013004 0.422723
295 3.27433 0.0133908 0.423747
296 3.27456 0.0136252 0.420651
297 3.27464 0.013704 0.414349
298 3.27457 0.0136323 0.404502
299 3.27436 0.0134238 0.392016
300 3.27403 0.0130989 0.375824
301 3.27362 0.0126831 0.356479
302 3.27314 0.0122053 0.353768
303 3.27263 0.0116951 0.366001
304 3.27212 0.0111811 0.3748
305 3.27162 0.0106888 0.382034
306 3.27117 0.0102392 0.38549
307 3.27078 0.00984732 0.385979
308 3.27046 0.00952239 0.383515
309 3.2702 0.00926717 0.380475
310 3.27001 0.0090786 0.376452
311 3.26988 0.00894859 0.376356
312 3.2698 0.00886507 0.377567
313 3.26975 0.00881334 0.380846
314 3.26971 0.00877739 0.383496
315 3.26968 0.00874135 0.385404
316 3.26963 0.00869079 0.386237
317 3.26955 0.00861387 0.387507
318 3.26944 0.00850228 0.386768
319 3.26929 0.00835192 0.385544
320 3.2691 0.0081632 0.382093
321 3.26888 0.00794109 0.37529
322 3.26863 0.00769483 0.365182
323 3.26837 0.00743723 0.352451
324 3.26812 0.00718385 0.337599
325 3.26789 0.00695186 0.3203
326 3.26769 0.00675885 0.313995
327 3.26756 0.00662152 0.323703
328 3.26749 0.0065545 0.330864
329 3.2675 0.00656923 0.335438
330 3.26761 0.00667309 0.337397
331 3.2678 0.00686875 0.336726
332 3.26809 0.00715386 0.333532
333 3.26846 0.00752103 0.328425
334 3.26889 0.00795813 0.32283
335 3.26938 0.00844895 0.315465
336 3.26991 0.00897401 0.308911
337 3.27045 0.00951169 0.30554
338 3.27097 0.0100395 0.31098
339 3.27147 0.0105352 0.316218
340 3.27191 0.0109784 0.321481
341 3.27229 0.0113515 0.324984
342 3.27258 0.0116407 0.326199
343 3.27277 0.0118372 0.324858
344 3.27287 0.0119368 0.32071
345 3.27288 0.0119408 0.314893
346 3.27279 0.0118552 0.306284
347 3.27263 0.0116905 0.294919
348 3.2724 0.0114604 0.280959
349 3.27212 0.0111811 0.271423
350 3.27181 0.0108696 0.281096
351 3.27148 0.0105433 0.288526
352 3.27115 0.0102179 0.294325
353 3.27084 0.00990714 0.29788
354 3.27056 0.00962191 0.298837
355 3.2703 0.0093696 0.297508
356 3.27009 0.00915411 0.294954
357 3.26991 0.00897587 0.291597
358 3.26977 0.00883221 0.289917
359 3.26965 0.00871789 0.291098
360 3.26956 0.00862581 0.29372
361 3.26948 0.00854776 0.295392
362 3.26941 0.0084753 0.297205
363 3.26934 0.00840047 0.298395
364 3.26925 0.00831658 0.300171
365 3.26915 0.00821879 0.300146
366 3.26904 0.00810451 0.299515
367 3.26891 0.00797373 0.297805
368 3.26876 0.00782899 0.29358
369 3.26861 0.00767532 0.286813
370 3.26846 0.00751985 0.277746
371 3.26831 0.00737136 0.266893
372 3.26818 0.00723965 0.254356
373 3.26807 0.00713481 0.243617
374 3.268 0.00706649 0.25142
375 3.26798 0.00704319 0.257281
376 3.26801 0.0070716 0.261316
377 3.26809 0.00715601 0.263113
378 3.26823 0.00729797 0.262802
379 3.26843 0.00749602 0.260774
380 3.26868 0.00774567 0.256877
381 3.26897 0.00803959 0.25223
382 3.2693 0.0083679 0.246995
383 3.26965 0.00871871 0.241281
384 3.27001 0.00907877 0.237975
385 3.27037 0.00943416 0.240249
386 3.27071 0.0097711 0.244373
387 3.27101 0.0100767 0.248286
388 3.27128 0.0103397 0.251318
389 3.27149 0.0105511 0.252574
390 3.27164 0.0107045 0.251943
391 3.27173 0.0107966 0.248937
392 3.27176 0.010827 0.245028
393 3.27173 0.0107986 0.239033
394 3.27165 0.0107165 0.230833
395 3.27152 0.0105884 0.220616
396 3.27136 0.0104233 0.210596
397 3.27117 0.0102313 0.216783
398 3.27096 0.0100227 0.22275
399 3.27074 0.00980728 0.2274
400 3.27053 0.00959383 0.230414
401 3.27033 0.00938971 0.231548
402 3.27014 0.00920041 0.230753
403 3.26996 0.00902946 0.228867
404 3.26981 0.00887838 0.226533
405 3.26968 0.00874684 0.224584
406 3.26957 0.00863293 0.2254
407 3.26947 0.00853352 0.227308
408 3.26938 0.00844469 0.229014
409 3.2693 0.0083622 0.230666
410 3.26922 0.00828196 0.231627
411 3.26914 0.00820047 0.23342
412 3.26905 0.00811516 0.23412
413 3.26896 0.00802468 0.233829
414 3.26886 0.00792909 0.233033
415 3.26877 0.00782987 0.230191
416 3.26867 0.00772992 0.225584
417 3.26857 0.00763331 0.219042
418 3.26848 0.00754507 0.210892
419 3.26841 0.0074708 0.201573
420 3.26835 0.00741626 0.191329
421 3.26832 0.00738698 0.19594
422 3.26832 0.00738777 0.20072
423 3.26836 0.00742236 0.203986
424 3.26843 0.00749308 0.205546
425 3.26854 0.0076006 0.205681
426 3.26868 0.00774381 0.204181
427 3.26886 0.00791975 0.201382
428 3.26906 0.00812374 0.197743
429 3.26928 0.00834959 0.19371
430 3.26953 0.00858983 0.189315
431 3.26977 0.00883616 0.186135
432 3.27002 0.00907985 0.186701
433 3.27025 0.00931221 0.190062
434 3.27046 0.00952506 0.192888
435 3.27065 0.00971116 0.195468
436 3.2708 0.00986455 0.196565
437 3.27092 0.00998089 0.196296
438 3.27099 0.0100576 0.194478
439 3.27103 0.010094 0.191548
440 3.27103 0.0100912 0.187237
441 3.27099 0.0100519 0.18135
442 3.27092 0.00998031 0.17381
443 3.27082 0.00988158 0.16496
444 3.2707 0.00976163 0.168667
445 3.27056 0.00962667 0.173485
446 3.27042 0.00948276 0.177155
447 3.27027 0.00933555 0.179718
448 3.27013 0.0091899 0.180658
449 3.26999 0.00904974 0.180245
450 3.26985 0.00891786 0.178852
451 3.26973 0.00879595 0.177066
452 3.26962 0.0086846 0.175488
453 3.26952 0.00858346 0.175671
454 3.26943 0.00849139 0.177179
455 3.26934 0.00840676 0.178633
456 3.26926 0.00832766 0.18001
457 3.26919 0.00825216 0.18082
458 3.26911 0.00817864 0.182181
459 3.26904 0.00810589 0.182842
460 3.26897 0.00803339 0.182899
461 3.2689 0.00796134 0.18233
462 3.26883 0.00789073 0.180433
463 3.26876 0.00782331 0.177109
464 3.2687 0.0077615 0.172239
465 3.26864 0.0077082 0.166201
466 3.2686 0.00766664 0.159174
467 3.26858 0.00764009 0.15118
468 3.26857 0.00763166 0.1529
469 3.26858 0.007644 0.156711
470 3.26861 0.00767911 0.159295
471 3.26867 0.00773812 0.160654
472 3.26876 0.00782117 0.16086
473 3.26886 0.00792729 0.159758
474 3.26899 0.00805443 0.157784
475 3.26913 0.00819949 0.154978
476 3.26929 0.00835842 0.151806
477 3.26946 0.00852644 0.148504
478 3.26963 0.00869823 0.145715
479 3.2698 0.00886821 0.145291
480 3.26997 0.00903083 0.147844
481 3.27012 0.00918082 0.149977
482 3.27025 0.00931348 0.152065
483 3.27036 0.00942487 0.152981
484 3.27045 0.00951204 0.152814
485 3.27051 0.00957311 0.151663
486 3.27054 0.00960733 0.149519
487 3.27055 0.00961507 0.146317
488 3.27053 0.00959774 0.14197
489 3.27049 0.00955763 0.136381
490 3.27043 0.00949775 0.129758
491 3.27036 0.00942161 0.131281
492 3.27027 0.00933297 0.135039
493 3.27017 0.00923561 0.137932
494 3.27007 0.00913316 0.13997
495 3.26996 0.00902884 0.140779
496 3.26986 0.0089254 0.140636
497 3.26976 0.00882497 0.139583
498 3.26966 0.00872904 0.138235
499 3.26957 0.0086385 0.136939
500 3.26949 0.00855366 0.136867
501 3.26941 0.00847438 0.138137
502 3.26934 0.00840015 0.139285
503 3.26927 0.0083303 0.140353
504 3.2692 0.00826411 0.141143
505 3.26914 0.00820095 0.142174
506 3.26908 0.00814043 0.142705
507 3.26902 0.00808246 0.142847
508 3.26896 0.00802736 0.142409
509 3.26891 0.00797585 0.141155
510 3.26886 0.00792906 0.138758
511 3.26882 0.00788845 0.135188
512 3.26879 0.00785574 0.130614
513 3.26877 0.00783278 0.125189
514 3.26876 0.00782142 0.119167
515 3.26876 0.00782339 0.119229
516 3.26878 0.00784009 0.122211
517 3.26881 0.00787252 0.124225
518 3.26886 0.00792113 0.125386
519 3.26892 0.00798578 0.125591
520 3.269 0.00806562 0.124872
521 3.26909 0.00815916 0.123369
522 3.2692 0.00826425 0.121203
523 3.26931 0.00837821 0.118781
524 3.26943 0.00849787 0.116249
525 3.26956 0.00861976 0.113923
526 3.26968 0.00874025 0.113167
527 3.26979 0.00885572 0.114892
528 3.2699 0.00896273 0.11657
529 3.26999 0.00905819 0.118217
530 3.27007 0.00913949 0.118989
531 3.27014 0.0092046 0.118834
532 3.27019 0.00925216 0.118131
533 3.27022 0.00928152 0.116523
534 3.27023 0.00929272 0.114155
535 3.27022 0.00928647 0.110873
536 3.2702 0.00926404 0.106715
537 3.27016 0.00922719 0.101684
538 3.27011 0.00917801 0.102181
539 3.27005 0.00911883 0.105036
540 3.26999 0.00905202 0.107375
541 3.26992 0.00897992 0.108928
542 3.26984 0.0089047 0.109632
543 3.26976 0.00882825 0.109587
544 3.26969 0.00875218 0.108833
545 3.26961 0.00867772 0.107804
546 3.26954 0.00860575 0.106765
547 3.26947 0.00853684 0.106613
548 3.26941 0.00847127 0.107625
549 3.26934 0.00840909 0.108568
550 3.26929 0.00835026 0.109379
551 3.26923 0.00829464 0.110076
552 3.26918 0.00824216 0.11091
553 3.26913 0.00819281 0.111308
554 3.26908 0.00814677 0.111457
555 3.26904 0.00810438 0.111106
556 3.269 0.00806621 0.110256
557 3.26897 0.008033 0.108499
558 3.26894 0.00800567 0.105869
559 3.26892 0.00798526 0.102428
560 3.26891 0.00797283 0.0982839
561 3.2689 0.00796942 0.0937029
562 3.26891 0.00797595 0.0929922
563 3.26893 0.00799315 0.0953027
564 3.26896 0.00802144 0.0968765
565 3.269 0.00806093 0.0978287
566 3.26905 0.00811132 0.0979951
567 3.26911 0.0081719 0.0975089
568 3.26918 0.00824156 0.0963597
569 3.26925 0.00831878 0.0946935
570 3.26934 0.0084017 0.0928232
571 3.26942 0.00848821 0.0908712
572 3.26951 0.00857598 0.0889686
573 3.2696 0.0086626 0.0881507
574 3.26968 0.00874567 0.089288
575 3.26976 0.00882292 0.0905763
576 3.26983 0.00889229 0.0918829
577 3.26989 0.00895199 0.0924957
578 3.26994 0.00900065 0.0924023
579 3.26997 0.00903729 0.091937
580 3.27 0.00906137 0.0907239
581 3.27001 0.00907281 0.0889409
582 3.27001 0.00907193 0.0864647
583 3.26999 0.00905945 0.0833477
584 3.26997 0.00903641 0.0795166
585 3.26994 0.00900406 0.0795203
586 3.2699 0.00896387 0.0817052
587 3.26985 0.00891733 0.0835556
588 3.2698 0.00886599 0.0847405
589 3.26975 0.00881131 0.0853329
590 3.26969 0.00875461 0.0853334
591 3.26963 0.00869709 0.0847791
592 3.26958 0.00863971 0.0840029
593 3.26952 0.00858328 0.0831888
594 3.26946 0.00852839 0.0830353
595 3.26941 0.00847548 0.0838406
596 3.26936 0.00842485 0.0846018
597 3.26931 0.00837673 0.0852466
598 3.26927 0.00833127 0.0858174
599 3.26922 0.00828864 0.0864806
600 3.26918 0.00824905 0.0868246
601 3.26915 0.00821275 0.0869234
602 3.26912 0.00818009 0.0866341
603 3.26909 0.00815151 0.086043
604 3.26906 0.00812754 0.0847515
605 3.26904 0.00810876 0.0827893
606 3.26903 0.0080958 0.0801984
607 3.26902 0.00808929 0.0770437
608 3.26903 0.0080898 0.0735414
609 3.26903 0.0080978 0.0725506
610 3.26905 0.00811362 0.0743301
611 3.26907 0.00813741 0.0755591
612 3.2691 0.00816908 0.0762947
613 3.26914 0.00820831 0.076421
614 3.26919 0.0082545 0.0760913
615 3.26924 0.0083068 0.0752177
616 3.2693 0.00836413 0.0739358
617 3.26936 0.00842518 0.0724852
618 3.26942 0.00848849 0.070967
619 3.26949 0.00855247 0.0694389
620 3.26955 0.0086155 0.0686555
621 3.26961 0.00867597 0.0693956
622 3.26967 0.00873233 0.0703779
623 3.26972 0.00878318 0.0714204
624 3.26976 0.00882732 0.0719062
625 3.2698 0.00886377 0.0718759
626 3.26983 0.00889184 0.0715235
627 3.26985 0.00891111 0.0706072
628 3.26986 0.00892143 0.0692401
629 3.26986 0.00892296 0.0673666
630 3.26985 0.00891609 0.065015
631 3.26984 0.00890142 0.0621123
632 3.26982 0.00887975 0.0618946
633 3.26979 0.00885199 0.0635861
634 3.26975 0.00881911 0.0650171
635 3.26972 0.00878213 0.0659305
636 3.26968 0.00874205 0.0663989
637 3.26964 0.00869982 0.0664227
638 3.26959 0.0086563 0.0660128
639 3.26955 0.00861227 0.0654436
640 3.2695 0.00856839 0.0648126
641 3.26946 0.00852521 0.0646872
642 3.26942 0.0084832 0.0653146
643 3.26938 0.00844273 0.0659276
644 3.26934 0.00840412 0.0664592
645 3.2693 0.00836765 0.0669053
646 3.26927 0.00833359 0.0674268
647 3.26924 0.0083022 0.0677121
648 3.26921 0.00827377 0.0677864
649 3.26918 0.00824862 0.067543
650 3.26916 0.00822709 0.0671183
651 3.26914 0.00820956 0.0661573
652 3.26913 0.00819642 0.0646873
653 3.26912 0.00818806 0.0627268
654 3.26912 0.00818483 0.0603357
655 3.26912 0.00818706 0.0576349
656 3.26913 0.00819497 0.0566066
657 3.26914 0.00820868 0.0579753
658 3.26916 0.00822818 0.0589263
659 3.26919 0.00825333 0.0594927
660 3.26922 0.0082838 0.0595929
661 3.26925 0.00831911 0.0593582
662 3.26929 0.00835861 0.0586951
663 3.26934 0.0084015 0.057705
664 3.26938 0.00844685 0.0565824
665 3.26943 0.00849363 0.0553945
666 3.26948 0.00854076 0.0541749
667 3.26952 0.0085871 0.0535007
668 3.26957 0.00863154 0.053956
669 3.26961 0.00867304 0.0547171
670 3.26965 0.00871062 0.0555275
671 3.26968 0.00874345 0.0559124
672 3.26971 0.00877084 0.0559227
673 3.26973 0.00879229 0.0556414
674 3.26974 0.00880748 0.0549457
675 3.26975 0.00881625 0.0539
676 3.26975 0.00881867 0.0524709
677 3.26975 0.00881495 0.0506817
678 3.26974 0.00880545 0.0484762
679 3.26973 0.00879066 0.0482064
680 3.26971 0.00877116 0.0495074
681 3.26968 0.00874762 0.0506024
682 3.26966 0.0087207 0.0513028
683 3.26963 0.00869111 0.0516729
684 3.26959 0.00865951 0.0516965
685 3.26956 0.00862656 0.0513895
686 3.26953 0.00859285 0.0509776
687 3.26949 0.00855891 0.0505038
688 3.26946 0.00852522 0.0504201
689 3.26943 0.00849221 0.0508999
690 3.2694 0.00846026 0.0513935
691 3.26937 0.00842969 0.0518275
692 3.26934 0.00840082 0.0521701
693 3.26931 0.00837391 0.0525746
694 3.26928 0.00834926 0.0528041
695 3.26926 0.00832712 0.0528774
696 3.26924 0.00830777 0.0526882
697 3.26923 0.00829149 0.0523474
698 3.26921 0.00827855 0.0516278
699 3.2692 0.00826921 0.0505196
700 3.2692 0.00826373 0.049031
701 3.2692 0.0082623 0.0472134
702 3.2692 0.00826509 0.0451291
703 3.26921 0.0082722 0.0441764
704 3.26922 0.00828365 0.0452289
705 3.26923 0.00829937 0.0459631
706 3.26925 0.00831918 0.046395
707 3.26928 0.00834279 0.0464779
708 3.26931 0.00836982 0.0462981
709 3.26934 0.00839976 0.0457931
710 3.26937 0.00843203 0.04503
711 3.2694 0.00846596 0.0441534
712 3.26944 0.0085008 0.043231
713 3.26947 0.0085358 0.0422751
714 3.26951 0.00857015 0.041711
715 3.26954 0.00860309 0.0419673
716 3.26957 0.00863388 0.0425636
717 3.2696 0.00866185 0.0431872
718 3.26962 0.0086864 0.0434886
719 3.26964 0.00870705 0.043519
720 3.26966 0.00872343 0.0432931
721 3.26967 0.00873528 0.0427633
722 3.26968 0.00874249 0.0419572
723 3.26968 0.00874505 0.0408623
724 3.26968 0.00874308 0.0394944
725 3.26967 0.00873681 0.0378171
726 3.26966 0.00872654 0.037566
727 3.26965 0.00871265 0.0385774
728 3.26963 0.00869559 0.0394079
729 3.26961 0.00867581 0.0399333
730 3.26959 0.00865381 0.0402249
731 3.26957 0.00863008 0.0402421
732 3.26954 0.00860509 0.0400079
733 3.26951 0.0085793 0.0397173
734 3.26949 0.00855315 0.0393585
735 3.26946 0.00852702 0.039319
736 3.26944 0.00850128 0.0396893
737 3.26941 0.00847627 0.0400857
738 3.26939 0.00845229 0.0404297
739 3.26937 0.00842964 0.0406985
740 3.26934 0.00840857 0.0410016
741 3.26932 0.00838933 0.0411832
742 3.26931 0.00837217 0.0412563
743 3.26929 0.00835731 0.0411061
744 3.26928 0.00834497 0.0408284
745 3.26927 0.00833535 0.0402864
746 3.26926 0.00832863 0.0394465
747 3.26926 0.00832497 0.0383142
748 3.26926 0.00832449 0.0369285
749 3.26926 0.00832727 0.0353201
750 3.26927 0.00833335 0.0344859
751 3.26928 0.00834269 0.0352941
752 3.26929 0.00835519 0.0358588
753 3.26931 0.00837069 0.0361879
754 3.26932 0.00838895 0.0362527
755 3.26935 0.00840966 0.0361125
756 3.26937 0.00843242 0.0357262
757 3.26939 0.00845681 0.0351377
758 3.26942 0.00848233 0.0344511
759 3.26944 0.00850844 0.033742
760 3.26947 0.0085346 0.0329966
761 3.2695 0.00856024 0.0325354
762 3.26952 0.00858482 0.0326617
763 3.26954 0.00860782 0.0331248
764 3.26956 0.00862875 0.0336014
765 3.26958 0.00864719 0.0338369
766 3.2696 0.0086628 0.0338741
767 3.26961 0.0086753 0.0336956
768 3.26962 0.00868449 0.0332869
769 3.26963 0.00869028 0.0326626
770 3.26963 0.00869265 0.0318213
771 3.26963 0.00869166 0.0307727
772 3.26962 0.00868744 0.0294942
773 3.26962 0.00868019 0.0292893
774 3.26961 0.00867017 0.0300725
775 3.26959 0.00865767 0.0307063
776 3.26958 0.00864303 0.0311026
777 3.26956 0.00862658 0.0313244
778 3.26954 0.00860869 0.031341
779 3.26953 0.00858971 0.0311655
780 3.26951 0.00857 0.0309526
781 3.26949 0.00854988 0.030679
782 3.26947 0.00852969 0.0306793
783 3.26945 0.00850973 0.0309753
784 3.26943 0.00849027 0.0312795
785 3.26941 0.0084716 0.0315553
786 3.26939 0.00845394 0.0317592
787 3.26937 0.00843754 0.0319851
788 3.26936 0.00842261 0.0321272
789 3.26934 0.00840936 0.032195
790 3.26933 0.00839796 0.0320828
791 3.26932 0.00838859 0.0318484
792 3.26932 0.00838139 0.0314376
793 3.26931 0.0083765 0.0307988
794 3.26931 0.00837402 0.0299357
795 3.26931 0.00837403 0.0288775
796 3.26931 0.00837655 0.0276355
797 3.26932 0.00838158 0.026931
798 3.26932 0.00838907 0.0275493
799 3.26933 0.00839893 0.0279821
800 3.26935 0.008411 0.0282325
801 3.26936 0.00842509 0.0282822
802 3.26938 0.00844096 0.0281713
803 3.26939 0.0084583 0.0278748
804 3.26941 0.00847679 0.0274208
805 3.26943 0.00849606 0.0268892
806 3.26945 0.00851572 0.0263387
807 3.26947 0.00853538 0.0257652
808 3.26949 0.00855463 0.0253843
809 3.26951 0.00857307 0.025433
810 3.26953 0.00859033 0.0257919
811 3.26954 0.00860607 0.0261555
812 3.26956 0.00861998 0.0263364
813 3.26957 0.0086318 0.0263748
814 3.26958 0.00864134 0.0262329
815 3.26958 0.00864845 0.0259157
816 3.26959 0.00865304 0.0254332
817 3.26959 0.00865508 0.0247834
818 3.26959 0.00865462 0.0239806
819 3.26959 0.00865172 0.023002
820 3.26958 0.00864653 0.0228469
821 3.26957 0.00863922 0.0234524
822 3.26957 0.00862999 0.0239351
823 3.26955 0.00861907 0.0242359
824 3.26954 0.00860671 0.0244058
825 3.26953 0.00859318 0.0244167
826 3.26951 0.00857875 0.0242867
827 3.2695 0.00856368 0.0241339
828 3.26948 0.00854824 0.0239281
829 3.26947 0.00853269 0.0239527
830 3.26945 0.00851726 0.0241843
831 3.26944 0.00850219 0.0244179
832 3.26942 0.00848771 0.0246389
833 3.26941 0.00847402 0.0247928
834 3.2694 0.00846132 0.0249597
835 3.26939 0.00844978 0.0250705
836 3.26937 0.00843956 0.0251299
837 3.26937 0.00843083 0.0250445
838 3.26936 0.00842371 0.0248486
839 3.26935 0.0084183 0.0245358
840 3.26935 0.00841472 0.0240484
841 3.26935 0.00841302 0.0233891
842 3.26935 0.00841324 0.0225802
843 3.26935 0.0084154 0.0216299
844 3.26935 0.00841948 0.0210385
845 3.26936 0.00842542 0.0215106
846 3.26937 0.00843314 0.0218416
847 3.26938 0.00844251 0.0220316
848 3.26939 0.00845337 0.0220702
849 3.2694 0.00846553 0.0219808
850 3.26941 0.00847876 0.0217525
851 3.26943 0.00849281 0.021402
852 3.26944 0.00850741 0.0209971
853 3.26946 0.00852227 0.0205651
854 3.26947 0.00853711 0.0201226
855 3.26949 0.00855162 0.0198182
856 3.2695 0.00856551 0.0198148
857 3.26951 0.00857853 0.0200912
858 3.26953 0.0085904 0.0203701
859 3.26954 0.00860093 0.0205146
860 3.26955 0.0086099 0.0205429
861 3.26955 0.00861719 0.0204294
862 3.26956 0.00862266 0.0201848
863 3.26956 0.00862626 0.0198098
864 3.26956 0.00862796 0.0193083
865 3.26956 0.00862778 0.018691
866 3.26956 0.00862576 0.0179402
867 3.26956 0.00862199 0.0178298
868 3.26955 0.0086166 0.0182995
869 3.26955 0.00860973 0.0186647
870 3.26954 0.00860154 0.0188936
871 3.26953 0.00859222 0.0190217
872 3.26952 0.00858197 0.019029
873 3.26951 0.00857098 0.0189314
874 3.26949 0.00855947 0.018823
875 3.26948 0.00854763 0.0186711
876 3.26947 0.00853566 0.0187108
877 3.26946 0.00852377 0.01889
878 3.26945 0.00851214 0.0190733
879 3.26944 0.00850096 0.0192459
880 3.26943 0.00849038 0.0193633
881 3.26942 0.00848057 0.0194845
882 3.26941 0.00847167 0.0195715
883 3.2694 0.00846382 0.0196204
884 3.26939 0.00845714 0.0195545
885 3.26939 0.00845172 0.0193955
886 3.26938 0.00844765 0.019153
887 3.26938 0.008445 0.0187801
888 3.26938 0.00844382 0.0182757
889 3.26938 0.00844412 0.0176567
890 3.26938 0.00844592 0.0169295
891 3.26938 0.00844918 0.0164408
892 3.26939 0.00845385 0.016801
893 3.2694 0.00845987 0.0170537
894 3.2694 0.00846712 0.0171975
895 3.26941 0.00847548 0.0172267
896 3.26942 0.00848479 0.017155
897 3.26943 0.0084949 0.0169785
898 3.26944 0.00850559 0.0167079
899 3.26945 0.00851669 0.0163996
900 3.26946 0.00852795 0.0160613
901 3.26947 0.00853918 0.0157193
902 3.26949 0.00855016 0.0154773
903 3.2695 0.00856067 0.0154469
904 3.26951 0.00857051 0.0156573
905 3.26951 0.0085795 0.0158713
906 3.26952 0.00858748 0.0159868
907 3.26953 0.00859431 0.0160063
908 3.26954 0.00859987 0.0159169
909 3.26954 0.00860408 0.0157281
910 3.26954 0.00860689 0.0154358
911 3.26954 0.00860826 0.0150475
912 3.26954 0.00860822 0.0145713
913 3.26954 0.00860679 0.0139948
914 3.26954 0.00860403 0.0139207
915 3.26954 0.00860002 0.0142855
916 3.26953 0.00859488 0.0145605
917 3.26952 0.00858871 0.0147344
918 3.26952 0.00858166 0.0148326
919 3.26951 0.00857387 0.014837
920 3.2695 0.0085655 0.0147615
921 3.26949 0.0085567 0.0146856
922 3.26948 0.00854762 0.0145744
923 3.26947 0.00853844 0.0146228
924 3.26946 0.00852929 0.0147631
925 3.26946 0.00852034 0.0149075
926 3.26945 0.00851172 0.0150394
927 3.26944 0.00850357 0.0151283
928 3.26943 0.00849601 0.0152168
929 3.26942 0.00848917 0.0152843
930 3.26942 0.00848315 0.0153233
931 3.26941 0.00847803 0.0152719
932 3.26941 0.00847391 0.015144
933 3.26941 0.00847084 0.0149546
934 3.2694 0.00846887 0.0146687
935 3.2694 0.00846804 0.0142823
936 3.2694 0.00846836 0.0138083
937 3.26941 0.00846981 0.0132514
938 3.26941 0.00847239 0.0128523
939 3.26941 0.00847605 0.0131268
940 3.26942 0.00848072 0.0133193
941 3.26942 0.00848632 0.0134281
942 3.26943 0.00849274 0.0134496
943 3.26944 0.00849989 0.0133933
944 3.26944 0.00850761 0.0132555
945 3.26945 0.00851576 0.0130483
946 3.26946 0.0085242 0.0128119
947 3.26947 0.00853277 0.0125472
948 3.26948 0.00854129 0.0122828
949 3.26949 0.00854961 0.0120917
950 3.26949 0.00855758 0.0120513
951 3.2695 0.00856505 0.0122097
952 3.26951 0.00857187 0.0123709
953 3.26951 0.00857793 0.012463
954 3.26952 0.00858313 0.0124762
955 3.26952 0.00858738 0.0124057
956 3.26953 0.00859061 0.0122592
957 3.26953 0.00859279 0.012032
958 3.26953 0.00859388 0.0117319
959 3.26953 0.00859391 0.0113624
960 3.26953 0.00859288 0.0109202
961 3.26953 0.00859083 0.0108779
962 3.26952 0.00858784 0.0111564
963 3.26952 0.00858397 0.0113638
964 3.26951 0.00857931 0.0114953
965 3.26951 0.00857396 0.0115707
966 3.2695 0.00856804 0.0115738
967 3.2695 0.00856165 0.0115187
968 3.26949 0.00855492 0.0114614
969 3.26948 0.00854797 0.011382
970 3.26948 0.00854092 0.0114329
971 3.26947 0.0085339 0.0115443
972 3.26946 0.00852702 0.0116569
973 3.26946 0.00852039 0.0117571
974 3.26945 0.00851412 0.0118238
975 3.26944 0.00850832 0.0118891
976 3.26944 0.00850306 0.0119403
977 3.26943 0.00849845 0.0119707
978 3.26943 0.00849454 0.0119304
979 3.26943 0.0084914 0.0118275
980 3.26942 0.00848907 0.0116795
981 3.26942 0.00848761 0.01146
982 3.26942 0.00848702 0.0111636
983 3.26942 0.00848731 0.0108004
984 3.26942 0.00848848 0.0103736
985 3.26943 0.0084905 0.0100503
986 3.26943 0.00849335 0.0102595
987 3.26943 0.00849696 0.010406
988 3.26944 0.00850128 0.0104881
989 3.26944 0.00850622 0.0105036
990 3.26945 0.00851169 0.0104594
991 3.26945 0.0085176 0.0103523
992 3.26946 0.00852382 0.010194
993 3.26947 0.00853025 0.0100119
994 3.26947 0.00853677 0.00980475
995 3.26948 0.00854326 0.00960041
996 3.26948 0.00854958 0.00944999
997 3.26949 0.00855564 0.00940624
998 3.2695 0.00856131 0.00952557
999 3.2695 0.0085665 0.00964624
1000 3.26951 0.00857111 0.00971947
1001 3.26951 0.00857507 0.00972814
1002 3.26951 0.00857832 0.0096729
1003 3.26952 0.0085808 0.00955846
1004 3.26952 0.00858248 0.00938266
1005 3.26952 0.00858334 0.00914999
1006 3.26952 0.00858339 0.0088627
1007 3.26952 0.00858264 0.00852374
1008 3.26952 0.00858112 0.00850363
1009 3.26951 0.00857887 0.00871593
1010 3.26951 0.00857594 0.00887331
1011 3.26951 0.00857241 0.00897186
1012 3.2695 0.00856835 0.00903027
1013 3.2695 0.00856383 0.0090324
1014 3.26949 0.00855896 0.00899339
1015 3.26949 0.00855381 0.00894862
1016 3.26948 0.00854849 0.00889341
1017 3.26948 0.00854309 0.00894391
1018 3.26947 0.0085377 0.0090314
1019 3.26947 0.00853242 0.00911869
1020 3.26946 0.00852733 0.00919458
1021 3.26946 0.00852252 0.00924453
1022 3.26945 0.00851806 0.00929247
1023 3.26945 0.00851403 0.00933175
1024 3.26945 0.0085105 0.00935452
1025 3.26944 0.00850751 0.0093228
1026 3.26944 0.00850512 0.00923998
1027 3.26944 0.00850336 0.00912606
1028 3.26944 0.00850226 0.00895549
1029 3.26944 0.00850184 0.00872793
1030 3.26944 0.0085021 0.00844937
1031 3.26944 0.00850303 0.00812211
1032 3.26944 0.00850461 0.00786198
1033 3.26944 0.00850682 0.00802116
1034 3.26945 0.00850961 0.00813253
1035 3.26945 0.00851293 0.00819431
1036 3.26945 0.00851673 0.00820535
1037 3.26946 0.00852092 0.0081705
1038 3.26946 0.00852544 0.00808743
1039 3.26947 0.00853019 0.00796662
1040 3.26947 0.0085351 0.0078262
1041 3.26948 0.00854007 0.00766529
1042 3.26948 0.00854501 0.00750613
1043 3.26949 0.00854982 0.00738812
1044 3.26949 0.00855443 0.00734587
1045 3.26949 0.00855875 0.00743441
1046 3.2695 0.0085627 0.00752507
1047 3.2695 0.00856622 0.00758278
1048 3.2695 0.00856924 0.00758808
1049 3.26951 0.00857172 0.00754493
1050 3.26951 0.00857362 0.00745515
1051 3.26951 0.00857491 0.00731906
1052 3.26951 0.00857559 0.00713909
1053 3.26951 0.00857564 0.0069165
1054 3.26951 0.00857509 0.006655
1055 3.26951 0.00857395 0.00665014
1056 3.26951 0.00857225 0.00681186
1057 3.26951 0.00857003 0.00693118
1058 3.2695 0.00856735 0.00700636
1059 3.2695 0.00856426 0.00705053
1060 3.2695 0.00856082 0.00705142
1061 3.26949 0.00855709 0.00702457
1062 3.26949 0.00855316 0.00699015
1063 3.26948 0.00854909 0.00695222
1064 3.26948 0.00854495 0.00700045
1065 3.26948 0.00854082 0.00706944
1066 3.26947 0.00853677 0.00713627
1067 3.26947 0.00853286 0.00719314
1068 3.26946 0.00852917 0.00723047
1069 3.26946 0.00852576 0.0072656
1070 3.26946 0.00852267 0.00729599
1071 3.26946 0.00851996 0.00731234
1072 3.26945 0.00851768 0.0072873
1073 3.26945 0.00851586 0.00722066
1074 3.26945 0.00851453 0.00713283
1075 3.26945 0.0085137 0.00700021
1076 3.26945 0.0085134 0.00682547
1077 3.26945 0.00851362 0.00661161
1078 3.26945 0.00851435 0.00636061
1079 3.26945 0.00851558 0.00615468
1080 3.26945 0.00851729 0.00627318
1081 3.26945 0.00851944 0.00635776
1082 3.26946 0.008522 0.0064042
1083 3.26946 0.00852491 0.00641188
1084 3.26946 0.00852813 0.00638442
1085 3.26947 0.00853158 0.00632074
1086 3.26947 0.00853522 0.00622817
1087 3.26947 0.00853897 0.00612003
1088 3.26948 0.00854276 0.00599621
1089 3.26948 0.00854652 0.00587099
1090 3.26949 0.00855019 0.00577838
1091 3.26949 0.00855371 0.00574026
1092 3.26949 0.008557 0.00580453
1093 3.2695 0.00856001 0.00587472
1094 3.2695 0.00856269 0.00591808
1095 3.2695 0.008565 0.00592089
1096 3.2695 0.00856689 0.00588711
1097 3.2695 0.00856835 0.00581716
1098 3.2695 0.00856934 0.0057112
1099 3.26951 0.00856987 0.00557231
1100 3.26951 0.00856992 0.00539974
1101 3.2695 0.00856951 0.00519748
1102 3.2695 0.00856865 0.00520331
1103 3.2695 0.00856736 0.00532565
1104 3.2695 0.00856568 0.00541608
1105 3.2695 0.00856364 0.00547485
1106 3.2695 0.00856128 0.00550679
1107 3.26949 0.00855865 0.00550679
1108 3.26949 0.00855581 0.00548863
1109 3.26949 0.0085528 0.00546244
1110 3.26949 0.00854968 0.00543664
1111 3.26948 0.00854651 0.00548193
1112 3.26948 0.00854335 0.00553612
1113 3.26948 0.00854024 0.00558691
1114 3.26947 0.00853725 0.00562936
1115 3.26947 0.00853442 0.00565719
1116 3.26947 0.00853181 0.00568286
1117 3.26946 0.00852945 0.00570655
1118 3.26946 0.00852738 0.00571777
1119 3.26946 0.00852564 0.00569798
1120 3.26946 0.00852425 0.00564435
1121 3.26946 0.00852324 0.00557657
1122 3.26946 0.00852262 0.00547404
1123 3.26946 0.0085224 0.00533915
1124 3.26946 0.00852258 0.00517486
1125 3.26946 0.00852315 0.0049823
1126 3.26946 0.00852411 0.00481972
1127 3.26946 0.00852543 0.00490771
1128 3.26946 0.00852709 0.00497188
1129 3.26946 0.00852905 0.00500675
1130 3.26947 0.00853129 0.00501198
1131 3.26947 0.00853375 0.00499032
1132 3.26947 0.0085364 0.00494189
1133 3.26947 0.00853918 0.00487105
1134 3.26948 0.00854204 0.00478742
1135 3.26948 0.00854494 0.00469224
1136 3.26948 0.00854781 0.00459364
1137 3.26949 0.00855061 0.00452278
1138 3.26949 0.00855329 0.00448718
1139 3.26949 0.0085558 0.00453364
1140 3.26949 0.0085581 0.00458851
1141 3.2695 0.00856014 0.00462048
1142 3.2695 0.0085619 0.00462162
1143 3.2695 0.00856335 0.00459513
1144 3.2695 0.00856447 0.00454071
1145 3.2695 0.00856523 0.00445806
1146 3.2695 0.00856564 0.00435078
1147 3.2695 0.00856568 0.0042175
1148 3.2695 0.00856538 0.00406253
1149 3.2695 0.00856472 0.00407288
1150 3.2695 0.00856375 0.00416543
1151 3.2695 0.00856247 0.0042344
1152 3.2695 0.00856091 0.00427958
1153 3.26949 0.00855911 0.00430327
1154 3.26949 0.00855711 0.00430215
1155 3.26949 0.00855493 0.00428999
1156 3.26949 0.00855263 0.00427076
1157 3.26949 0.00855025 0.00425383
1158 3.26948 0.00854782 0.00429453
1159 3.26948 0.0085454 0.00433689
1160 3.26948 0.00854302 0.00437546
1161 3.26948 0.00854073 0.00440707
1162 3.26947 0.00853856 0.00442777
1163 3.26947 0.00853656 0.00444646
1164 3.26947 0.00853475 0.00446492
1165 3.26947 0.00853317 0.00447235
1166 3.26947 0.00853184 0.00445667
1167 3.26947 0.00853079 0.00441502
1168 3.26947 0.00853002 0.00436116
1169 3.26946 0.00852955 0.00428222
1170 3.26946 0.00852939 0.00417768
1171 3.26946 0.00852954 0.00405142
1172 3.26947 0.00852998 0.00390365
1173 3.26947 0.00853073 0.0037755
1174 3.26947 0.00853174 0.00384069
1175 3.26947 0.00853302 0.00388933
1176 3.26947 0.00853453 0.00391548
1177 3.26947 0.00853625 0.00391899
1178 3.26947 0.00853813 0.00390208
1179 3.26948 0.00854016 0.003865
1180 3.26948 0.00854229 0.00381086
1181 3.26948 0.00854448 0.00374617
1182 3.26948 0.00854669 0.00367307
1183 3.26948 0.00854889 0.0035955
1184 3.26949 0.00855102 0.0035417
1185 3.26949 0.00855307 0.00351016
1186 3.26949 0.00855499 0.0035423
1187 3.26949 0.00855674 0.00358537
1188 3.26949 0.0085583 0.00360864
1189 3.2695 0.00855965 0.00360871
1190 3.2695 0.00856075 0.00358792
1191 3.2695 0.00856161 0.00354555
1192 3.2695 0.00856219 0.00348109
1193 3.2695 0.00856251 0.00339814
1194 3.2695 0.00856255 0.00329516
1195 3.2695 0.00856231 0.00317738
1196 3.2695 0.00856182 0.00318974
1197 3.2695 0.00856108 0.00325995
1198 3.2695 0.0085601 0.00331209
1199 3.26949 0.00855891 0.00334641
1200 3.26949 0.00855754 0.00336398
1201 3.26949 0.00855601 0.00336261
1202 3.26949 0.00855435 0.00335515
1203 3.26949 0.00855259 0.00334111
1204 3.26949 0.00855076 0.00332988
1205 3.26948 0.0085489 0.00336572
1206 3.26948 0.00854705 0.00339861
1207 3.26948 0.00854523 0.00342787
1208 3.26948 0.00854348 0.00345135
1209 3.26948 0.00854182 0.00346674
1210 3.26948 0.00854029 0.00348026
1211 3.26947 0.0085389 0.00349484
1212 3.26947 0.0085377 0.00349931
1213 3.26947 0.00853668 0.00348688
1214 3.26947 0.00853588 0.00345466
1215 3.26947 0.00853529 0.0034117
1216 3.26947 0.00853494 0.00335089
1217 3.26947 0.00853482 0.00327018
1218 3.26947 0.00853494 0.0031728
1219 3.26947 0.00853529 0.00305935
1220 3.26947 0.00853586 0.00295844
1221 3.26947 0.00853665 0.00300662
1222 3.26947 0.00853763 0.00304347
1223 3.26947 0.00853879 0.00306304
1224 3.26948 0.0085401 0.00306533
1225 3.26948 0.00854155 0.00305258
1226 3.26948 0.0085431 0.00302372
1227 3.26948 0.00854473 0.00298239
1228 3.26948 0.00854641 0.00293234
1229 3.26948 0.0085481 0.00287618
1230 3.26949 0.00854978 0.00281589
1231 3.26949 0.00855141 0.00277432
1232 3.26949 0.00855297 0.00274792
1233 3.26949 0.00855444 0.00276929
1234 3.26949 0.00855578 0.00280253
1235 3.26949 0.00855697 0.00281937
1236 3.26949 0.008558 0.00281877
1237 3.26949 0.00855884 0.00280244
1238 3.26949 0.0085595 0.00276944
1239 3.2695 0.00855995 0.0027193
1240 3.2695 0.00856019 0.00265496
1241 3.2695 0.00856022 0.00257548
1242 3.2695 0.00856004 0.00248599
1243 3.2695 0.00855967 0.00249907
1244 3.26949 0.0085591 0.00255225
1245 3.26949 0.00855836 0.00259196
1246 3.26949 0.00855745 0.00261761
1247 3.26949 0.0085564 0.00263061
1248 3.26949 0.00855523 0.00262927
1249 3.26949 0.00855396 0.00262509
1250 3.26949 0.00855261 0.00261507
1251 3.26949 0.00855122 0.00260961
1252 3.26949 0.0085498 0.00263888
1253 3.26948 0.00854838 0.00266422
1254 3.26948 0.00854698 0.0026864
1255 3.26948 0.00854564 0.00270379
1256 3.26948 0.00854437 0.00271551
1257 3.26948 0.0085432 0.00272494
1258 3.26948 0.00854214 0.0027365
1259 3.26948 0.00854122 0.00273885
1260 3.26948 0.00854045 0.00272899
1261 3.26948 0.00853983 0.00270405
1262 3.26947 0.00853939 0.00266978
1263 3.26947 0.00853912 0.00262291
1264 3.26947 0.00853904 0.00256084
1265 3.26947 0.00853913 0.00248545
1266 3.26947 0.0085394 0.00239833
1267 3.26948 0.00853985 0.00231891
1268 3.26948 0.00854045 0.0023554
1269 3.26948 0.00854121 0.00238234
1270 3.26948 0.0085421 0.00239696
1271 3.26948 0.00854311 0.00239863
1272 3.26948 0.00854422 0.00238878
1273 3.26948 0.0085454 0.0023663
1274 3.26948 0.00854665 0.00233478
1275 3.26948 0.00854793 0.00229604
1276 3.26948 0.00854923 0.00225291
1277 3.26949 0.00855051 0.00220653
1278 3.26949 0.00855176 0.0021739
1279 3.26949 0.00855295 0.00215208
1280 3.26949 0.00855407 0.00216651
1281 3.26949 0.00855509 0.00219137
1282 3.26949 0.00855601 0.00220369
1283 3.26949 0.00855679 0.00220251
1284 3.26949 0.00855744 0.00218966
1285 3.26949 0.00855794 0.00216394
1286 3.26949 0.00855828 0.00212508
1287 3.26949 0.00855847 0.00207501
1288 3.26949 0.00855849 0.00201425
1289 3.26949 0.00855836 0.00194566
1290 3.26949 0.00855807 0.00195865
1291 3.26949 0.00855764 0.00199896
1292 3.26949 0.00855707 0.00202933
1293 3.26949 0.00855638 0.00204853
1294 3.26949 0.00855558 0.00205806
1295 3.26949 0.00855468 0.00205714
1296 3.26949 0.00855371 0.00205512
1297 3.26949 0.00855268 0.00204747
1298 3.26949 0.00855161 0.00204717
1299 3.26949 0.00855053 0.00206972
1300 3.26948 0.00854944 0.0020892
1301 3.26948 0.00854837 0.00210601
1302 3.26948 0.00854735 0.00211885
1303 3.26948 0.00854638 0.00212778
1304 3.26948 0.00854548 0.00213429
1305 3.26948 0.00854467 0.00214343
1306 3.26948 0.00854397 0.00214434
1307 3.26948 0.00854338 0.00213652
1308 3.26948 0.00854291 0.00211721
1309 3.26948 0.00854257 0.00208986
1310 3.26948 0.00854237 0.00205373
1311 3.26948 0.00854231 0.00200597
1312 3.26948 0.00854238 0.00194799
1313 3.26948 0.0085426 0.00188068
1314 3.26948 0.00854294 0.00181819
1315 3.26948 0.0085434 0.00184586
1316 3.26948 0.00854398 0.00186541
1317 3.26948 0.00854467 0.00187641
1318 3.26948 0.00854544 0.00187774
1319 3.26948 0.00854629 0.00186991
1320 3.26948 0.0085472 0.0018524
1321 3.26948 0.00854815 0.0018284
1322 3.26948 0.00854914 0.0017984
1323 3.26949 0.00855013 0.00176526
1324 3.26949 0.00855111 0.0017297
1325 3.26949 0.00855206 0.00170397
1326 3.26949 0.00855298 0.00168599
1327 3.26949 0.00855383 0.0016955
1328 3.26949 0.00855461 0.00171407
1329 3.26949 0.00855531 0.00172319
1330 3.26949 0.00855591 0.00172157
1331 3.26949 0.00855641 0.00171146
1332 3.26949 0.00855679 0.00169141
1333 3.26949 0.00855705 0.00166127
1334 3.26949 0.00855719 0.00162239
1335 3.26949 0.00855721 0.00157622
1336 3.26949 0.00855711 0.00152326
1337 3.26949 0.00855689 0.00153578
1338 3.26949 0.00855656 0.0015664
1339 3.26949 0.00855613 0.0015894
1340 3.26949 0.0085556 0.00160383
1341 3.26949 0.00855498 0.00161086
1342 3.26949 0.0085543 0.00161067
1343 3.26949 0.00855356 0.00160944
1344 3.26949 0.00855277 0.00160359
1345 3.26949 0.00855195 0.00160667
1346 3.26949 0.00855112 0.00162388
1347 3.26949 0.00855029 0.00163883
1348 3.26948 0.00854947 0.00165155
1349 3.26948 0.00854869 0.001661
1350 3.26948 0.00854795 0.00166779
1351 3.26948 0.00854726 0.00167229
1352 3.26948 0.00854665 0.00167945
1353 3.26948 0.00854611 0.00167954
1354 3.26948 0.00854566 0.00167324
1355 3.26948 0.0085453 0.00165826
1356 3.26948 0.00854504 0.00163643
1357 3.26948 0.00854489 0.00160856
1358 3.26948 0.00854485 0.00157181
1359 3.26948 0.00854491 0.00152725
1360 3.26948 0.00854507 0.00147545
1361 3.26948 0.00854533 0.0014261
1362 3.26948 0.00854569 0.00144702
1363 3.26948 0.00854614 0.00146125
1364 3.26948 0.00854666 0.00146963
1365 3.26948 0.00854725 0.00147043
1366 3.26948 0.00854791 0.00146422
1367 3.26948 0.0085486 0.00145057
1368 3.26948 0.00854933 0.0014323
1369 3.26949 0.00855009 0.00140907
1370 3.26949 0.00855084 0.00138361
1371 3.26949 0.00855159 0.00135635
1372 3.26949 0.00855232 0.00133636
1373 3.26949 0.00855302 0.00132164
1374 3.26949 0.00855368 0.00132737
1375 3.26949 0.00855427 0.00134118
1376 3.26949 0.00855481 0.00134792
1377 3.26949 0.00855527 0.00134621
1378 3.26949 0.00855565 0.00133815
1379 3.26949 0.00855594 0.00132251
1380 3.26949 0.00855614 0.00129912
1381 3.26949 0.00855625 0.00126914
1382 3.26949 0.00855626 0.00123386
1383 3.26949 0.00855618 0.00119295
1384 3.26949 0.00855602 0.0012046
1385 3.26949 0.00855577 0.00122794
1386 3.26949 0.00855543 0.00124527
1387 3.26949 0.00855503 0.00125608
1388 3.26949 0.00855456 0.00126127
1389 3.26949 0.00855404 0.00126179
1390 3.26949 0.00855347 0.00126084
1391 3.26949 0.00855287 0.00125671
1392 3.26949 0.00855224 0.00126144
1393 3.26949 0.0085516 0.00127447
1394 3.26949 0.00855097 0.00128596
1395 3.26949 0.00855035 0.00129557
1396 3.26949 0.00854974 0.00130249
1397 3.26948 0.00854918 0.00130766
1398 3.26948 0.00854865 0.00131075
1399 3.26948 0.00854818 0.00131633
1400 3.26948 0.00854777 0.00131606
1401 3.26948 0.00854743 0.00131085
1402 3.26948 0.00854716 0.00129921
1403 3.26948 0.00854696 0.00128179
1404 3.26948 0.00854685 0.00126029
1405 3.26948 0.00854681 0.001232
1406 3.26948 0.00854686 0.00119774
1407 3.26948 0.00854699 0.00115792
1408 3.26948 0.00854719 0.00111909
1409 3.26948 0.00854747 0.00113493
1410 3.26948 0.00854781 0.00114555
1411 3.26948 0.00854821 0.00115139
1412 3.26948 0.00854867 0.00115184
1413 3.26948 0.00854916 0.00114691
1414 3.26949 0.0085497 0.00113643
1415 3.26949 0.00855026 0.00112238
1416 3.26949 0.00855083 0.00110438
1417 3.26949 0.00855141 0.00108482
1418 3.26949 0.00855199 0.00106392
1419 3.26949 0.00855255 0.00104857
1420 3.26949 0.00855308 0.00103713
1421 3.26949 0.00855358 0.00103996
1422 3.26949 0.00855404 0.00104976
1423 3.26949 0.00855445 0.00105473
1424 3.26949 0.0085548 0.0010532
1425 3.26949 0.00855509 0.00104662
1426 3.26949 0.00855531 0.00103442
1427 3.26949 0.00855546 0.00101627
1428 3.26949 0.00855555 0.000993529
1429 3.26949 0.00855556 0.000966185
1430 3.26949 0.0085555 0.000934568
1431 3.26949 0.00855537 0.000945289
1432 3.26949 0.00855518 0.000963013
1433 3.26949 0.00855493 0.000975981
1434 3.26949 0.00855462 0.000984055
1435 3.26949 0.00855426 0.000987869
1436 3.26949 0.00855386 0.000988849
1437 3.26949 0.00855342 0.000988093
1438 3.26949 0.00855296 0.000985449
1439 3.26949 0.00855248 0.000990685
1440 3.26949 0.008552 0.00100062
1441 3.26949 0.00855151 0.00100938
1442 3.26949 0.00855103 0.00101664
1443 3.26949 0.00855057 0.00102174
1444 3.26949 0.00855014 0.00102562
1445 3.26949 0.00854974 0.00102779
1446 3.26948 0.00854938 0.00103205
1447 3.26948 0.00854907 0.00103166
1448 3.26948 0.0085488 0.00102728
1449 3.26948 0.0085486 0.00101823
1450 3.26948 0.00854845 0.00100434
1451 3.26948 0.00854836 0.000987739
1452 3.26948 0.00854834 0.000965958
1453 3.26948 0.00854838 0.000939618
1454 3.26948 0.00854847 0.000908997
1455 3.26948 0.00854863 0.00087843
1456 3.26948 0.00854884 0.00089044
1457 3.26948 0.0085491 0.000898425
1458 3.26948 0.00854941 0.000902355
1459 3.26949 0.00854976 0.000902565
1460 3.26949 0.00855015 0.000898651
1461 3.26949 0.00855055 0.000890693
1462 3.26949 0.00855098 0.000879803
1463 3.26949 0.00855142 0.000865857
1464 3.26949 0.00855187 0.00085087
1465 3.26949 0.00855231 0.000834919
1466 3.26949 0.00855274 0.000823009
1467 3.26949 0.00855314 0.000814464
1468 3.26949 0.00855353 0.000815217
1469 3.26949 0.00855388 0.000821937
1470 3.26949 0.00855419 0.000825589
1471 3.26949 0.00855446 0.000824276
1472 3.26949 0.00855468 0.000818975
1473 3.26949 0.00855485 0.000809357
1474 3.26949 0.00855497 0.000795298
1475 3.26949 0.00855503 0.000778073
1476 3.26949 0.00855504 0.00075694
1477 3.26949 0.00855499 0.000732953
1478 3.26949 0.0085549 0.000742059
1479 3.26949 0.00855475 0.000755478
1480 3.26949 0.00855455 0.000765277
1481 3.26949 0.00855432 0.000771239
1482 3.26949 0.00855404 0.000774106
1483 3.26949 0.00855374 0.000775248
1484 3.26949 0.0085534 0.000774759
1485 3.26949 0.00855305 0.00077298
1486 3.26949 0.00855269 0.000778292
1487 3.26949 0.00855231 0.000785913
1488 3.26949 0.00855194 0.000792526
1489 3.26949 0.00855158 0.000798002
1490 3.26949 0.00855123 0.000801821
1491 3.26949 0.00855089 0.000804662
1492 3.26949 0.00855059 0.000806168
1493 3.26949 0.00855031 0.000809424
1494 3.26949 0.00855007 0.000808997
1495 3.26949 0.00854987 0.000805302
1496 3.26949 0.00854972 0.000798266
1497 3.26949 0.0085496 0.000787195
1498 3.26948 0.00854954 0.000774374
1499 3.26948 0.00854952 0.000757602
1500 3.26948 0.00854955 0.000737347
1501 3.26949 0.00854963 0.000713806
1502 3.26949 0.00854975 0.000689726
1503 3.26949 0.00854991 0.000698834
1504 3.26949 0.00855011 0.000704829
1505 3.26949 0.00855035 0.000707517
1506 3.26949 0.00855062 0.000707465
1507 3.26949 0.00855091 0.000704355
1508 3.26949 0.00855122 0.000698319
1509 3.26949 0.00855155 0.000689874
1510 3.26949 0.00855189 0.000679064
1511 3.26949 0.00855223 0.000667593
1512 3.26949 0.00855256 0.000655429
1513 3.26949 0.00855289 0.00064655
1514 3.26949 0.0085532 0.000640151
1515 3.26949 0.0085535 0.000639242
1516 3.26949 0.00855377 0.000643793
1517 3.26949 0.008554 0.000646442
1518 3.26949 0.00855421 0.000645324
1519 3.26949 0.00855438 0.000641113
1520 3.26949 0.00855451 0.000633542
1521 3.26949 0.0085546 0.000622856
1522 3.26949 0.00855465 0.000609542
1523 3.26949 0.00855465 0.000593253
1524 3.26949 0.00855462 0.00057558
1525 3.26949 0.00855454 0.000582701
1526 3.26949 0.00855443 0.000592849
1527 3.26949 0.00855428 0.000600251
1528 3.26949 0.0085541 0.000604761
1529 3.26949 0.00855389 0.000606931
1530 3.26949 0.00855366 0.000608049
1531 3.26949 0.0085534 0.000607703
1532 3.26949 0.00855313 0.000606509
1533 3.26949 0.00855285 0.00061161
1534 3.26949 0.00855257 0.000617455
1535 3.26949 0.00855229 0.00062245
1536 3.26949 0.00855201 0.000626576
1537 3.26949 0.00855174 0.000629429
1538 3.26949 0.00855148 0.000631501
1539 3.26949 0.00855125 0.000632623
1540 3.26949 0.00855104 0.00063502
1541 3.26949 0.00855086 0.000634593
1542 3.26949 0.00855071 0.000631492
1543 3.26949 0.00855059 0.00062602
1544 3.26949 0.0085505 0.000617355
1545 3.26949 0.00855045 0.000607295
1546 3.26949 0.00855044 0.000594374
1547 3.26949 0.00855046 0.000578795
1548 3.26949 0.00855052 0.000560708
1549 3.26949 0.00855061 0.000541817
1550 3.26949 0.00855074 0.000548621
1551 3.26949 0.00855089 0.000553118
1552 3.26949 0.00855107 0.000555088
1553 3.26949 0.00855128 0.000554716
1554 3.26949 0.0085515 0.000552243
1555 3.26949 0.00855174 0.000547669
1556 3.26949 0.008552 0.000541118
1557 3.26949 0.00855225 0.000532737
1558 3.26949 0.00855251 0.000523957
1559 3.26949 0.00855277 0.000514681
1560 3.26949 0.00855302 0.000508295
1561 3.26949 0.00855326 0.000503289
1562 3.26949 0.00855349 0.000501698
1563 3.26949 0.00855369 0.000504459
1564 3.26949 0.00855387 0.000506336
1565 3.26949 0.00855403 0.00050539
1566 3.26949 0.00855416 0.000502045
1567 3.26949 0.00855426 0.00049624
1568 3.26949 0.00855433 0.000488086
1569 3.26949 0.00855437 0.000477766
1570 3.26949 0.00855437 0.000465177
1571 3.26949 0.00855434 0.000452144
1572 3.26949 0.00855429 0.000457765
1573 3.26949 0.0085542 0.000465423
1574 3.26949 0.00855409 0.000471024
1575 3.26949 0.00855395 0.000474386
1576 3.26949 0.00855379 0.00047609
1577 3.26949 0.00855361 0.000477062
1578 3.26949 0.00855341 0.000476817
1579 3.26949 0.00855321 0.000476067
1580 3.26949 0.00855299 0.000480778
1581 3.26949 0.00855278 0.000485244
1582 3.26949 0.00855256 0.000489016
1583 3.26949 0.00855235 0.000492122
1584 3.26949 0.00855214 0.000494251
1585 3.26949 0.00855195 0.000495755
1586 3.26949 0.00855177 0.000496598
1587 3.26949 0.00855161 0.000498348
1588 3.26949 0.00855147 0.000497948
1589 3.26949 0.00855135 0.000495427
1590 3.26949 0.00855126 0.000491095
1591 3.26949 0.0085512 0.000484394
1592 3.26949 0.00855116 0.000476421
1593 3.26949 0.00855115 0.000466459
1594 3.26949 0.00855117 0.000454478
1595 3.26949 0.00855121 0.000440577
1596 3.26949 0.00855128 0.000425779
1597 3.26949 0.00855138 0.000430823
1598 3.26949 0.0085515 0.000434193
1599 3.26949 0.00855164 0.000435637
1600 3.26949 0.0085518 0.000435205
1601 3.26949 0.00855197 0.000433171
1602 3.26949 0.00855215 0.000429655
1603 3.26949 0.00855234 0.000424572
1604 3.26949 0.00855254 0.000418072
1605 3.26949 0.00855274 0.000411352
1606 3.26949 0.00855294 0.000404471
1607 3.26949 0.00855313 0.000399716
1608 3.26949 0.00855331 0.000395798
1609 3.26949 0.00855349 0.000393969
1610 3.26949 0.00855364 0.000395533
1611 3.26949 0.00855378 0.000396758
1612 3.26949 0.0085539 0.000395956
1613 3.26949 0.008554 0.000393383
1614 3.26949 0.00855408 0.000388912
1615 3.26949 0.00855413 0.000382608
1616 3.26949 0.00855416 0.000374606
1617 3.26949 0.00855416 0.000364869
1618 3.26949 0.00855414 0.000355283
1619 3.26949 0.0085541 0.000359719
1620 3.26949 0.00855403 0.000365505
1621 3.26949 0.00855394 0.00036973
1622 3.26949 0.00855384 0.000372233
1623 3.26949 0.00855372 0.000373711
1624 3.26949 0.00855358 0.000374438
1625 3.26949 0.00855343 0.000374235
1626 3.26949 0.00855327 0.000374037
1627 3.26949 0.00855311 0.00037804
1628 3.26949 0.00855294 0.000381452
1629 3.26949 0.00855278 0.000384297
1630 3.26949 0.00855261 0.000386671
1631 3.26949 0.00855246 0.000388219
1632 3.26949 0.00855231 0.000389306
1633 3.26949 0.00855217 0.000389942
1634 3.26949 0.00855205 0.000391212
1635 3.26949 0.00855194 0.000390861
1636 3.26949 0.00855185 0.00038883
1637 3.26949 0.00855178 0.00038537
1638 3.26949 0.00855174 0.000380187
1639 3.26949 0.00855171 0.000373868
1640 3.26949 0.0085517 0.000366187
1641 3.26949 0.00855171 0.000356971
1642 3.26949 0.00855175 0.000346285
1643 3.26949 0.0085518 0.00033469
1644 3.26949 0.00855188 0.000338417
1645 3.26949 0.00855197 0.00034094
1646 3.26949 0.00855208 0.000341999
1647 3.26949 0.0085522 0.000341612
1648 3.26949 0.00855233 0.000339995
1649 3.26949 0.00855247 0.000337177
1650 3.26949 0.00855262 0.000333231
1651 3.26949 0.00855277 0.000328227
1652 3.26949 0.00855292 0.00032318
1653 3.26949 0.00855307 0.000317962
1654 3.26949 0.00855322 0.000314436
1655 3.26949 0.00855336 0.000311351
1656 3.26949 0.00855349 0.000309471
1657 3.26949 0.00855361 0.000310263
1658 3.26949 0.00855372 0.000311106
1659 3.26949 0.00855381 0.000310436
1660 3.26949 0.00855389 0.000308403
1661 3.26949 0.00855394 0.000304897
1662 3.26949 0.00855398 0.000300021
1663 3.26949 0.00855401 0.000293816
1664 3.26949 0.00855401 0.0002863
1665 3.26949 0.00855399 0.000279252
1666 3.26949 0.00855396 0.000282784
1667 3.26949 0.00855391 0.000287122
1668 3.26949 0.00855384 0.000290306
1669 3.26949 0.00855376 0.000292166
1670 3.26949 0.00855367 0.00029345
1671 3.26949 0.00855356 0.000293982
1672 3.26949 0.00855345 0.000293812
1673 3.26949 0.00855333 0.000294215
1674 3.26949 0.0085532 0.000297338
1675 3.26949 0.00855308 0.000299944
1676 3.26949 0.00855295 0.00030209
1677 3.26949 0.00855282 0.000303917
1678 3.26949 0.0085527 0.000305024
1679 3.26949 0.00855259 0.000305812
1680 3.26949 0.00855249 0.000306309
1681 3.26949 0.00855239 0.0003072
1682 3.26949 0.00855231 0.000306898
1683 3.26949 0.00855224 0.000305262
1684 3.26949 0.00855219 0.0003025
1685 3.26949 0.00855215 0.000298489
1686 3.26949 0.00855213 0.000293481
1687 3.26949 0.00855213 0.000287563
1688 3.26949 0.00855214 0.000280468
1689 3.26949 0.00855217 0.000272253
1690 3.26949 0.00855221 0.000263165
1691 3.26949 0.00855226 0.000265908
1692 3.26949 0.00855234 0.000267794
1693 3.26949 0.00855242 0.000268569
1694 3.26949 0.00855251 0.000268228
1695 3.26949 0.00855261 0.000267017
1696 3.26949 0.00855272 0.000264783
1697 3.26949 0.00855283 0.000261698
1698 3.26949 0.00855295 0.000257887
1699 3.26949 0.00855307 0.000254036
1700 3.26949 0.00855318 0.000250027
1701 3.26949 0.00855329 0.000247423
1702 3.26949 0.0085534 0.000244988
1703 3.26949 0.0085535 0.000243302
1704 3.26949 0.00855359 0.000243451
1705 3.26949 0.00855367 0.000244022
1706 3.26949 0.00855375 0.000243465
1707 3.26949 0.0085538 0.000241859
1708 3.26949 0.00855385 0.000239108
1709 3.26949 0.00855388 0.000235337
1710 3.26949 0.0085539 0.000230523
1711 3.26949 0.0085539 0.000224733
1712 3.26949 0.00855389 0.000219554
1713 3.26949 0.00855386 0.000222373
1714 3.26949 0.00855382 0.000225613
1715 3.26949 0.00855377 0.000228012
1716 3.26949 0.00855371 0.000229393
1717 3.26949 0.00855364 0.000230495
1718 3.26949 0.00855356 0.000230912
1719 3.26949 0.00855347 0.000230771
1720 3.26949 0.00855338 0.000231508
1721 3.26949 0.00855328 0.000233926
1722 3.26949 0.00855318 0.000235918
1723 3.26949 0.00855309 0.000237538
1724 3.26949 0.00855299 0.000238941
1725 3.26949 0.0085529 0.000239727
1726 3.26949 0.00855281 0.000240316
1727 3.26949 0.00855273 0.000240693
1728 3.26949 0.00855266 0.000241302
1729 3.26949 0.0085526 0.000241044
1730 3.26949 0.00855255 0.00023973
1731 3.26949 0.00855251 0.000237542
1732 3.26949 0.00855248 0.000234419
1733 3.26949 0.00855246 0.000230449
1734 3.26949 0.00855246 0.00022589
1735 3.26949 0.00855247 0.000220425
1736 3.26949 0.00855249 0.000214109
1737 3.26949 0.00855252 0.000207099
1738 3.26949 0.00855257 0.000208994
1739 3.26949 0.00855262 0.000210403
1740 3.26949 0.00855268 0.000210967
1741 3.26949 0.00855275 0.000210693
1742 3.26949 0.00855283 0.000209765
1743 3.26949 0.00855291 0.000208018
1744 3.26949 0.008553 0.000205623
1745 3.26949 0.00855309 0.000202694
1746 3.26949 0.00855318 0.000199743
1747 3.26949 0.00855327 0.000196662
1748 3.26949 0.00855335 0.000194743
1749 3.26949 0.00855344 0.000192822
1750 3.26949 0.00855351 0.000191432
1751 3.26949 0.00855358 0.000191117
1752 3.26949 0.00855365 0.000191475
1753 3.26949 0.0085537 0.000191003
1754 3.26949 0.00855374 0.000189733
1755 3.26949 0.00855378 0.000187578
1756 3.26949 0.0085538 0.000184657
1757 3.26949 0.00855381 0.000180921
1758 3.26949 0.00855382 0.000176461
1759 3.26949 0.00855381 0.000172666
1760 3.26949 0.00855379 0.000174915
1761 3.26949 0.00855376 0.000177332
1762 3.26949 0.00855372 0.000179137
1763 3.26949 0.00855367 0.00018021
1764 3.26949 0.00855362 0.000181099
1765 3.26949 0.00855355 0.000181431
1766 3.26949 0.00855349 0.000181371
1767 3.26949 0.00855342 0.000182239
1768 3.26949 0.00855334 0.000184087
1769 3.26949 0.00855327 0.00018561
1770 3.26949 0.00855319 0.000186865
1771 3.26949 0.00855312 0.000187909
1772 3.26949 0.00855305 0.000188462
1773 3.26949 0.00855299 0.000188902
1774 3.26949 0.00855293 0.000189193
1775 3.26949 0.00855287 0.0001896
1776 3.26949 0.00855282 0.000189377
1777 3.26949 0.00855278 0.000188325
1778 3.26949 0.00855275 0.00018662
1779 3.26949 0.00855273 0.000184157
1780 3.26949 0.00855272 0.00018101
1781 3.26949 0.00855272 0.000177496
1782 3.26949 0.00855272 0.00017329
1783 3.26949 0.00855274 0.000168431
1784 3.26949 0.00855276 0.000163045
1785 3.26949 0.0085528 0.000164309
1786 3.26949 0.00855284 0.000165359
1787 3.26949 0.00855289 0.000165768
1788 3.26949 0.00855294 0.000165576
1789 3.26949 0.008553 0.000164838
1790 3.26949 0.00855307 0.000163472
1791 3.26949 0.00855313 0.000161611
1792 3.26949 0.0085532 0.000159362
1793 3.26949 0.00855327 0.000157099
1794 3.26949 0.00855334 0.000154812
1795 3.26949 0.0085534 0.000153326
1796 3.26949 0.00855347 0.000151804
1797 3.26949 0.00855352 0.000150713
1798 3.26949 0.00855358 0.000150162
1799 3.26949 0.00855363 0.000150298
1800 3.26949 0.00855367 0.000149892
1801 3.26949 0.0085537 0.000148888
1802 3.26949 0.00855373 0.000147209
1803 3.26949 0.00855375 0.000144937
1804 3.26949 0.00855375 0.000142037
1805 3.26949 0.00855376 0.0001386
1806 3.26949 0.00855375 0.000135829
1807 3.26949 0.00855373 0.000137623
1808 3.26949 0.00855371 0.000139443
1809 3.26949 0.00855368 0.00014078
1810 3.26949 0.00855365 0.000141646
1811 3.26949 0.0085536 0.00014233
1812 3.26949 0.00855356 0.000142594
1813 3.26949 0.00855351 0.000142587
1814 3.26949 0.00855345 0.000143496
1815 3.26949 0.0085534 0.000144906
1816 3.26949 0.00855334 0.000146072
1817 3.26949 0.00855328 0.000147046
1818 3.26949 0.00855323 0.000147818
1819 3.26949 0.00855317 0.000148201
1820 3.26949 0.00855312 0.000148533
1821 3.26949 0.00855308 0.000148755
1822 3.26949 0.00855303 0.00014903
1823 3.26949 0.008553 0.000148829
1824 3.26949 0.00855297 0.000148001
1825 3.26949 0.00855294 0.000146659
1826 3.26949 0.00855293 0.000144715
1827 3.26949 0.00855292 0.000142274
1828 3.26949 0.00855292 0.000139512
1829 3.26949 0.00855292 0.000136276
1830 3.26949 0.00855293 0.000132535
1831 3.26949 0.00855295 0.000128397
1832 3.26949 0.00855298 0.000129213
1833 3.26949 0.00855301 0.000129995
1834 3.26949 0.00855305 0.000130291
1835 3.26949 0.00855309 0.000130158
1836 3.26949 0.00855314 0.000129571
1837 3.26949 0.00855318 0.000128504
1838 3.26949 0.00855324 0.000127057
1839 3.26949 0.00855329 0.000125334
1840 3.26949 0.00855334 0.000123598
1841 3.26949 0.00855339 0.000121908
1842 3.26949 0.00855344 0.000120752
1843 3.26949 0.00855349 0.000119543
1844 3.26949 0.00855354 0.000118686
1845 3.26949 0.00855358 0.000118025
1846 3.26949 0.00855361 0.000118013
1847 3.26949 0.00855365 0.000117666
1848 3.26949 0.00855367 0.000116873
1849 3.26949 0.00855369 0.000115566
1850 3.26949 0.0085537 0.000113796
1851 3.26949 0.00855371 0.000111545
1852 3.26949 0.00855371 0.000108896
1853 3.26949 0.00855371 0.00010688
1854 3.26949 0.0085537 0.000108309
1855 3.26949 0.00855368 0.000109681
1856 3.26949 0.00855366 0.000110667
1857 3.26949 0.00855363 0.000111391
1858 3.26949 0.0085536 0.000111895
1859 3.26949 0.00855356 0.000112102
1860 3.26949 0.00855352 0.000112144
1861 3.26949 0.00855348 0.000113019
1862 3.26949 0.00855344 0.000114094
1863 3.26949 0.00855339 0.000114997
1864 3.26949 0.00855335 0.000115743
1865 3.26949 0.00855331 0.000116312
1866 3.26949 0.00855327 0.000116574
1867 3.26949 0.00855323 0.000116824
1868 3.26949 0.00855319 0.000116992
1869 3.26949 0.00855316 0.000117174
1870 3.26949 0.00855313 0.000116996
1871 3.26949 0.00855311 0.000116345
1872 3.26949 0.00855309 0.000115289
1873 3.26949 0.00855308 0.00011378
1874 3.26949 0.00855307 0.00011187
1875 3.26949 0.00855307 0.000109688
1876 3.26949 0.00855308 0.000107198
1877 3.26949 0.00855309 0.000104317
1878 3.26949 0.0085531 0.000101138
1879 3.26949 0.00855312 0.000101642
1880 3.26949 0.00855314 0.000102223
1881 3.26949 0.00855317 0.000102464
1882 3.26949 0.00855321 0.000102346
1883 3.26949 0.00855324 0.000101878
1884 3.26949 0.00855328 0.000101045
1885 3.26949 0.00855332 9.99187e-05
1886 3.26949 0.00855336 9.86025e-05
1887 3.26949 0.0085534 9.7268e-05
1888 3.26949 0.00855344 9.60239e-05
1889 3.26949 0.00855348 9.51232e-05
1890 3.26949 0.00855351 9.41625e-05
1891 3.26949 0.00855355 9.34883e-05
1892 3.26949 0.00855358 9.28273e-05
1893 3.26949 0.00855361 9.269e-05
1894 3.26949 0.00855363 9.23965e-05
1895 3.26949 0.00855365 9.17703e-05
1896 3.26949 0.00855367 9.07531e-05
1897 3.26949 0.00855368 8.93735e-05
1898 3.26949 0.00855368 8.76301e-05
1899 3.26949 0.00855368 8.55835e-05
1900 3.26949 0.00855368 8.4128e-05
1901 3.26949 0.00855367 8.52617e-05
1902 3.26949 0.00855366 8.62953e-05
1903 3.26949 0.00855364 8.70474e-05
1904 3.26949 0.00855362 8.76219e-05
1905 3.26949 0.00855359 8.80071e-05
1906 3.26949 0.00855357 8.81557e-05
1907 3.26949 0.00855354 8.8284e-05
1908 3.26949 0.0085535 8.90389e-05
1909 3.26949 0.00855347 8.98578e-05
1910 3.26949 0.00855344 9.05604e-05
1911 3.26949 0.0085534 9.11267e-05
1912 3.26949 0.00855337 9.15454e-05
1913 3.26949 0.00855334 9.1729e-05
1914 3.26949 0.00855331 9.19094e-05
1915 3.26949 0.00855328 9.20407e-05
1916 3.26949 0.00855326 9.21534e-05
1917 3.26949 0.00855324 9.19981e-05
1918 3.26949 0.00855322 9.14865e-05
1919 3.26949 0.00855321 9.06551e-05
1920 3.26949 0.0085532 8.94874e-05
1921 3.26949 0.00855319 8.7992e-05
1922 3.26949 0.00855319 8.62643e-05
1923 3.26949 0.0085532 8.43478e-05
1924 3.26949 0.0085532 8.213e-05
1925 3.26949 0.00855321 7.96869e-05
1926 3.26949 0.00855323 7.99749e-05
1927 3.26949 0.00855325 8.0414e-05
1928 3.26949 0.00855327 8.06028e-05
1929 3.26949 0.0085533 8.04986e-05
1930 3.26949 0.00855332 8.01267e-05
1931 3.26949 0.00855335 7.94767e-05
1932 3.26949 0.00855338 7.85992e-05
1933 3.26949 0.00855341 7.76026e-05
1934 3.26949 0.00855344 7.65686e-05
1935 3.26949 0.00855347 7.56548e-05
1936 3.26949 0.0085535 7.49524e-05
1937 3.26949 0.00855353 7.41892e-05
1938 3.26949 0.00855356 7.36585e-05
1939 3.26949 0.00855358 7.30745e-05
1940 3.26949 0.0085536 7.28227e-05
1941 3.26949 0.00855362 7.25841e-05
1942 3.26949 0.00855364 7.20814e-05
1943 3.26949 0.00855365 7.12893e-05
1944 3.26949 0.00855366 7.02147e-05
1945 3.26949 0.00855366 6.88659e-05
1946 3.26949 0.00855366 6.72817e-05
1947 3.26949 0.00855366 6.62414e-05
1948 3.26949 0.00855365 6.71355e-05
1949 3.26949 0.00855364 6.79137e-05
1950 3.26949 0.00855363 6.84971e-05
1951 3.26949 0.00855361 6.89496e-05
1952 3.26949 0.00855359 6.92401e-05
1953 3.26949 0.00855357 6.93437e-05
1954 3.26949 0.00855355 6.95777e-05
1955 3.26949 0.00855352 7.01664e-05
1956 3.26949 0.0085535 7.08108e-05
1957 3.26949 0.00855347 7.13343e-05
1958 3.26949 0.00855345 7.17642e-05
1959 3.26949 0.00855342 7.20713e-05
1960 3.26949 0.0085534 7.22016e-05
1961 3.26949 0.00855338 7.23296e-05
1962 3.26949 0.00855336 7.24312e-05
1963 3.26949 0.00855334 7.24957e-05
1964 3.26949 0.00855332 7.23618e-05
1965 3.26949 0.00855331 7.19594e-05
1966 3.26949 0.0085533 7.1305e-05
1967 3.26949 0.00855329 7.04011e-05
1968 3.26949 0.00855329 6.92474e-05
1969 3.26949 0.00855329 6.78621e-05
1970 3.26949 0.00855329 6.63869e-05
1971 3.26949 0.00855329 6.468e-05
1972 3.26949 0.0085533 6.28012e-05
1973 3.26949 0.00855331 6.29436e-05
1974 3.26949 0.00855333 6.32888e-05
1975 3.26949 0.00855335 6.3423e-05
1976 3.26949 0.00855337 6.33326e-05
1977 3.26949 0.00855339 6.30368e-05
1978 3.26949 0.00855341 6.25294e-05
1979 3.26949 0.00855343 6.18463e-05
1980 3.26949 0.00855345 6.10928e-05
1981 3.26949 0.00855348 6.03259e-05
1982 3.26949 0.0085535 5.96213e-05
1983 3.26949 0.00855352 5.90735e-05
1984 3.26949 0.00855355 5.84771e-05
1985 3.26949 0.00855357 5.80519e-05
1986 3.26949 0.00855358 5.75467e-05
1987 3.26949 0.0085536 5.72365e-05
1988 3.26949 0.00855361 5.70375e-05
1989 3.26949 0.00855363 5.66337e-05
1990 3.26949 0.00855364 5.60167e-05
1991 3.26949 0.00855364 5.51811e-05
1992 3.26949 0.00855364 5.41357e-05
1993 3.26949 0.00855364 5.29091e-05
1994 3.26949 0.00855364 5.21717e-05
1995 3.26949 0.00855364 5.28761e-05
1996 3.26949 0.00855363 5.34614e-05
1997 3.26949 0.00855362 5.39373e-05
1998 3.26949 0.00855361 5.42769e-05
1999 3.26949 0.00855359 5.44955e-05
2000 3.26949 0.00855358 5.45846e-05
2001 3.26949 0.00855356 5.48587e-05
2002 3.26949 0.00855354 5.53204e-05
2003 3.26949 0.00855352 5.58167e-05
2004 3.26949 0.0085535 5.6204e-05
2005 3.26949 0.00855348 5.65305e-05
2006 3.26949 0.00855346 5.67547e-05
2007 3.26949 0.00855345 5.68462e-05
2008 3.26949 0.00855343 5.69423e-05
2009 3.26949 0.00855341 5.70148e-05
2010 3.26949 0.0085534 5.70468e-05
2011 3.26949 0.00855339 5.69323e-05
2012 3.26949 0.00855338 5.66159e-05
2013 3.26949 0.00855337 5.61008e-05
2014 3.26949 0.00855336 5.54009e-05
2015 3.26949 0.00855336 5.45106e-05
2016 3.26949 0.00855336 5.34295e-05
2017 3.26949 0.00855336 5.22675e-05
2018 3.26949 0.00855337 5.09514e-05
2019 3.26949 0.00855337 4.95096e-05
2020 3.26949 0.00855338 4.95665e-05
2021 3.26949 0.00855339 4.98237e-05
2022 3.26949 0.00855341 4.99182e-05
2023 3.26949 0.00855342 4.98407e-05
2024 3.26949 0.00855344 4.96055e-05
2025 3.26949 0.00855345 4.92093e-05
2026 3.26949 0.00855347 4.86778e-05
2027 3.26949 0.00855349 4.81081e-05
2028 3.26949 0.00855351 4.75473e-05
2029 3.26949 0.00855352 4.69971e-05
2030 3.26949 0.00855354 4.65696e-05
2031 3.26949 0.00855356 4.61055e-05
2032 3.26949 0.00855357 4.57676e-05
2033 3.26949 0.00855359 4.53566e-05
2034 3.26949 0.0085536 4.50346e-05
2035 3.26949 0.00855361 4.48338e-05
2036 3.26949 0.00855362 4.4511e-05
2037 3.26949 0.00855363 4.4029e-05
2038 3.26949 0.00855363 4.33791e-05
2039 3.26949 0.00855363 4.25687e-05
2040 3.26949 0.00855363 4.16186e-05
2041 3.26949 0.00855363 4.11008e-05
2042 3.26949 0.00855363 4.16556e-05
2043 3.26949 0.00855362 4.21068e-05
2044 3.26949 0.00855361 4.2483e-05
2045 3.26949 0.0085536 4.27413e-05
2046 3.26949 0.00855359 4.29044e-05
2047 3.26949 0.00855358 4.29872e-05
2048 3.26949 0.00855357 4.32672e-05
2049 3.26949 0.00855355 4.36268e-05
2050 3.26949 0.00855354 4.40077e-05
2051 3.26949 0.00855352 4.42952e-05
2052 3.26949 0.00855351 4.45432e-05
2053 3.26949 0.0085535 4.47066e-05
2054 3.26949 0.00855348 4.47698e-05
2055 3.26949 0.00855347 4.484e-05
2056 3.26949 0.00855346 4.48914e-05
2057 3.26949 0.00855345 4.49025e-05
2058 3.26949 0.00855344 4.4805e-05
2059 3.26949 0.00855343 4.45561e-05
2060 3.26949 0.00855342 4.41539e-05
2061 3.26949 0.00855342 4.36085e-05
2062 3.26949 0.00855342 4.29215e-05
2063 3.26949 0.00855342 4.20884e-05
2064 3.26949 0.00855342 4.11713e-05
2065 3.26949 0.00855342 4.01584e-05
2066 3.26949 0.00855343 3.9049e-05
2067 3.26949 0.00855343 3.90423e-05
2068 3.26949 0.00855344 3.92335e-05
2069 3.26949 0.00855345 3.92994e-05
2070 3.26949 0.00855346 3.92334e-05
2071 3.26949 0.00855347 3.90465e-05
2072 3.26949 0.00855349 3.87371e-05
2073 3.26949 0.0085535 3.83234e-05
2074 3.26949 0.00855351 3.7893e-05
2075 3.26949 0.00855353 3.74845e-05
2076 3.26949 0.00855354 3.70547e-05
2077 3.26949 0.00855356 3.6721e-05
2078 3.26949 0.00855357 3.63596e-05
2079 3.26949 0.00855358 3.60911e-05
2080 3.26949 0.00855359 3.57647e-05
2081 3.26949 0.0085536 3.54624e-05
2082 3.26949 0.00855361 3.52525e-05
2083 3.26949 0.00855362 3.49969e-05
2084 3.26949 0.00855362 3.46168e-05
2085 3.26949 0.00855362 3.41112e-05
2086 3.26949 0.00855363 3.34842e-05
2087 3.26949 0.00855363 3.27468e-05
2088 3.26949 0.00855362 3.23993e-05
2089 3.26949 0.00855362 3.28268e-05
2090 3.26949 0.00855362 3.31787e-05
2091 3.26949 0.00855361 3.34701e-05
2092 3.26949 0.0085536 3.36659e-05
2093 3.26949 0.0085536 3.37878e-05
2094 3.26949 0.00855359 3.38835e-05
2095 3.26949 0.00855358 3.41323e-05
2096 3.26949 0.00855357 3.44126e-05
2097 3.26949 0.00855355 3.47049e-05
2098 3.26949 0.00855354 3.49179e-05
2099 3.26949 0.00855353 3.51069e-05
2100 3.26949 0.00855352 3.523e-05
2101 3.26949 0.00855351 3.52698e-05
2102 3.26949 0.0085535 3.53188e-05
2103 3.26949 0.00855349 3.53548e-05
2104 3.26949 0.00855348 3.53564e-05
2105 3.26949 0.00855347 3.52709e-05
2106 3.26949 0.00855347 3.50748e-05
2107 3.26949 0.00855346 3.47621e-05
2108 3.26949 0.00855346 3.43359e-05
2109 3.26949 0.00855346 3.38051e-05
2110 3.26949 0.00855346 3.3163e-05
2111 3.26949 0.00855346 3.2439e-05
2112 3.26949 0.00855346 3.16595e-05
2113 3.26949 0.00855347 3.08057e-05
2114 3.26949 0.00855347 3.07602e-05
2115 3.26949 0.00855348 3.09021e-05
2116 3.26949 0.00855349 3.09474e-05
2117 3.26949 0.0085535 3.08917e-05
2118 3.26949 0.0085535 3.07432e-05
2119 3.26949 0.00855351 3.05015e-05
2120 3.26949 0.00855352 3.01821e-05
2121 3.26949 0.00855354 2.98628e-05
2122 3.26949 0.00855355 2.95582e-05
2123 3.26949 0.00855356 2.92225e-05
2124 3.26949 0.00855357 2.89618e-05
2125 3.26949 0.00855358 2.86803e-05
2126 3.26949 0.00855359 2.84669e-05
2127 3.26949 0.00855359 2.82077e-05
2128 3.26949 0.0085536 2.79371e-05
2129 3.26949 0.00855361 2.7733e-05
2130 3.26949 0.00855361 2.75242e-05
2131 3.26949 0.00855362 2.72253e-05
2132 3.26949 0.00855362 2.6831e-05
2133 3.26949 0.00855362 2.63459e-05
2134 3.26949 0.00855362 2.57736e-05
2135 3.26949 0.00855362 2.55542e-05
2136 3.26949 0.00855362 2.58835e-05
2137 3.26949 0.00855361 2.6157e-05
2138 3.26949 0.00855361 2.63787e-05
2139 3.26949 0.0085536 2.6526e-05
2140 3.26949 0.0085536 2.66163e-05
2141 3.26949 0.00855359 2.67244e-05
2142 3.26949 0.00855358 2.6932e-05
2143 3.26949 0.00855357 2.71503e-05
2144 3.26949 0.00855357 2.73747e-05
2145 3.26949 0.00855356 2.75326e-05
2146 3.26949 0.00855355 2.76761e-05
2147 3.26949 0.00855354 2.77688e-05
2148 3.26949 0.00855353 2.77939e-05
2149 3.26949 0.00855352 2.78283e-05
2150 3.26949 0.00855352 2.78512e-05
2151 3.26949 0.00855351 2.78479e-05
2152 3.26949 0.00855351 2.77745e-05
2153 3.26949 0.0085535 2.76186e-05
2154 3.26949 0.0085535 2.73756e-05
2155 3.26949 0.0085535 2.70428e-05
2156 3.26949 0.00855349 2.66322e-05
2157 3.26949 0.00855349 2.61368e-05
2158 3.26949 0.00855349 2.55711e-05
2159 3.26949 0.0085535 2.49652e-05
2160 3.26949 0.0085535 2.4308e-05
2161 3.26949 0.0085535 2.42414e-05
2162 3.26949 0.00855351 2.43459e-05
2163 3.26949 0.00855351 2.43766e-05
2164 3.26949 0.00855352 2.43299e-05
2165 3.26949 0.00855353 2.42118e-05
2166 3.26949 0.00855354 2.4023e-05
2167 3.26949 0.00855354 2.37793e-05
2168 3.26949 0.00855355 2.3547e-05
2169 3.26949 0.00855356 2.33133e-05
2170 3.26949 0.00855357 2.3051e-05
2171 3.26949 0.00855358 2.28473e-05
2172 3.26949 0.00855358 2.26279e-05
2173 3.26949 0.00855359 2.24587e-05
2174 3.26949 0.0085536 2.22524e-05
2175 3.26949 0.0085536 2.20212e-05
2176 3.26949 0.00855361 2.18305e-05
2177 3.26949 0.00855361 2.16565e-05
2178 3.26949 0.00855361 2.14202e-05
2179 3.26949 0.00855362 2.11105e-05
2180 3.26949 0.00855362 2.07353e-05
2181 3.26949 0.00855362 2.02925e-05
2182 3.26949 0.00855362 2.01627e-05
2183 3.26949 0.00855362 2.04176e-05
2184 3.26949 0.00855361 2.06275e-05
2185 3.26949 0.00855361 2.07949e-05
2186 3.26949 0.0085536 2.09064e-05
2187 3.26949 0.0085536 2.09784e-05
2188 3.26949 0.00855359 2.10991e-05
2189 3.26949 0.00855359 2.12553e-05
2190 3.26949 0.00855358 2.14255e-05
2191 3.26949 0.00855358 2.15973e-05
2192 3.26949 0.00855357 2.17144e-05
2193 3.26949 0.00855356 2.18238e-05
2194 3.26949 0.00855356 2.18933e-05
2195 3.26949 0.00855355 2.19079e-05
2196 3.26949 0.00855354 2.19326e-05
2197 3.26949 0.00855354 2.19455e-05
2198 3.26949 0.00855353 2.19394e-05
2199 3.26949 0.00855353 2.18769e-05
2200 3.26949 0.00855353 2.17534e-05
2201 3.26949 0.00855352 2.15641e-05
2202 3.26949 0.00855352 2.13042e-05
2203 3.26949 0.00855352 2.09868e-05
2204 3.26949 0.00855352 2.06044e-05
2205 3.26949 0.00855352 2.01688e-05
2206 3.26949 0.00855352 1.9691e-05
2207 3.26949 0.00855353 1.9185e-05
2208 3.26949 0.00855353 1.91086e-05
2209 3.26949 0.00855353 1.91854e-05
2210 3.26949 0.00855354 1.92057e-05
2211 3.26949 0.00855354 1.91667e-05
2212 3.26949 0.00855355 1.90729e-05
2213 3.26949 0.00855355 1.89253e-05
2214 3.26949 0.00855356 1.87405e-05
2215 3.26949 0.00855357 1.85712e-05
2216 3.26949 0.00855357 1.8392e-05
2217 3.26949 0.00855358 1.81873e-05
2218 3.26949 0.00855358 1.80276e-05
2219 3.26949 0.00855359 1.78565e-05
2220 3.26949 0.00855359 1.77236e-05
2221 3.26949 0.0085536 1.75583e-05
2222 3.26949 0.0085536 1.73672e-05
2223 3.26949 0.00855361 1.72032e-05
2224 3.26949 0.00855361 1.70471e-05
2225 3.26949 0.00855361 1.68603e-05
2226 3.26949 0.00855361 1.66171e-05
2227 3.26949 0.00855362 1.63244e-05
2228 3.26949 0.00855362 1.59847e-05
2229 3.26949 0.00855361 1.59149e-05
2230 3.26949 0.00855361 1.61154e-05
2231 3.26949 0.00855361 1.62736e-05
2232 3.26949 0.00855361 1.63975e-05
2233 3.26949 0.00855361 1.64815e-05
2234 3.26949 0.0085536 1.65454e-05
2235 3.26949 0.0085536 1.66611e-05
2236 3.26949 0.00855359 1.67787e-05
2237 3.26949 0.00855359 1.69114e-05
2238 3.26949 0.00855358 1.70429e-05
2239 3.26949 0.00855358 1.71295e-05
2240 3.26949 0.00855357 1.72145e-05
2241 3.26949 0.00855357 1.72651e-05
2242 3.26949 0.00855356 1.72744e-05
2243 3.26949 0.00855356 1.72901e-05
2244 3.26949 0.00855355 1.72962e-05
2245 3.26949 0.00855355 1.72888e-05
2246 3.26949 0.00855355 1.7236e-05
2247 3.26949 0.00855355 1.71381e-05
2248 3.26949 0.00855354 1.69906e-05
2249 3.26949 0.00855354 1.67889e-05
2250 3.26949 0.00855354 1.65423e-05
2251 3.26949 0.00855354 1.62471e-05
2252 3.26949 0.00855354 1.59114e-05
2253 3.26949 0.00855354 1.55348e-05
2254 3.26949 0.00855354 1.5145e-05
2255 3.26949 0.00855355 1.50661e-05
2256 3.26949 0.00855355 1.51223e-05
2257 3.26949 0.00855355 1.51353e-05
2258 3.26949 0.00855356 1.5103e-05
2259 3.26949 0.00855356 1.50286e-05
2260 3.26949 0.00855357 1.4913e-05
2261 3.26949 0.00855357 1.47825e-05
2262 3.26949 0.00855358 1.46502e-05
2263 3.26949 0.00855358 1.45126e-05
2264 3.26949 0.00855358 1.43539e-05
2265 3.26949 0.00855359 1.42277e-05
2266 3.26949 0.00855359 1.40942e-05
2267 3.26949 0.0085536 1.39898e-05
2268 3.26949 0.0085536 1.38574e-05
2269 3.26949 0.00855361 1.37082e-05
2270 3.26949 0.00855361 1.35616e-05
2271 3.26949 0.00855361 1.34282e-05
2272 3.26949 0.00855361 1.32766e-05
2273 3.26949 0.00855361 1.30877e-05
2274 3.26949 0.00855361 1.28603e-05
2275 3.26949 0.00855361 1.25975e-05
2276 3.26949 0.00855361 1.25718e-05
2277 3.26949 0.00855361 1.27235e-05
2278 3.26949 0.00855361 1.28421e-05
2279 3.26949 0.00855361 1.29331e-05
2280 3.26949 0.00855361 1.2996e-05
2281 3.26949 0.0085536 1.30601e-05
2282 3.26949 0.0085536 1.31594e-05
2283 3.26949 0.0085536 1.32489e-05
2284 3.26949 0.00855359 1.33524e-05
2285 3.26949 0.00855359 1.34517e-05
2286 3.26949 0.00855359 1.35159e-05
2287 3.26949 0.00855358 1.35819e-05
2288 3.26949 0.00855358 1.36183e-05
2289 3.26949 0.00855357 1.3624e-05
2290 3.26949 0.00855357 1.36334e-05
2291 3.26949 0.00855357 1.36352e-05
2292 3.26949 0.00855356 1.36273e-05
2293 3.26949 0.00855356 1.35829e-05
2294 3.26949 0.00855356 1.35054e-05
2295 3.26949 0.00855356 1.33907e-05
2296 3.26949 0.00855356 1.32346e-05
2297 3.26949 0.00855356 1.30421e-05
2298 3.26949 0.00855356 1.28146e-05
2299 3.26949 0.00855356 1.25556e-05
2300 3.26949 0.00855356 1.22652e-05
2301 3.26949 0.00855356 1.19583e-05
2302 3.26949 0.00855356 1.18815e-05
2303 3.26949 0.00855356 1.19225e-05
2304 3.26949 0.00855357 1.19305e-05
2305 3.26949 0.00855357 1.19037e-05
2306 3.26949 0.00855357 1.18448e-05
2307 3.26949 0.00855358 1.17562e-05
2308 3.26949 0.00855358 1.16632e-05
2309 3.26949 0.00855358 1.15605e-05
2310 3.26949 0.00855359 1.1454e-05
2311 3.26949 0.00855359 1.13309e-05
2312 3.26949 0.00855359 1.12311e-05
2313 3.26949 0.0085536 1.11274e-05
2314 3.26949 0.0085536 1.10449e-05
2315 3.26949 0.0085536 1.09388e-05
2316 3.26949 0.00855361 1.08224e-05
2317 3.26949 0.00855361 1.06958e-05
2318 3.26949 0.00855361 1.05806e-05
2319 3.26949 0.00855361 1.0462e-05
2320 3.26949 0.00855361 1.03134e-05
2321 3.26949 0.00855361 1.01366e-05
2322 3.26949 0.00855361 9.93581e-06
