0 -0.829068 -4.31257 51.8956
1 -0.0354792 -3.51898 49.6632
2 0.193959 -3.28954 48.1418
3 0.378196 -3.1053 47.068
4 0.571517 -2.91198 48.285
5 0.801977 -2.68152 48.9038
6 1.09449 -2.38901 48.8376
7 1.47556 -2.00794 47.9079
8 1.97333 -1.51017 45.918
9 2.61429 -0.869209 42.644
10 3.41677 -0.0667272 37.884
11 4.38018 0.896677 31.684
12 5.46792 1.98442 24.1149
13 6.58604 3.10254 21.2002
14 7.57276 4.08926 28.1204
15 8.22463 4.74113 34.5573
16 8.3709 4.88739 39.0903
17 7.96315 4.47965 40.8096
18 7.11224 3.62874 39.3882
19 6.03539 2.55189 36.6764
20 4.95497 1.47147 33.2012
21 4.02268 0.539177 28.8052
22 3.30229 -0.181214 23.7715
23 2.79288 -0.690622 18.5146
24 2.46138 -1.02212 13.4493
25 2.26664 -1.21686 9.79684
26 2.17177 -1.31173 11.5792
27 2.14829 -1.33521 13.2193
28 2.17596 -1.30754 14.3838
29 2.24115 -1.24235 14.9992
30 2.33495 -1.14855 15.1886
31 2.45164 -1.03186 15.1207
32 2.5875 -0.895998 14.6544
33 2.73996 -0.743544 14.6597
34 2.90683 -0.576672 14.5766
35 3.08567 -0.397832 14.1544
36 3.27307 -0.210431 13.3823
37 3.46406 -0.0194441 12.2649
38 3.65172 0.168221 10.8499
39 3.8273 0.343804 9.18359
40 3.98087 0.497364 7.64082
41 4.10253 0.619031 8.21603
42 4.18412 0.700618 8.89256
43 4.22071 0.737206 9.44032
44 4.21173 0.728227 9.75421
45 4.16119 0.677688 9.7776
46 4.07696 0.593463 9.49916
47 3.96937 0.48587 9.24845
48 3.84947 0.365966 8.86227
49 3.7275 0.244004 8.33266
50 3.61186 0.128364 7.64102
51 3.50854 0.0250431 6.79853
52 3.42115 -0.0623534 5.88197
53 3.35122 -0.132278 4.9503
54 3.29876 -0.184736 4.82779
55 3.26277 -0.220732 4.95544
56 3.24173 -0.241775 5.06858
57 3.23401 -0.24949 5.09876
58 3.23811 -0.245393 5.03022
59 3.25269 -0.230815 4.87607
60 3.27653 -0.206967 4.6318
61 3.30842 -0.175077 4.43651
62 3.34695 -0.136547 4.29716
63 3.39044 -0.0930558 4.1694
64 3.43692 -0.0465785 3.98897
65 3.48418 0.000674569 3.77338
66 3.52989 0.0463931 3.53103
67 3.57184 0.0883391 3.2456
68 3.60803 0.124528 3.20547
69 3.63689 0.153386 3.28429
70 3.65737 0.173872 3.37835
71 3.66903 0.185532 3.46326
72 3.672 0.188499 3.51275
73 3.66693 0.18343 3.53264
74 3.6549 0.171399 3.53581
75 3.63726 0.153761 3.52771
76 3.61551 0.132006 3.48156
77 3.59113 0.107629 3.38557
78 3.56552 0.0820222 3.25327
79 3.53991 0.0564058 3.09223
80 3.5153 0.0318013 2.89732
81 3.49253 0.00903238 2.76457
82 3.47225 -0.0112493 2.6691
83 3.45497 -0.0285323 2.58148
84 3.44108 -0.0424199 2.49089
85 3.43088 -0.0526214 2.39782
86 3.42454 -0.0589587 2.312
87 3.42212 -0.0613843 2.37944
88 3.4235 -0.0599989 2.43185
89 3.42844 -0.0550607 2.4607
90 3.43652 -0.0469785 2.4681
91 3.44721 -0.0362895 2.44639
92 3.45988 -0.0236249 2.38969
93 3.47383 -0.00966789 2.30849
94 3.48839 0.00488749 2.20756
95 3.50287 0.0193733 2.12518
96 3.51668 0.0331758 2.08364
97 3.52925 0.0457543 2.0508
98 3.54015 0.0566501 2.03465
99 3.54899 0.0654893 2.05808
100 3.55548 0.0719816 2.07979
101 3.55942 0.0759217 2.11179
102 3.5607 0.0771948 2.14221
103 3.55929 0.0757892 2.15766
104 3.55532 0.0718147 2.14171
105 3.54902 0.0655203 2.09349
106 3.5408 0.0573028 2.01245
107 3.5312 0.0476979 1.90329
108 3.52085 0.0373479 1.77477
109 3.51045 0.0269479 1.63541
110 3.50068 0.0171784 1.50589
111 3.49214 0.00863816 1.52835
112 3.48529 0.00178879 1.58485
113 3.48042 -0.00307805 1.63173
114 3.47765 -0.00584965 1.67272
115 3.47692 -0.00657934 1.69305
116 3.47804 -0.00545848 1.69434
117 3.48072 -0.00278049 1.68422
118 3.4846 0.00109621 1.66842
119 3.48928 0.00578202 1.65087
120 3.49438 0.010884 1.63462
121 3.49953 0.0160268 1.62058
122 3.50437 0.0208682 1.59628
123 3.50861 0.0251082 1.5691
124 3.512 0.0284966 1.53492
125 3.51434 0.0308375 1.50798
126 3.51549 0.0319937 1.502
127 3.51539 0.0318918 1.50413
128 3.51403 0.030527 1.49477
129 3.51147 0.0279672 1.47293
130 3.50785 0.0243544 1.4412
131 3.5034 0.0199012 1.39738
132 3.49838 0.014881 1.34098
133 3.49311 0.00961071 1.26988
134 3.48793 0.00442796 1.18591
135 3.48317 -0.000334864 1.18708
136 3.47912 -0.00437644 1.22231
137 3.47605 -0.00744821 1.24844
138 3.47413 -0.00936977 1.27541
139 3.47346 -0.0100367 1.30066
140 3.47408 -0.00942172 1.31807
141 3.47593 -0.0075699 1.31955
142 3.47891 -0.004591 1.30543
143 3.48285 -0.000649775 1.27998
144 3.48754 0.00404403 1.25052
145 3.49275 0.00924549 1.23279
146 3.49818 0.0146843 1.23329
147 3.50358 0.0200757 1.24151
148 3.50863 0.0251325 1.2693
149 3.51308 0.0295803 1.30593
150 3.51668 0.0331756 1.33146
151 3.51923 0.0357249 1.3456
152 3.5206 0.0371042 1.34881
153 3.52078 0.0372745 1.33562
154 3.51979 0.0362898 1.30529
155 3.5178 0.0342957 1.26359
156 3.51502 0.0315148 1.20969
157 3.51172 0.0282236 1.14167
158 3.50822 0.024722 1.09592
159 3.5048 0.0213009 1.13989
160 3.50172 0.0182146 1.17365
161 3.49916 0.0156592 1.19895
162 3.49726 0.0137619 1.22112
163 3.49608 0.0125789 1.23192
164 3.4956 0.0121004 1.23731
165 3.49576 0.0122618 1.23802
166 3.49646 0.0129564 1.24293
167 3.49755 0.0140491 1.25874
168 3.49889 0.0153886 1.26771
169 3.50032 0.016818 1.26264
170 3.50168 0.0181841 1.25382
171 3.50284 0.0193443 1.24248
172 3.50367 0.0201734 1.22288
173 3.50407 0.020569 1.2132
174 3.50396 0.0204573 1.21749
175 3.5033 0.0197984 1.2146
176 3.50209 0.0185903 1.20784
177 3.50037 0.0168714 1.18873
178 3.49822 0.0147206 1.1589
179 3.49575 0.0122541 1.11926
180 3.49312 0.00961771 1.07041
181 3.49048 0.00697692 1.01181
182 3.488 0.00450366 0.95955
183 3.48586 0.00236271 0.994965
184 3.4842 0.000698824 1.02343
185 3.48313 -0.000373913 1.04308
186 3.48272 -0.000779445 1.05579
187 3.48302 -0.000483603 1.06285
188 3.48401 0.000505369 1.06683
189 3.48564 0.00213897 1.05951
190 3.48783 0.00433257 1.04056
191 3.49047 0.0069708 1.01176
192 3.49341 0.00991392 0.983048
193 3.49651 0.0130048 0.967186
194 3.49958 0.0160766 0.985536
195 3.50246 0.0189618 1.01007
196 3.505 0.0215015 1.03818
197 3.50706 0.0235564 1.0586
198 3.50852 0.0250169 1.07168
199 3.50931 0.025813 1.07486
200 3.50942 0.0259218 1.06695
201 3.50887 0.025371 1.04621
202 3.50774 0.0242375 1.01732
203 3.50614 0.0226406 0.979222
204 3.50423 0.0207307 0.931116
205 3.50217 0.0186743 0.877808
206 3.50014 0.0166374 0.899622
207 3.49827 0.0147704 0.928732
208 3.4967 0.0131953 0.949069
209 3.4955 0.0119978 0.960747
210 3.49472 0.011223 0.969759
211 3.49438 0.010876 0.971529
212 3.49443 0.0109262 0.968383
213 3.49481 0.0113135 0.962864
214 3.49546 0.0119555 0.960718
215 3.49626 0.0127557 0.960338
216 3.49711 0.0136111 0.962248
217 3.49792 0.0144192 0.959503
218 3.49858 0.0150841 0.955135
219 3.49902 0.0155223 0.944904
220 3.49917 0.0156671 0.941973
221 3.49897 0.015473 0.943948
222 3.49842 0.0149189 0.945385
223 3.49751 0.0140101 0.943404
224 3.49628 0.0127787 0.932871
225 3.49478 0.011283 0.914053
226 3.4931 0.00960392 0.887071
227 3.49134 0.00783976 0.851903
228 3.4896 0.00609968 0.809589
229 3.488 0.00449543 0.766145
230 3.48663 0.00313315 0.794615
231 3.48561 0.00210548 0.818443
232 3.48499 0.00148498 0.83505
233 3.48482 0.00131937 0.844767
234 3.48513 0.00162869 0.848993
235 3.48591 0.0024046 0.848564
236 3.48711 0.00361142 0.841877
237 3.48869 0.00518871 0.825368
238 3.49056 0.00705507 0.801689
239 3.49261 0.00911282 0.776811
240 3.49475 0.0112534 0.764674
241 3.49686 0.0133636 0.77811
242 3.49883 0.0153317 0.795594
243 3.50056 0.0170547 0.816442
244 3.50195 0.0184447 0.833787
245 3.50294 0.0194355 0.844775
246 3.50349 0.0199877 0.847176
247 3.50359 0.0200918 0.841815
248 3.50327 0.0197698 0.828031
249 3.50257 0.019073 0.806328
250 3.50158 0.0180773 0.775606
251 3.50038 0.0168768 0.737905
252 3.49908 0.0155746 0.699488
253 3.49777 0.0142735 0.720469
254 3.49657 0.0130678 0.74343
255 3.49554 0.0120349 0.75996
256 3.49473 0.0112308 0.768719
257 3.49419 0.0106873 0.774727
258 3.49391 0.010411 0.774915
259 3.49389 0.0103855 0.770531
260 3.49408 0.0105748 0.764399
261 3.49443 0.010927 0.763843
262 3.49488 0.0113803 0.761773
263 3.49537 0.0118671 0.763843
264 3.49582 0.0123198 0.762619
265 3.49618 0.012675 0.759247
266 3.49638 0.0128777 0.756015
267 3.49639 0.0128853 0.757111
268 3.49617 0.0126699 0.76155
269 3.49572 0.0122211 0.763071
270 3.49505 0.0115462 0.761525
271 3.49417 0.010671 0.753403
272 3.49314 0.00963796 0.737514
273 3.492 0.00850351 0.715224
274 3.49084 0.00733459 0.685802
275 3.4897 0.00620374 0.651367
276 3.48868 0.00518398 0.625472
277 3.48784 0.00434347 0.647951
278 3.48724 0.00374062 0.665514
279 3.48692 0.00341999 0.677336
280 3.48691 0.00340932 0.683231
281 3.48722 0.00371774 0.684312
282 3.48784 0.00433536 0.680978
283 3.48873 0.00523407 0.674508
284 3.48987 0.00636931 0.66136
285 3.49118 0.00768291 0.64253
286 3.49261 0.00910652 0.62223
287 3.49407 0.0105657 0.618092
288 3.49548 0.0119842 0.628599
289 3.49679 0.0132889 0.643586
290 3.49791 0.0144141 0.659823
291 3.49881 0.0153061 0.672321
292 3.49943 0.0159265 0.678409
293 3.49976 0.0162554 0.677906
294 3.49979 0.0162924 0.673781
295 3.49956 0.0160568 0.661931
296 3.49909 0.0155852 0.643046
297 3.49843 0.0149289 0.617613
298 3.49765 0.0141488 0.586436
299 3.49681 0.0133102 0.565177
300 3.49598 0.0124774 0.587084
301 3.49521 0.0117082 0.603864
302 3.49455 0.0110499 0.614932
303 3.49404 0.0105361 0.620971
304 3.49369 0.0101851 0.622679
305 3.4935 0.00999943 0.620643
306 3.49347 0.00996721 0.614231
307 3.49356 0.0100639 0.607798
308 3.49376 0.010255 0.607219
309 3.494 0.0104999 0.606194
310 3.49425 0.0107543 0.609641
311 3.49448 0.0109747 0.609746
312 3.49462 0.0111208 0.608925
313 3.49466 0.0111591 0.6104
314 3.49457 0.0110646 0.612104
315 3.49432 0.0108234 0.615811
316 3.49393 0.010433 0.616549
317 3.4934 0.00990375 0.614251
318 3.49276 0.0092573 0.60631
319 3.49203 0.00852598 0.592572
320 3.49125 0.0077504 0.573237
321 3.49048 0.00697676 0.548347
322 3.48975 0.00625354 0.519194
323 3.48913 0.00562805 0.515415
324 3.48864 0.00514309 0.531969
325 3.48833 0.00483388 0.544137
326 3.48823 0.00472557 0.551579
327 3.48833 0.00483157 0.554561
328 3.48865 0.0051526 0.553404
329 3.48918 0.00567668 0.54878
330 3.48988 0.00637992 0.541742
331 3.49073 0.00722794 0.529621
332 3.49168 0.00817809 0.513808
333 3.49268 0.00918198 0.500223
334 3.49369 0.0101885 0.503235
335 3.49465 0.0111468 0.511739
336 3.49551 0.0120097 0.524329
337 3.49624 0.0127365 0.537029
338 3.4968 0.0132958 0.544788
339 3.49717 0.013667 0.547194
340 3.49734 0.0138423 0.546307
341 3.49733 0.0138265 0.540782
342 3.49714 0.0136366 0.529488
343 3.4968 0.0133001 0.512187
344 3.49635 0.0128523 0.49003
345 3.49583 0.0123338 0.4635
346 3.49529 0.0117864 0.46565
347 3.49475 0.0112503 0.481537
348 3.49426 0.0107607 0.493256
349 3.49385 0.0103455 0.500323
350 3.49352 0.0100235 0.503104
351 3.4933 0.00980356 0.502378
352 3.49319 0.00968476 0.498847
353 3.49316 0.00965699 0.491869
354 3.4932 0.00970245 0.487048
355 3.4933 0.00979754 0.486012
356 3.49342 0.00991505 0.487374
357 3.49353 0.0100265 0.489441
358 3.4936 0.0101043 0.490271
359 3.49362 0.0101242 0.490901
360 3.49357 0.0100668 0.493299
361 3.49342 0.00991951 0.49551
362 3.49318 0.00967706 0.497889
363 3.49284 0.00934244 0.498182
364 3.49243 0.00892664 0.494451
365 3.49195 0.00844807 0.486454
366 3.49143 0.00793138 0.473785
367 3.49091 0.00740575 0.457198
368 3.4904 0.00690293 0.436131
369 3.48996 0.00645494 0.41317
370 3.48959 0.00609183 0.42706
371 3.48934 0.00583956 0.438473
372 3.48922 0.00571811 0.446339
373 3.48924 0.0057401 0.449848
374 3.48941 0.00590989 0.449649
375 3.48972 0.00622321 0.446119
376 3.49017 0.00666744 0.440366
377 3.49072 0.00722238 0.433249
378 3.49136 0.00786144 0.421986
379 3.49205 0.00855335 0.408631
380 3.49276 0.00926404 0.40357
381 3.49346 0.00995876 0.409984
382 3.4941 0.0106042 0.418673
383 3.49467 0.0111707 0.429325
384 3.49513 0.0116339 0.437489
385 3.49548 0.0119763 0.441551
386 3.49569 0.0121883 0.442404
387 3.49577 0.0122687 0.43951
388 3.49573 0.0122245 0.432764
389 3.49557 0.01207 0.42141
390 3.49533 0.0118257 0.405617
391 3.49502 0.0115161 0.385901
392 3.49467 0.011168 0.369147
393 3.49431 0.0108084 0.38372
394 3.49396 0.010462 0.395057
395 3.49365 0.0101499 0.402481
396 3.49339 0.00988774 0.406331
397 3.49319 0.00968528 0.406524
398 3.49305 0.00954579 0.40405
399 3.49297 0.00946633 0.399303
400 3.49294 0.0094384 0.393515
401 3.49295 0.00944898 0.390029
402 3.49298 0.00948185 0.390601
403 3.49302 0.00951912 0.393096
404 3.49304 0.00954278 0.394543
405 3.49304 0.00953619 0.394972
406 3.49299 0.00948549 0.397801
407 3.49288 0.00938071 0.399039
408 3.49272 0.00921665 0.401863
409 3.49249 0.00899338 0.402781
410 3.49222 0.00871632 0.402565
411 3.4919 0.00839603 0.398035
412 3.49155 0.0080475 0.389946
413 3.49119 0.00768916 0.377743
414 3.49084 0.00734166 0.362147
415 3.49053 0.00702637 0.343446
416 3.49026 0.00676395 0.341562
417 3.49007 0.00657281 0.352171
418 3.48997 0.00646782 0.359136
419 3.48996 0.00645929 0.363475
420 3.49005 0.00655213 0.364328
421 3.49025 0.00674552 0.362216
422 3.49053 0.00703292 0.357458
423 3.4909 0.00740239 0.351663
424 3.49134 0.00783735 0.344119
425 3.49182 0.00831756 0.333896
426 3.49232 0.00882041 0.32646
427 3.49282 0.00932227 0.32838
428 3.4933 0.00979994 0.334009
429 3.49373 0.0102321 0.342216
430 3.4941 0.0106006 0.350147
431 3.49439 0.0108916 0.355049
432 3.4946 0.011096 0.356868
433 3.49471 0.0112106 0.355799
434 3.49474 0.0112373 0.351562
435 3.49468 0.0111832 0.344081
436 3.49456 0.0110599 0.332761
437 3.49438 0.0108823 0.318411
438 3.49417 0.0106672 0.300998
439 3.49393 0.0104323 0.30542
440 3.4937 0.0101945 0.315838
441 3.49347 0.00996896 0.323199
442 3.49327 0.00976767 0.327413
443 3.4931 0.00959916 0.328486
444 3.49297 0.00946782 0.326899
445 3.49287 0.00937397 0.323565
446 3.49281 0.00931407 0.318633
447 3.49278 0.00928131 0.314804
448 3.49277 0.00926638 0.312487
449 3.49276 0.00925842 0.314858
450 3.49275 0.00924601 0.316933
451 3.49272 0.00921827 0.317834
452 3.49267 0.00916572 0.319817
453 3.49258 0.00908121 0.321358
454 3.49246 0.0089605 0.323471
455 3.4923 0.00880274 0.325697
456 3.49211 0.0086106 0.326002
457 3.49189 0.00839018 0.323751
458 3.49165 0.00815069 0.318258
459 3.4914 0.00790382 0.309739
460 3.49116 0.00766297 0.298242
461 3.49094 0.00744232 0.283897
462 3.49076 0.00725587 0.272442
463 3.49062 0.00711641 0.281581
464 3.49054 0.00703463 0.288803
465 3.49052 0.00701833 0.293017
466 3.49057 0.00707187 0.294559
467 3.4907 0.00719579 0.293658
468 3.49089 0.00738672 0.290407
469 3.49114 0.00763757 0.285641
470 3.49144 0.00793793 0.280339
471 3.49178 0.00827465 0.272797
472 3.49213 0.00863271 0.265512
473 3.4925 0.00899606 0.26356
474 3.49285 0.00934864 0.267709
475 3.49318 0.00967532 0.273882
476 3.49346 0.00996281 0.28059
477 3.4937 0.0102005 0.285322
478 3.49388 0.0103807 0.287911
479 3.494 0.0104998 0.287707
480 3.49406 0.0105573 0.285174
481 3.49406 0.0105564 0.279891
482 3.494 0.0105037 0.271764
483 3.49391 0.0104077 0.261083
484 3.49378 0.0102792 0.248056
485 3.49363 0.0101295 0.242919
486 3.49347 0.00996997 0.252072
487 3.49331 0.00981112 0.259067
488 3.49316 0.00966182 0.263168
489 3.49303 0.00952883 0.265052
490 3.49292 0.00941635 0.26437
491 3.49283 0.00932595 0.261646
492 3.49276 0.00925665 0.257982
493 3.49271 0.00920515 0.254084
494 3.49267 0.00916634 0.250823
495 3.49263 0.00913384 0.251948
496 3.4926 0.00910067 0.253978
497 3.49256 0.00905993 0.255282
498 3.49251 0.00900545 0.256699
499 3.49243 0.00893235 0.258815
500 3.49234 0.00883758 0.260104
501 3.49222 0.0087202 0.262694
502 3.49208 0.00858155 0.26351
503 3.49193 0.00842526 0.262743
504 3.49176 0.00825706 0.259322
505 3.49158 0.00808441 0.253422
506 3.49142 0.00791603 0.245029
507 3.49126 0.00776133 0.234451
508 3.49113 0.00762971 0.221634
509 3.49103 0.00752995 0.22634
510 3.49097 0.00746956 0.23256
511 3.49095 0.00745423 0.236626
512 3.49099 0.0074874 0.23867
513 3.49107 0.00757002 0.238453
514 3.4912 0.00770038 0.236183
515 3.49137 0.00787421 0.2324
516 3.49159 0.0080849 0.228113
517 3.49182 0.00832386 0.222662
518 3.49208 0.00858106 0.216435
519 3.49235 0.0088456 0.212499
520 3.49261 0.00910635 0.215383
521 3.49285 0.00935265 0.219653
522 3.49308 0.00957487 0.225239
523 3.49327 0.00976499 0.229571
524 3.49342 0.00991703 0.232616
525 3.49353 0.0100273 0.233015
526 3.4936 0.0100946 0.231665
527 3.49362 0.0101201 0.228068
528 3.49361 0.010107 0.222364
529 3.49356 0.0100606 0.214235
530 3.49349 0.00998726 0.204413
531 3.49339 0.00989438 0.194602
532 3.49329 0.00978945 0.201815
533 3.49318 0.00967964 0.207829
534 3.49307 0.0095713 0.211943
535 3.49297 0.00946953 0.213958
536 3.49288 0.00937788 0.21393
537 3.4928 0.00929825 0.212058
538 3.49273 0.00923084 0.209041
539 3.49267 0.00917431 0.205815
540 3.49263 0.00912603 0.202978
541 3.49258 0.00908241 0.201961
542 3.49254 0.00903934 0.204028
543 3.49249 0.00899261 0.205696
544 3.49244 0.00893834 0.206647
545 3.49237 0.00887341 0.208753
546 3.4923 0.00879578 0.20987
547 3.49221 0.00870472 0.212025
548 3.4921 0.00860098 0.213332
549 3.49199 0.00848679 0.213204
550 3.49187 0.0083658 0.211013
551 3.49174 0.00824283 0.206865
552 3.49162 0.00812358 0.200632
553 3.49151 0.00801429 0.192579
554 3.49142 0.00792128 0.182746
555 3.49135 0.00785052 0.181484
556 3.49131 0.0078072 0.186949
557 3.4913 0.00779536 0.190752
558 3.49132 0.0078176 0.192797
559 3.49138 0.00787483 0.193002
560 3.49147 0.00796619 0.1916
561 3.49159 0.00808908 0.188784
562 3.49174 0.00823922 0.185273
563 3.49191 0.00841098 0.18133
564 3.4921 0.00859759 0.176183
565 3.49229 0.00879163 0.172333
566 3.49249 0.00898538 0.173111
567 3.49267 0.00917132 0.176076
568 3.49284 0.00934251 0.180558
569 3.49299 0.009493 0.184548
570 3.49312 0.00961813 0.187358
571 3.49322 0.00971474 0.18839
572 3.49328 0.0097813 0.187645
573 3.49332 0.0098179 0.185394
574 3.49333 0.00982613 0.181302
575 3.49331 0.00980892 0.175337
576 3.49327 0.0097702 0.167756
577 3.49322 0.00971457 0.158818
578 3.49315 0.00964695 0.16162
579 3.49307 0.00957221 0.166893
580 3.493 0.00949477 0.170781
581 3.49292 0.00941838 0.172802
582 3.49285 0.00934587 0.17329
583 3.49278 0.00927903 0.172165
584 3.49272 0.00921855 0.169705
585 3.49266 0.00916414 0.166981
586 3.49262 0.00911458 0.16452
587 3.49257 0.00906799 0.16221
588 3.49252 0.00902206 0.164082
589 3.49247 0.00897434 0.165747
590 3.49242 0.00892252 0.166541
591 3.49237 0.00886469 0.168175
592 3.4923 0.00879959 0.169396
593 3.49223 0.0087268 0.170905
594 3.49215 0.00864679 0.172448
595 3.49206 0.00856102 0.1726
596 3.49197 0.00847187 0.171326
597 3.49188 0.0083825 0.168374
598 3.4918 0.00829668 0.163781
599 3.49172 0.00821856 0.157667
600 3.49165 0.00815238 0.150087
601 3.4916 0.0081022 0.145337
602 3.49157 0.00807156 0.150108
603 3.49156 0.00806331 0.1536
604 3.49158 0.0080793 0.155512
605 3.49162 0.00812031 0.156073
606 3.49169 0.00818588 0.155269
607 3.49177 0.00827439 0.15329
608 3.49188 0.00838304 0.150446
609 3.49201 0.00850808 0.147255
610 3.49215 0.00864492 0.143264
611 3.49229 0.00878846 0.139715
612 3.49243 0.00893333 0.139021
613 3.49257 0.00907422 0.141137
614 3.49271 0.00920613 0.144687
615 3.49283 0.00932467 0.148134
616 3.49293 0.00942626 0.150703
617 3.49301 0.00950831 0.152021
618 3.49307 0.0095693 0.151758
619 3.49311 0.00960881 0.150387
620 3.49313 0.00962749 0.147477
621 3.49313 0.00962689 0.143155
622 3.49311 0.00960936 0.137275
623 3.49308 0.00957775 0.130335
624 3.49304 0.00953526 0.129238
625 3.49299 0.00948512 0.133911
626 3.49293 0.00943041 0.137317
627 3.49287 0.00937381 0.139341
628 3.49282 0.0093175 0.140091
629 3.49276 0.00926301 0.139487
630 3.49271 0.00921118 0.137685
631 3.49266 0.0091622 0.135386
632 3.49262 0.00911568 0.133276
633 3.49257 0.00907072 0.131089
634 3.49253 0.00902615 0.131764
635 3.49248 0.00898061 0.133288
636 3.49243 0.00893282 0.134105
637 3.49238 0.0088817 0.135311
638 3.49233 0.00882656 0.136563
639 3.49227 0.00876721 0.137689
640 3.4922 0.00870404 0.139017
641 3.49214 0.00863805 0.139382
642 3.49207 0.00857084 0.138828
643 3.49201 0.00850453 0.136704
644 3.49194 0.00844165 0.133372
645 3.49189 0.00838496 0.128641
646 3.49184 0.00833734 0.122839
647 3.4918 0.00830152 0.116441
648 3.49178 0.00827994 0.120322
649 3.49178 0.00827454 0.123444
650 3.49179 0.00828665 0.125261
651 3.49182 0.00831684 0.126051
652 3.49187 0.00836488 0.125599
653 3.49193 0.0084297 0.124221
654 3.49201 0.00850947 0.122042
655 3.4921 0.00860162 0.119405
656 3.4922 0.00870303 0.116374
657 3.49231 0.00881016 0.113151
658 3.49242 0.00891926 0.111564
659 3.49253 0.00902656 0.113388
660 3.49263 0.00912844 0.115847
661 3.49272 0.00922168 0.118774
662 3.4928 0.00930354 0.121123
663 3.49287 0.00937196 0.122472
664 3.49293 0.00942556 0.122594
665 3.49296 0.00946373 0.12175
666 3.49299 0.00948657 0.119741
667 3.493 0.00949487 0.11654
668 3.49299 0.00948995 0.112053
669 3.49297 0.00947358 0.106657
670 3.49295 0.00944777 0.103191
671 3.49292 0.00941469 0.107262
672 3.49288 0.00937641 0.110223
673 3.49284 0.00933487 0.112202
674 3.49279 0.00929168 0.113037
675 3.49275 0.00924808 0.11278
676 3.49271 0.00920491 0.11151
677 3.49266 0.00916256 0.109624
678 3.49262 0.00912105 0.107793
679 3.49258 0.00908008 0.105997
680 3.49254 0.00903913 0.105712
681 3.4925 0.00899753 0.10702
682 3.49246 0.00895466 0.107897
683 3.49241 0.00890997 0.108778
684 3.49236 0.00886315 0.1099
685 3.49231 0.00881419 0.110812
686 3.49226 0.00876345 0.111868
687 3.49221 0.00871167 0.112452
688 3.49216 0.00865995 0.112238
689 3.49211 0.00860976 0.110794
690 3.49206 0.0085628 0.10835
691 3.49202 0.00852096 0.104769
692 3.49199 0.00848618 0.100287
693 3.49196 0.00846032 0.0948333
694 3.49195 0.00844502 0.0963452
695 3.49194 0.00844164 0.0990316
696 3.49195 0.00845109 0.10081
697 3.49197 0.00847377 0.101611
698 3.49201 0.00850955 0.101432
699 3.49206 0.00855773 0.100492
700 3.49212 0.00861704 0.0988331
701 3.49219 0.00868574 0.0967632
702 3.49226 0.00876166 0.0944113
703 3.49234 0.00884233 0.0915833
704 3.49243 0.0089251 0.0898553
705 3.49251 0.00900728 0.0909856
706 3.49259 0.00908626 0.0927548
707 3.49266 0.00915963 0.0952109
708 3.49273 0.00922535 0.0972324
709 3.49278 0.00928177 0.0985747
710 3.49283 0.00932771 0.0989251
711 3.49286 0.00936252 0.0983961
712 3.49289 0.00938604 0.0970439
713 3.4929 0.00939858 0.0946763
714 3.4929 0.00940086 0.0913132
715 3.49289 0.00939392 0.0870873
716 3.49288 0.00937906 0.0827824
717 3.49286 0.00935766 0.0858144
718 3.49283 0.00933115 0.0884039
719 3.4928 0.00930088 0.0902228
720 3.49277 0.00926804 0.0910763
721 3.49273 0.00923361 0.091051
722 3.4927 0.00919832 0.090226
723 3.49266 0.00916264 0.0887374
724 3.49263 0.00912679 0.0871861
725 3.49259 0.00909078 0.0857446
726 3.49256 0.00905446 0.0847147
727 3.49252 0.00901761 0.0858349
728 3.49248 0.00897996 0.0867761
729 3.49244 0.00894133 0.0873433
730 3.4924 0.00890164 0.0883561
731 3.49236 0.00886101 0.0891162
732 3.49232 0.00881978 0.0899846
733 3.49228 0.00877851 0.0906315
734 3.49224 0.00873801 0.0905844
735 3.4922 0.00869931 0.0896981
736 3.49216 0.00866358 0.087876
737 3.49213 0.00863214 0.0851883
738 3.49211 0.00860629 0.0816944
739 3.49209 0.00858731 0.0774514
740 3.49208 0.00857632 0.077058
741 3.49207 0.00857424 0.0793773
742 3.49208 0.0085817 0.0810284
743 3.4921 0.00859898 0.0817966
744 3.49213 0.00862598 0.0818499
745 3.49216 0.00866222 0.081233
746 3.49221 0.00870682 0.0800196
747 3.49226 0.00875857 0.0783276
748 3.49232 0.00881595 0.0764813
749 3.49238 0.00887721 0.0742224
750 3.49244 0.00894046 0.0725964
751 3.4925 0.00900378 0.0730284
752 3.49257 0.00906525 0.074326
753 3.49262 0.0091231 0.0762726
754 3.49268 0.00917578 0.0779802
755 3.49272 0.00922198 0.0792556
756 3.49276 0.00926074 0.0797325
757 3.49279 0.00929143 0.0794622
758 3.49281 0.00931377 0.0785665
759 3.49283 0.00932781 0.0768251
760 3.49283 0.00933391 0.0742921
761 3.49283 0.00933266 0.0709853
762 3.49283 0.00932485 0.0672102
763 3.49281 0.00931139 0.0685773
764 3.49279 0.00929323 0.0708604
765 3.49277 0.00927131 0.0724747
766 3.49275 0.00924651 0.0733172
767 3.49272 0.00921957 0.0734929
768 3.49269 0.00919111 0.0729591
769 3.49266 0.00916158 0.0718341
770 3.49263 0.00913129 0.0704881
771 3.4926 0.0091004 0.0693353
772 3.49257 0.00906898 0.0679873
773 3.49254 0.00903703 0.0688219
774 3.49251 0.00900452 0.0697088
775 3.49247 0.00897147 0.0701114
776 3.49244 0.00893795 0.0709983
777 3.4924 0.00890415 0.0716551
778 3.49237 0.00887038 0.0723631
779 3.49234 0.00883711 0.0729475
780 3.49231 0.00880494 0.0730364
781 3.49228 0.00877461 0.0725207
782 3.49225 0.00874696 0.0711736
783 3.49222 0.00872289 0.0691815
784 3.4922 0.00870332 0.0664519
785 3.49219 0.00868911 0.0631747
786 3.49218 0.00868105 0.0615602
787 3.49218 0.00867975 0.0635874
788 3.49219 0.00868564 0.0650545
789 3.4922 0.00869891 0.065786
790 3.49222 0.00871948 0.0660057
791 3.49225 0.00874701 0.0656033
792 3.49228 0.00878087 0.0647243
793 3.49232 0.00882021 0.0634037
794 3.49236 0.00886394 0.0618856
795 3.49241 0.00891082 0.0601603
796 3.49246 0.0089595 0.0586851
797 3.49251 0.00900856 0.0586158
798 3.49256 0.00905661 0.0595338
799 3.4926 0.00910234 0.0610589
800 3.49265 0.00914455 0.0625157
801 3.49268 0.00918224 0.0636737
802 3.49272 0.0092146 0.0642081
803 3.49274 0.00924108 0.0641169
804 3.49276 0.00926136 0.0635334
805 3.49278 0.00927535 0.0622662
806 3.49278 0.0092832 0.0603658
807 3.49279 0.00928521 0.0578096
808 3.49278 0.00928187 0.0548327
809 3.49277 0.00927374 0.0547493
810 3.49276 0.00926147 0.0567504
811 3.49275 0.0092457 0.0581673
812 3.49273 0.00922706 0.058994
813 3.49271 0.00920613 0.0592633
814 3.49268 0.0091834 0.0589455
815 3.49266 0.00915928 0.0581184
816 3.49263 0.00913408 0.0570115
817 3.49261 0.00910805 0.056047
818 3.49258 0.00908134 0.0549419
819 3.49255 0.00905409 0.0551839
820 3.49253 0.00902639 0.0559703
821 3.4925 0.00899838 0.0563669
822 3.49247 0.00897019 0.0570038
823 3.49244 0.00894206 0.0576375
824 3.49241 0.00891428 0.0581654
825 3.49239 0.00888723 0.0586622
826 3.49236 0.00886138 0.0588403
827 3.49234 0.00883729 0.058565
828 3.49232 0.00881555 0.0575966
829 3.4923 0.00879681 0.056119
830 3.49228 0.00878171 0.054011
831 3.49227 0.00877085 0.0514621
832 3.49227 0.00876478 0.0491353
833 3.49226 0.0087639 0.0509094
834 3.49227 0.00876852 0.0521793
835 3.49228 0.00877875 0.0529175
836 3.4923 0.00879453 0.0531758
837 3.49232 0.00881559 0.0529367
838 3.49234 0.0088415 0.0523119
839 3.49237 0.00887164 0.0512857
840 3.49241 0.00890522 0.0500658
841 3.49244 0.00894135 0.0487199
842 3.49248 0.00897904 0.0474036
843 3.49252 0.00901726 0.04702
844 3.49256 0.00905499 0.0477746
845 3.49259 0.00909123 0.0488818
846 3.49263 0.00912507 0.0501228
847 3.49266 0.00915573 0.0511378
848 3.49268 0.00918257 0.0516871
849 3.49271 0.0092051 0.0517137
850 3.49272 0.00922299 0.0513318
851 3.49274 0.00923612 0.0504336
852 3.49275 0.00924448 0.0490035
853 3.49275 0.00924822 0.0470521
854 3.49275 0.00924762 0.0446853
855 3.49274 0.00924304 0.0436929
856 3.49274 0.00923489 0.045423
857 3.49272 0.00922362 0.0466557
858 3.49271 0.00920968 0.0474472
859 3.49269 0.0091935 0.0477515
860 3.49268 0.00917548 0.0475844
861 3.49266 0.00915596 0.0469921
862 3.49264 0.00913525 0.0461322
863 3.49261 0.00911359 0.0452791
864 3.49259 0.0090912 0.0444068
865 3.49257 0.00906824 0.0442421
866 3.49255 0.00904489 0.0449106
867 3.49252 0.00902132 0.0452953
868 3.4925 0.00899773 0.0457585
869 3.49247 0.00897434 0.0463349
870 3.49245 0.00895143 0.0467592
871 3.49243 0.00892932 0.047165
872 3.49241 0.00890837 0.0473736
873 3.49239 0.00888902 0.0472507
874 3.49237 0.0088717 0.0465923
875 3.49236 0.00885688 0.0454803
876 3.49235 0.00884502 0.0438746
877 3.49234 0.00883655 0.0418748
878 3.49233 0.00883183 0.03947
879 3.49233 0.00883116 0.0407272
880 3.49234 0.00883473 0.0418173
881 3.49234 0.00884262 0.0425358
882 3.49236 0.00885476 0.0428078
883 3.49237 0.00887098 0.0426871
884 3.49239 0.00889093 0.0422469
885 3.49241 0.00891417 0.0414718
886 3.49244 0.00894012 0.0404959
887 3.49247 0.00896813 0.0394385
888 3.4925 0.00899749 0.0382702
889 3.49253 0.00902741 0.0377218
890 3.49256 0.00905714 0.0383439
891 3.49259 0.00908594 0.0391341
892 3.49261 0.0091131 0.0401869
893 3.49264 0.00913802 0.0410448
894 3.49266 0.00916017 0.0415816
895 3.49268 0.00917914 0.0416929
896 3.4927 0.00919464 0.0414505
897 3.49271 0.0092065 0.0408259
898 3.49272 0.00921467 0.0397558
899 3.49272 0.0092192 0.0382627
900 3.49272 0.00922022 0.0364013
901 3.49272 0.00921795 0.0348547
902 3.49271 0.00921267 0.0363304
903 3.49271 0.00920468 0.0374024
904 3.49269 0.0091943 0.0381386
905 3.49268 0.00918185 0.0384575
906 3.49267 0.00916765 0.0383899
907 3.49265 0.00915198 0.0379797
908 3.49264 0.0091351 0.0373153
909 3.49262 0.00911726 0.0365827
910 3.4926 0.00909866 0.0359214
911 3.49258 0.00907951 0.0354726
912 3.49256 0.00906 0.0360334
913 3.49254 0.00904031 0.0364149
914 3.49252 0.00902064 0.0367432
915 3.4925 0.00900123 0.037247
916 3.49248 0.00898231 0.0375871
917 3.49246 0.00896417 0.0379164
918 3.49245 0.00894709 0.0381336
919 3.49243 0.00893141 0.0380993
920 3.49242 0.00891746 0.0376645
921 3.49241 0.00890558 0.0368286
922 3.4924 0.00889612 0.0356182
923 3.49239 0.00888937 0.0340444
924 3.49239 0.0088856 0.0321717
925 3.49239 0.008885 0.0325567
926 3.49239 0.00888772 0.0335074
927 3.49239 0.00889378 0.0341665
928 3.4924 0.00890315 0.0344395
929 3.49242 0.00891568 0.0344115
930 3.49243 0.00893112 0.0341209
931 3.49245 0.00894913 0.033548
932 3.49247 0.0089693 0.0327497
933 3.49249 0.00899113 0.0319185
934 3.49251 0.0090141 0.0309287
935 3.49254 0.00903763 0.0303629
936 3.49256 0.00906115 0.0307586
937 3.49258 0.00908409 0.0313726
938 3.49261 0.00910592 0.0322083
939 3.49263 0.00912615 0.0329292
940 3.49264 0.00914437 0.0334338
941 3.49266 0.00916024 0.0335927
942 3.49267 0.0091735 0.0334513
943 3.49268 0.00918397 0.0330304
944 3.49269 0.00919157 0.0322362
945 3.4927 0.00919629 0.0310933
946 3.4927 0.0091982 0.0296361
947 3.4927 0.00919742 0.0280318
948 3.49269 0.00919412 0.0290405
949 3.49269 0.00918851 0.0299821
950 3.49268 0.00918082 0.0306398
951 3.49267 0.00917128 0.0309547
952 3.49266 0.00916014 0.0309723
953 3.49265 0.00914762 0.0306955
954 3.49263 0.00913397 0.0301834
955 3.49262 0.00911938 0.0295752
956 3.4926 0.00910407 0.0290438
957 3.49259 0.00908821 0.0284619
958 3.49257 0.00907201 0.0289005
959 3.49256 0.00905566 0.0292636
960 3.49254 0.00903933 0.0294908
961 3.49252 0.00902325 0.0299322
962 3.49251 0.00900763 0.0302107
963 3.49249 0.00899271 0.0304832
964 3.49248 0.00897872 0.0306808
965 3.49247 0.00896593 0.0307035
966 3.49246 0.0089546 0.0304276
967 3.49245 0.00894498 0.0298049
968 3.49244 0.00893732 0.0288956
969 3.49243 0.00893185 0.0276651
970 3.49243 0.00892875 0.0262036
971 3.49243 0.00892817 0.0260078
972 3.49243 0.00893019 0.026842
973 3.49244 0.00893483 0.0274263
974 3.49244 0.00894207 0.0276954
975 3.49245 0.00895177 0.0277351
976 3.49246 0.00896376 0.0275422
977 3.49248 0.00897778 0.0271223
978 3.49249 0.00899352 0.0264915
979 3.49251 0.00901061 0.0258194
980 3.49253 0.00902866 0.025051
981 3.49255 0.00904723 0.0245118
982 3.49257 0.00906589 0.0246984
983 3.49258 0.00908421 0.0251467
984 3.4926 0.00910177 0.0257984
985 3.49262 0.0091182 0.0264043
986 3.49263 0.00913316 0.0268679
987 3.49265 0.00914636 0.0270543
988 3.49266 0.00915759 0.0269885
989 3.49267 0.00916668 0.0267069
990 3.49267 0.00917354 0.0261219
991 3.49268 0.00917813 0.0252523
992 3.49268 0.00918046 0.0241226
993 3.49268 0.0091806 0.0228243
994 3.49268 0.00917866 0.0231973
995 3.49268 0.00917477 0.0240236
996 3.49267 0.0091691 0.0246008
997 3.49266 0.00916181 0.0249062
998 3.49265 0.00915311 0.0249799
999 3.49264 0.00914317 0.0248009
1000 3.49263 0.00913218 0.0244187
1001 3.49262 0.00912033 0.0239113
1002 3.49261 0.00910779 0.0234796
1003 3.4926 0.00909475 0.0229628
1004 3.49258 0.00908138 0.0231715
1005 3.49257 0.00906785 0.0235096
1006 3.49255 0.00905435 0.0236798
1007 3.49254 0.00904106 0.0240423
1008 3.49253 0.00902817 0.0242772
1009 3.49252 0.00901588 0.0245159
1010 3.4925 0.00900439 0.0246777
1011 3.49249 0.00899391 0.0247302
1012 3.49249 0.00898464 0.0245661
1013 3.49248 0.00897678 0.0241099
1014 3.49247 0.00897052 0.0234293
1015 3.49247 0.00896602 0.0224732
1016 3.49246 0.00896341 0.021331
1017 3.49246 0.00896281 0.020765
1018 3.49246 0.00896428 0.0214942
1019 3.49247 0.00896781 0.0220024
1020 3.49247 0.00897339 0.0222715
1021 3.49248 0.00898091 0.0223429
1022 3.49249 0.00899025 0.0222267
1023 3.4925 0.0090012 0.0219195
1024 3.49251 0.00901352 0.0214354
1025 3.49253 0.00902695 0.0208815
1026 3.49254 0.00904119 0.0202868
1027 3.49256 0.00905589 0.0197973
1028 3.49257 0.00907074 0.0198281
1029 3.49259 0.0090854 0.0201479
1030 3.4926 0.00909954 0.0206617
1031 3.49261 0.00911288 0.0211739
1032 3.49263 0.00912514 0.0215851
1033 3.49264 0.00913609 0.0217853
1034 3.49265 0.00914553 0.0217696
1035 3.49265 0.00915334 0.0215828
1036 3.49266 0.0091594 0.0211585
1037 3.49266 0.00916367 0.0205019
1038 3.49267 0.00916613 0.0196251
1039 3.49267 0.00916682 0.0185948
1040 3.49267 0.00916579 0.018522
1041 3.49266 0.00916314 0.01924
1042 3.49266 0.00915898 0.0197415
1043 3.49265 0.00915344 0.0200409
1044 3.49265 0.00914667 0.0201367
1045 3.49264 0.0091388 0.0200284
1046 3.49263 0.00913 0.0197517
1047 3.49262 0.00912041 0.0193527
1048 3.49261 0.00911021 0.01898
1049 3.4926 0.00909953 0.0185674
1050 3.49259 0.00908855 0.0185847
1051 3.49258 0.00907741 0.0188812
1052 3.49257 0.00906628 0.0190455
1053 3.49256 0.00905532 0.0193084
1054 3.49255 0.00904469 0.0195284
1055 3.49254 0.00903457 0.0197184
1056 3.49253 0.00902511 0.0198501
1057 3.49252 0.00901649 0.0199131
1058 3.49251 0.00900887 0.0198227
1059 3.4925 0.00900241 0.0194994
1060 3.4925 0.00899724 0.0189872
1061 3.49249 0.00899349 0.0182546
1062 3.49249 0.00899127 0.017355
1063 3.49249 0.00899065 0.0165711
1064 3.49249 0.00899167 0.0172022
1065 3.49249 0.00899434 0.0176409
1066 3.4925 0.00899863 0.0179076
1067 3.49251 0.00900447 0.0179957
1068 3.49251 0.00901175 0.0179318
1069 3.49252 0.00902032 0.0177104
1070 3.49253 0.00903 0.0173444
1071 3.49254 0.00904058 0.0168912
1072 3.49255 0.00905184 0.0164254
1073 3.49256 0.00906351 0.0159883
1074 3.49258 0.00907535 0.0159122
1075 3.49259 0.0090871 0.0161755
1076 3.4926 0.00909851 0.0165513
1077 3.49261 0.00910934 0.0169828
1078 3.49262 0.00911937 0.0173372
1079 3.49263 0.00912842 0.017536
1080 3.49264 0.00913633 0.017556
1081 3.49264 0.00914297 0.0174362
1082 3.49265 0.00914825 0.0171329
1083 3.49265 0.00915212 0.0166374
1084 3.49266 0.00915454 0.0159616
1085 3.49266 0.00915552 0.0151465
1086 3.49266 0.0091551 0.0147852
1087 3.49265 0.00915334 0.0154001
1088 3.49265 0.00915031 0.0158348
1089 3.49265 0.00914612 0.0161199
1090 3.49264 0.00914086 0.0162268
1091 3.49264 0.00913465 0.0161672
1092 3.49263 0.00912763 0.0159689
1093 3.49262 0.00911991 0.0156626
1094 3.49261 0.00911164 0.015339
1095 3.4926 0.00910294 0.0150306
1096 3.49259 0.00909395 0.0149078
1097 3.49259 0.00908481 0.0151628
1098 3.49258 0.00907566 0.0153108
1099 3.49257 0.00906664 0.0155055
1100 3.49256 0.00905789 0.0157103
1101 3.49255 0.00904955 0.015862
1102 3.49254 0.00904175 0.0159659
1103 3.49254 0.00903465 0.0160289
1104 3.49253 0.00902836 0.0159888
1105 3.49252 0.00902302 0.0157638
1106 3.49252 0.00901873 0.0153798
1107 3.49252 0.00901558 0.0148226
1108 3.49251 0.00901367 0.0141133
1109 3.49251 0.00901303 0.0132916
1110 3.49251 0.00901371 0.0137596
1111 3.49252 0.00901571 0.0141379
1112 3.49252 0.009019 0.0143915
1113 3.49252 0.00902353 0.0144875
1114 3.49253 0.00902921 0.0144613
1115 3.49254 0.00903592 0.0143073
1116 3.49254 0.00904354 0.0140336
1117 3.49255 0.0090519 0.013666
1118 3.49256 0.00906082 0.0132944
1119 3.49257 0.00907011 0.012908
1120 3.49258 0.00907957 0.0127684
1121 3.49259 0.009089 0.0129878
1122 3.4926 0.00909821 0.0132642
1123 3.49261 0.009107 0.013622
1124 3.49262 0.00911521 0.0139188
1125 3.49262 0.00912268 0.0141095
1126 3.49263 0.00912927 0.0141545
1127 3.49264 0.00913489 0.0140799
1128 3.49264 0.00913944 0.0138671
1129 3.49264 0.00914287 0.0134958
1130 3.49265 0.00914514 0.0129759
1131 3.49265 0.00914626 0.0123327
1132 3.49265 0.00914624 0.0117976
1133 3.49265 0.00914511 0.0123192
1134 3.49264 0.00914292 0.0126968
1135 3.49264 0.00913976 0.0129596
1136 3.49264 0.00913569 0.0130701
1137 3.49263 0.00913081 0.013046
1138 3.49263 0.00912522 0.01291
1139 3.49262 0.00911903 0.0126712
1140 3.49261 0.00911235 0.0124004
1141 3.49261 0.00910528 0.0121644
1142 3.4926 0.00909795 0.0119604
1143 3.49259 0.00909048 0.0121754
1144 3.49258 0.00908297 0.012313
1145 3.49258 0.00907556 0.0124552
1146 3.49257 0.00906836 0.0126326
1147 3.49256 0.00906149 0.0127563
1148 3.49256 0.00905507 0.0128483
1149 3.49255 0.00904921 0.0128989
1150 3.49254 0.00904401 0.0128925
1151 3.49254 0.00903957 0.0127411
1152 3.49254 0.00903599 0.0124528
1153 3.49253 0.00903334 0.0120303
1154 3.49253 0.00903167 0.0114734
1155 3.49253 0.00903104 0.010818
1156 3.49253 0.00903146 0.0109995
1157 3.49253 0.00903293 0.0113321
1158 3.49254 0.00903545 0.011561
1159 3.49254 0.00903895 0.0116601
1160 3.49254 0.00904338 0.011662
1161 3.49255 0.00904865 0.0115593
1162 3.49256 0.00905466 0.0113562
1163 3.49256 0.00906127 0.0110595
1164 3.49257 0.00906835 0.0107625
1165 3.49258 0.00907576 0.0104253
1166 3.49258 0.00908333 0.0102635
1167 3.49259 0.00909091 0.0104238
1168 3.4926 0.00909834 0.0106404
1169 3.49261 0.00910549 0.0109221
1170 3.49261 0.0091122 0.0111704
1171 3.49262 0.00911835 0.0113472
1172 3.49262 0.00912383 0.011407
1173 3.49263 0.00912855 0.0113642
1174 3.49263 0.00913244 0.0112198
1175 3.49264 0.00913545 0.0109432
1176 3.49264 0.00913753 0.0105443
1177 3.49264 0.00913868 0.0100407
1178 3.49264 0.0091389 0.00948788
1179 3.49264 0.00913821 0.00984866
1180 3.49264 0.00913666 0.0101793
1181 3.49263 0.00913428 0.0104135
1182 3.49263 0.00913114 0.0105227
1183 3.49263 0.00912732 0.0105277
1184 3.49262 0.00912289 0.010437
1185 3.49262 0.00911793 0.0102536
1186 3.49261 0.00911255 0.0100303
1187 3.49261 0.00910683 0.00984097
1188 3.4926 0.00910087 0.00962423
1189 3.4926 0.00909476 0.00977256
1190 3.49259 0.00908863 0.00990127
1191 3.49258 0.00908255 0.0100029
1192 3.49258 0.00907663 0.0101555
1193 3.49257 0.00907098 0.0102594
1194 3.49257 0.00906569 0.0103441
1195 3.49256 0.00906084 0.0103855
1196 3.49256 0.00905654 0.0103919
1197 3.49255 0.00905285 0.0102937
1198 3.49255 0.00904985 0.0100797
1199 3.49255 0.0090476 0.00976038
1200 3.49255 0.00904615 0.00932767
1201 3.49255 0.00904553 0.00881203
1202 3.49255 0.00904575 0.00878801
1203 3.49255 0.00904683 0.00907994
1204 3.49255 0.00904874 0.00928334
1205 3.49255 0.00905145 0.00938103
1206 3.49256 0.00905491 0.0094031
1207 3.49256 0.00905904 0.00933495
1208 3.49256 0.00906378 0.00918599
1209 3.49257 0.00906902 0.00895843
1210 3.49258 0.00907465 0.00871165
1211 3.49258 0.00908055 0.00844407
1212 3.49259 0.00908662 0.00827714
1213 3.49259 0.00909272 0.00837458
1214 3.4926 0.00909873 0.0085338
1215 3.49261 0.00910453 0.00875407
1216 3.49261 0.00911001 0.00896168
1217 3.49262 0.00911507 0.00912189
1218 3.49262 0.00911962 0.00918976
1219 3.49262 0.00912358 0.00916843
1220 3.49263 0.00912688 0.00907421
1221 3.49263 0.00912949 0.00886955
1222 3.49263 0.00913135 0.0085668
1223 3.49263 0.00913247 0.00817322
1224 3.49263 0.00913284 0.00772323
1225 3.49263 0.00913246 0.00786915
1226 3.49263 0.00913136 0.00815885
1227 3.49263 0.00912959 0.00836336
1228 3.49263 0.00912718 0.00846892
1229 3.49262 0.00912419 0.00849324
1230 3.49262 0.00912068 0.00843537
1231 3.49262 0.00911673 0.00829985
1232 3.49261 0.0091124 0.00811928
1233 3.49261 0.00910778 0.00796162
1234 3.4926 0.00910295 0.0077756
1235 3.4926 0.00909798 0.00784029
1236 3.49259 0.00909297 0.00795969
1237 3.49259 0.00908799 0.0080329
1238 3.49258 0.00908314 0.00816179
1239 3.49258 0.00907849 0.00824983
1240 3.49257 0.00907413 0.00832654
1241 3.49257 0.00907013 0.00836213
1242 3.49257 0.00906656 0.00837416
1243 3.49256 0.00906349 0.00831296
1244 3.49256 0.00906097 0.00815614
1245 3.49256 0.00905906 0.00791646
1246 3.49256 0.00905779 0.00758046
1247 3.49256 0.00905719 0.00717601
1248 3.49256 0.00905728 0.00701781
1249 3.49256 0.00905805 0.00727288
1250 3.49256 0.00905949 0.00745079
1251 3.49256 0.00906158 0.00754788
1252 3.49256 0.00906427 0.00757854
1253 3.49257 0.00906752 0.00753719
1254 3.49257 0.00907126 0.00742797
1255 3.49258 0.00907541 0.00725594
1256 3.49258 0.00907989 0.00705153
1257 3.49259 0.00908461 0.0068408
1258 3.49259 0.00908947 0.00668392
1259 3.49259 0.00909438 0.0067273
1260 3.4926 0.00909924 0.00684149
1261 3.4926 0.00910395 0.00701898
1262 3.49261 0.00910843 0.00719394
1263 3.49261 0.00911259 0.00733152
1264 3.49262 0.00911636 0.0074008
1265 3.49262 0.00911966 0.00739766
1266 3.49262 0.00912246 0.00733589
1267 3.49263 0.00912469 0.00718709
1268 3.49263 0.00912635 0.00695763
1269 3.49263 0.00912739 0.00665113
1270 3.49263 0.00912783 0.00629614
1271 3.49263 0.00912767 0.00628509
1272 3.49263 0.00912691 0.00653636
1273 3.49263 0.00912559 0.00671382
1274 3.49262 0.00912375 0.00681716
1275 3.49262 0.00912142 0.00684931
1276 3.49262 0.00911865 0.00681465
1277 3.49262 0.0091155 0.00671651
1278 3.49261 0.00911204 0.0065752
1279 3.49261 0.00910831 0.00643983
1280 3.4926 0.0091044 0.00629644
1281 3.4926 0.00910036 0.00629116
1282 3.4926 0.00909627 0.00639671
1283 3.49259 0.00909221 0.00646137
1284 3.49259 0.00908823 0.00655932
1285 3.49258 0.00908441 0.00663304
1286 3.49258 0.00908082 0.00670375
1287 3.49258 0.00907751 0.00673474
1288 3.49258 0.00907456 0.00674683
1289 3.49257 0.009072 0.00671085
1290 3.49257 0.00906989 0.0065993
1291 3.49257 0.00906826 0.00641839
1292 3.49257 0.00906715 0.00616062
1293 3.49257 0.00906659 0.00584181
1294 3.49257 0.00906657 0.00560207
1295 3.49257 0.00906711 0.00582267
1296 3.49257 0.00906819 0.00597721
1297 3.49257 0.00906979 0.00607246
1298 3.49257 0.00907189 0.00610571
1299 3.49258 0.00907444 0.00608378
1300 3.49258 0.00907739 0.00600445
1301 3.49258 0.00908068 0.00587524
1302 3.49258 0.00908425 0.00570913
1303 3.49259 0.00908802 0.00554427
1304 3.49259 0.00909192 0.00540131
1305 3.4926 0.00909588 0.00540214
1306 3.4926 0.00909981 0.00549407
1307 3.4926 0.00910364 0.00562614
1308 3.49261 0.00910729 0.00577332
1309 3.49261 0.00911071 0.00589236
1310 3.49261 0.00911382 0.00596009
1311 3.49262 0.00911657 0.00596836
1312 3.49262 0.00911893 0.00592886
1313 3.49262 0.00912084 0.00582248
1314 3.49262 0.00912228 0.00564828
1315 3.49262 0.00912324 0.00541195
1316 3.49262 0.00912371 0.00513152
1317 3.49262 0.00912369 0.00501868
1318 3.49262 0.00912318 0.00523382
1319 3.49262 0.00912221 0.00538747
1320 3.49262 0.0091208 0.00548583
1321 3.49262 0.00911899 0.00552187
1322 3.49262 0.00911681 0.00550339
1323 3.49261 0.00911431 0.00543306
1324 3.49261 0.00911154 0.00532456
1325 3.49261 0.00910854 0.00520822
1326 3.49261 0.00910538 0.0051016
1327 3.4926 0.0091021 0.00505043
1328 3.4926 0.00909878 0.00514047
1329 3.4926 0.00909546 0.005196
1330 3.49259 0.0090922 0.00527022
1331 3.49259 0.00908907 0.00533848
1332 3.49259 0.00908611 0.0053965
1333 3.49258 0.00908338 0.00542395
1334 3.49258 0.00908093 0.00543461
1335 3.49258 0.0090788 0.00541695
1336 3.49258 0.00907702 0.00533777
1337 3.49258 0.00907564 0.00520193
1338 3.49258 0.00907468 0.00500538
1339 3.49257 0.00907415 0.00475488
1340 3.49257 0.00907407 0.0044841
1341 3.49258 0.00907443 0.00465931
1342 3.49258 0.00907523 0.0047933
1343 3.49258 0.00907646 0.00488331
1344 3.49258 0.00907809 0.00491719
1345 3.49258 0.00908009 0.00490883
1346 3.49258 0.00908242 0.00485297
1347 3.49259 0.00908503 0.00475604
1348 3.49259 0.00908787 0.00462461
1349 3.49259 0.00909089 0.00449277
1350 3.49259 0.00909402 0.00436374
1351 3.4926 0.0090972 0.00433784
1352 3.4926 0.00910038 0.00441446
1353 3.4926 0.00910349 0.00451254
1354 3.49261 0.00910648 0.00463341
1355 3.49261 0.00910928 0.00473373
1356 3.49261 0.00911185 0.00479857
1357 3.49261 0.00911414 0.00481397
1358 3.49262 0.00911611 0.00478977
1359 3.49262 0.00911774 0.00471516
1360 3.49262 0.00911899 0.0045839
1361 3.49262 0.00911985 0.00440177
1362 3.49262 0.00912032 0.00418056
1363 3.49262 0.00912039 0.00400599
1364 3.49262 0.00912006 0.00418852
1365 3.49262 0.00911935 0.00432144
1366 3.49262 0.00911828 0.00441252
1367 3.49262 0.00911688 0.00444996
1368 3.49262 0.00911517 0.00444289
1369 3.49261 0.00911318 0.00439438
1370 3.49261 0.00911097 0.00431031
1371 3.49261 0.00910856 0.00421281
1372 3.49261 0.00910601 0.00413205
1373 3.4926 0.00910336 0.00405427
1374 3.4926 0.00910066 0.00413046
1375 3.4926 0.00909795 0.00417828
1376 3.4926 0.00909529 0.0042352
1377 3.49259 0.00909272 0.00429488
1378 3.49259 0.00909029 0.00434241
1379 3.49259 0.00908804 0.0043708
1380 3.49259 0.009086 0.00437957
1381 3.49258 0.00908423 0.00437121
1382 3.49258 0.00908274 0.00431597
1383 3.49258 0.00908156 0.00421459
1384 3.49258 0.00908072 0.00406525
1385 3.49258 0.00908024 0.00386913
1386 3.49258 0.00908011 0.00363717
1387 3.49258 0.00908034 0.00372637
1388 3.49258 0.00908094 0.00384413
1389 3.49258 0.00908187 0.00392532
1390 3.49258 0.00908314 0.003959
1391 3.49259 0.0090847 0.00396039
1392 3.49259 0.00908654 0.00392321
1393 3.49259 0.00908861 0.00385115
1394 3.49259 0.00909087 0.00374735
1395 3.49259 0.00909328 0.00364019
1396 3.4926 0.0090958 0.00352724
1397 3.4926 0.00909837 0.00348197
1398 3.4926 0.00910094 0.00354532
1399 3.4926 0.00910346 0.00362128
1400 3.49261 0.0091059 0.0037175
1401 3.49261 0.00910819 0.00380161
1402 3.49261 0.00911031 0.00386187
1403 3.49261 0.00911221 0.00388218
1404 3.49261 0.00911387 0.00386811
1405 3.49262 0.00911524 0.00381707
1406 3.49262 0.00911632 0.00371929
1407 3.49262 0.00911709 0.00357922
1408 3.49262 0.00911754 0.00340534
1409 3.49262 0.00911766 0.00321869
1410 3.49262 0.00911746 0.00335007
1411 3.49262 0.00911695 0.00346617
1412 3.49262 0.00911614 0.0035475
1413 3.49262 0.00911506 0.00358457
1414 3.49261 0.00911372 0.00358677
1415 3.49261 0.00911215 0.00355469
1416 3.49261 0.00911038 0.00349061
1417 3.49261 0.00910845 0.00341166
1418 3.49261 0.0091064 0.00334575
1419 3.4926 0.00910425 0.00326711
1420 3.4926 0.00910206 0.00331759
1421 3.4926 0.00909986 0.00336138
1422 3.4926 0.00909768 0.00340315
1423 3.4926 0.00909558 0.00345548
1424 3.49259 0.00909358 0.00349375
1425 3.49259 0.00909172 0.00352086
1426 3.49259 0.00909004 0.00352965
1427 3.49259 0.00908856 0.00352592
1428 3.49259 0.00908731 0.00348916
1429 3.49259 0.00908631 0.00341386
1430 3.49259 0.00908558 0.00330066
1431 3.49259 0.00908514 0.0031481
1432 3.49259 0.00908499 0.00296554
1433 3.49259 0.00908513 0.00297863
1434 3.49259 0.00908556 0.00308208
1435 3.49259 0.00908627 0.00315381
1436 3.49259 0.00908724 0.0031869
1437 3.49259 0.00908847 0.00319522
1438 3.49259 0.00908992 0.00317033
1439 3.49259 0.00909156 0.00311732
1440 3.49259 0.00909336 0.00303679
1441 3.4926 0.00909529 0.0029496
1442 3.4926 0.00909731 0.00285706
1443 3.4926 0.00909938 0.0028051
1444 3.4926 0.00910146 0.0028493
1445 3.4926 0.00910351 0.00290601
1446 3.49261 0.00910549 0.00298219
1447 3.49261 0.00910737 0.00305274
1448 3.49261 0.00910912 0.00310676
1449 3.49261 0.00911069 0.00312988
1450 3.49261 0.00911207 0.00312264
1451 3.49261 0.00911324 0.003089
1452 3.49261 0.00911416 0.0030166
1453 3.49262 0.00911484 0.00291017
1454 3.49262 0.00911525 0.00277359
1455 3.49262 0.00911541 0.00261733
1456 3.49262 0.0091153 0.00267788
1457 3.49262 0.00911494 0.00277937
1458 3.49261 0.00911433 0.00285066
1459 3.49261 0.00911349 0.00288656
1460 3.49261 0.00911244 0.0028952
1461 3.49261 0.0091112 0.00287477
1462 3.49261 0.0091098 0.00282744
1463 3.49261 0.00910825 0.00276324
1464 3.49261 0.0091066 0.00270901
1465 3.49261 0.00910487 0.00264161
1466 3.4926 0.00910309 0.00266344
1467 3.4926 0.0091013 0.00270395
1468 3.4926 0.00909953 0.0027343
1469 3.4926 0.0090978 0.00277911
1470 3.4926 0.00909616 0.00281072
1471 3.4926 0.00909463 0.00283642
1472 3.49259 0.00909324 0.00284553
1473 3.49259 0.009092 0.00284382
1474 3.49259 0.00909096 0.00281987
1475 3.49259 0.00909011 0.0027644
1476 3.49259 0.00908948 0.00267923
1477 3.49259 0.00908908 0.00256068
1478 3.49259 0.00908892 0.00241758
1479 3.49259 0.00908899 0.00237977
1480 3.49259 0.0090893 0.00247023
1481 3.49259 0.00908984 0.00253274
1482 3.49259 0.00909059 0.00256533
1483 3.49259 0.00909154 0.00257684
1484 3.49259 0.00909268 0.00256151
1485 3.49259 0.00909398 0.00252245
1486 3.4926 0.00909542 0.00246149
1487 3.4926 0.00909696 0.00238925
1488 3.4926 0.00909858 0.00231703
1489 3.4926 0.00910025 0.00226567
1490 3.4926 0.00910193 0.00229021
1491 3.4926 0.0091036 0.00233102
1492 3.49261 0.00910522 0.0023925
1493 3.49261 0.00910676 0.00245228
1494 3.49261 0.00910819 0.00249827
1495 3.49261 0.0091095 0.00252246
1496 3.49261 0.00911065 0.00252035
1497 3.49261 0.00911162 0.00249888
1498 3.49261 0.00911241 0.00244595
1499 3.49261 0.009113 0.00236536
1500 3.49261 0.00911338 0.0022582
1501 3.49261 0.00911355 0.00213585
1502 3.49261 0.00911351 0.00213979
1503 3.49261 0.00911325 0.00222766
1504 3.49261 0.0091128 0.00228959
1505 3.49261 0.00911216 0.00232462
1506 3.49261 0.00911134 0.00233617
1507 3.49261 0.00911036 0.00232394
1508 3.49261 0.00910924 0.0022896
1509 3.49261 0.00910801 0.00223963
1510 3.49261 0.00910668 0.00219307
1511 3.49261 0.00910529 0.00214163
1512 3.4926 0.00910385 0.00213839
1513 3.4926 0.00910239 0.00217458
1514 3.4926 0.00910095 0.00219914
1515 3.4926 0.00909954 0.00223501
1516 3.4926 0.00909819 0.00226078
1517 3.4926 0.00909693 0.00228539
1518 3.4926 0.00909577 0.00229386
1519 3.4926 0.00909475 0.00229394
1520 3.49259 0.00909387 0.00227837
1521 3.49259 0.00909316 0.00223839
1522 3.49259 0.00909261 0.00217402
1523 3.49259 0.00909226 0.00208279
1524 3.49259 0.00909209 0.00197049
1525 3.49259 0.00909212 0.00190039
1526 3.49259 0.00909233 0.00197894
1527 3.49259 0.00909273 0.00203307
1528 3.49259 0.00909331 0.00206521
1529 3.49259 0.00909406 0.0020774
1530 3.4926 0.00909495 0.00206896
1531 3.4926 0.00909598 0.00204055
1532 3.4926 0.00909713 0.0019947
1533 3.4926 0.00909836 0.00193599
1534 3.4926 0.00909966 0.00187929
1535 3.4926 0.009101 0.00183203
1536 3.4926 0.00910236 0.00184008
1537 3.4926 0.00910372 0.00187201
1538 3.49261 0.00910503 0.00191886
1539 3.49261 0.00910629 0.00196905
1540 3.49261 0.00910747 0.00200898
1541 3.49261 0.00910855 0.00203239
1542 3.49261 0.00910951 0.00203477
1543 3.49261 0.00911033 0.00202095
1544 3.49261 0.009111 0.001983
1545 3.49261 0.00911151 0.00192174
1546 3.49261 0.00911185 0.00183877
1547 3.49261 0.00911202 0.00174226
1548 3.49261 0.00911202 0.00170924
1549 3.49261 0.00911185 0.00178459
1550 3.49261 0.00911151 0.00183831
1551 3.49261 0.00911102 0.0018717
1552 3.49261 0.00911038 0.00188452
1553 3.49261 0.00910961 0.00187799
1554 3.49261 0.00910873 0.00185336
1555 3.49261 0.00910774 0.00181496
1556 3.49261 0.00910668 0.00177502
1557 3.49261 0.00910555 0.00173658
1558 3.4926 0.00910439 0.0017174
1559 3.4926 0.00910321 0.00174865
1560 3.4926 0.00910203 0.00176956
1561 3.4926 0.00910088 0.00179681
1562 3.4926 0.00909978 0.00181919
1563 3.4926 0.00909874 0.00184082
1564 3.4926 0.00909778 0.00184892
1565 3.4926 0.00909693 0.00185095
1566 3.4926 0.0090962 0.00184059
1567 3.4926 0.00909559 0.00181227
1568 3.4926 0.00909513 0.00176347
1569 3.4926 0.00909481 0.0016938
1570 3.4926 0.00909465 0.00160552
1571 3.4926 0.00909464 0.00151784
1572 3.4926 0.00909479 0.00158457
1573 3.4926 0.00909509 0.00163134
1574 3.4926 0.00909553 0.00166186
1575 3.4926 0.00909611 0.00167411
1576 3.4926 0.00909681 0.00167056
1577 3.4926 0.00909763 0.00165016
1578 3.4926 0.00909854 0.00161599
1579 3.4926 0.00909952 0.00157009
1580 3.4926 0.00910057 0.00152431
1581 3.4926 0.00910165 0.00148183
1582 3.4926 0.00910275 0.00147858
1583 3.4926 0.00910384 0.00150512
1584 3.49261 0.00910492 0.00154012
1585 3.49261 0.00910595 0.00158132
1586 3.49261 0.00910692 0.0016149
1587 3.49261 0.00910781 0.00163707
1588 3.49261 0.0091086 0.00164228
1589 3.49261 0.00910929 0.00163393
1590 3.49261 0.00910986 0.00160703
1591 3.49261 0.0091103 0.00156075
1592 3.49261 0.0091106 0.00149665
1593 3.49261 0.00911077 0.00142058
1594 3.49261 0.00911079 0.001365
1595 3.49261 0.00911068 0.00142885
1596 3.49261 0.00911044 0.00147525
1597 3.49261 0.00911006 0.00150642
1598 3.49261 0.00910957 0.00151964
1599 3.49261 0.00910896 0.00151701
1600 3.49261 0.00910826 0.00149992
1601 3.49261 0.00910747 0.00147049
1602 3.49261 0.00910662 0.0014365
1603 3.49261 0.00910571 0.00140766
1604 3.49261 0.00910477 0.00137931
1605 3.4926 0.00910382 0.00140601
1606 3.4926 0.00910286 0.00142331
1607 3.4926 0.00910192 0.00144423
1608 3.4926 0.00910101 0.00146481
1609 3.4926 0.00910016 0.00148214
1610 3.4926 0.00909937 0.00149073
1611 3.4926 0.00909867 0.00149331
1612 3.4926 0.00909805 0.00148684
1613 3.4926 0.00909754 0.00146675
1614 3.4926 0.00909714 0.00142995
1615 3.4926 0.00909686 0.00137695
1616 3.4926 0.00909671 0.00130776
1617 3.4926 0.00909668 0.00122567
1618 3.4926 0.00909678 0.00126809
1619 3.4926 0.009097 0.0013089
1620 3.4926 0.00909734 0.00133671
1621 3.4926 0.00909779 0.00134882
1622 3.4926 0.00909834 0.00134847
1623 3.4926 0.00909898 0.00133498
1624 3.4926 0.0090997 0.00130932
1625 3.4926 0.00910049 0.00127336
1626 3.4926 0.00910133 0.00123596
1627 3.4926 0.0091022 0.00119854
1628 3.4926 0.00910309 0.00118811
1629 3.4926 0.00910398 0.00120955
1630 3.49261 0.00910485 0.00123663
1631 3.49261 0.00910569 0.00126983
1632 3.49261 0.00910649 0.00129766
1633 3.49261 0.00910722 0.00131829
1634 3.49261 0.00910788 0.00132531
1635 3.49261 0.00910846 0.00132055
1636 3.49261 0.00910894 0.0013019
1637 3.49261 0.00910931 0.0012672
1638 3.49261 0.00910958 0.00121806
1639 3.49261 0.00910974 0.00115801
1640 3.49261 0.00910978 0.00109552
1641 3.49261 0.00910971 0.00114336
1642 3.49261 0.00910953 0.0011839
1643 3.49261 0.00910925 0.00121184
1644 3.49261 0.00910887 0.00122485
1645 3.49261 0.00910839 0.00122531
1646 3.49261 0.00910784 0.00121409
1647 3.49261 0.00910721 0.0011916
1648 3.49261 0.00910653 0.00116456
1649 3.49261 0.0091058 0.00114069
1650 3.49261 0.00910504 0.00111246
1651 3.4926 0.00910427 0.00113006
1652 3.4926 0.00910349 0.00114569
1653 3.4926 0.00910272 0.00116116
1654 3.4926 0.00910198 0.00117923
1655 3.4926 0.00910128 0.00119317
1656 3.4926 0.00910063 0.0012019
1657 3.4926 0.00910004 0.00120447
1658 3.4926 0.00909953 0.00120086
1659 3.4926 0.0090991 0.00118673
1660 3.4926 0.00909876 0.00115935
1661 3.4926 0.00909852 0.00111898
1662 3.4926 0.00909837 0.0010651
1663 3.4926 0.00909833 0.00100066
1664 3.4926 0.00909839 0.00101427
1665 3.4926 0.00909855 0.00105002
1666 3.4926 0.00909881 0.00107467
1667 3.4926 0.00909915 0.00108629
1668 3.4926 0.00909959 0.00108872
1669 3.4926 0.00910009 0.00107959
1670 3.4926 0.00910067 0.00106068
1671 3.4926 0.0091013 0.00103254
1672 3.4926 0.00910197 0.00100205
1673 3.4926 0.00910267 0.000970998
1674 3.4926 0.00910339 0.000955461
1675 3.4926 0.00910411 0.000972344
1676 3.49261 0.00910482 0.000992685
1677 3.49261 0.00910551 0.00101921
1678 3.49261 0.00910616 0.001043
1679 3.49261 0.00910676 0.00106117
1680 3.49261 0.00910731 0.00106914
1681 3.49261 0.00910779 0.00106682
1682 3.49261 0.00910819 0.00105429
1683 3.49261 0.00910851 0.00102847
1684 3.49261 0.00910875 0.00099104
1685 3.49261 0.00910889 0.00094391
1686 3.49261 0.00910895 0.000889332
1687 3.49261 0.00910891 0.000914389
1688 3.49261 0.00910878 0.000949793
1689 3.49261 0.00910857 0.000974378
1690 3.49261 0.00910827 0.000986888
1691 3.49261 0.0091079 0.000989708
1692 3.49261 0.00910746 0.000982488
1693 3.49261 0.00910696 0.000965852
1694 3.49261 0.00910642 0.000943852
1695 3.49261 0.00910583 0.000924299
1696 3.49261 0.00910522 0.000900239
1697 3.49261 0.00910459 0.000907835
1698 3.4926 0.00910396 0.000921832
1699 3.4926 0.00910334 0.000933454
1700 3.4926 0.00910273 0.000949134
1701 3.4926 0.00910215 0.000960417
1702 3.4926 0.00910162 0.000968982
1703 3.4926 0.00910113 0.000971252
1704 3.4926 0.00910071 0.000969601
1705 3.4926 0.00910034 0.000959973
1706 3.4926 0.00910005 0.00093977
1707 3.4926 0.00909984 0.000909123
1708 3.4926 0.00909971 0.000867225
1709 3.4926 0.00909966 0.000816763
1710 3.4926 0.00909969 0.000810827
1711 3.4926 0.00909981 0.000842048
1712 3.4926 0.0091 0.000863582
1713 3.4926 0.00910027 0.000874601
1714 3.4926 0.00910061 0.000878634
1715 3.4926 0.00910101 0.000872902
1716 3.4926 0.00910146 0.000858919
1717 3.4926 0.00910197 0.000837511
1718 3.4926 0.0091025 0.00081238
1719 3.4926 0.00910307 0.00078735
1720 3.4926 0.00910365 0.000771195
1721 3.4926 0.00910423 0.000782235
1722 3.49261 0.00910481 0.000796632
1723 3.49261 0.00910537 0.000817974
1724 3.49261 0.0091059 0.000838389
1725 3.49261 0.0091064 0.000853831
1726 3.49261 0.00910685 0.000862209
1727 3.49261 0.00910725 0.000861545
1728 3.49261 0.00910759 0.000853567
1729 3.49261 0.00910787 0.000834485
1730 3.49261 0.00910807 0.000806085
1731 3.49261 0.0091082 0.00076909
1732 3.49261 0.00910826 0.000726416
1733 3.49261 0.00910825 0.000730965
1734 3.49261 0.00910816 0.000761653
1735 3.49261 0.00910799 0.000783051
1736 3.49261 0.00910777 0.000795084
1737 3.49261 0.00910748 0.000799083
1738 3.49261 0.00910713 0.000794773
1739 3.49261 0.00910674 0.00078265
1740 3.49261 0.0091063 0.000765535
1741 3.49261 0.00910583 0.000748867
1742 3.49261 0.00910534 0.000730337
1743 3.49261 0.00910483 0.000729337
1744 3.4926 0.00910432 0.000741652
1745 3.4926 0.00910381 0.0007507
1746 3.4926 0.00910331 0.000763734
1747 3.4926 0.00910284 0.000772989
1748 3.4926 0.0091024 0.000781181
1749 3.4926 0.009102 0.000783509
1750 3.4926 0.00910164 0.000782975
1751 3.4926 0.00910134 0.000776353
1752 3.4926 0.00910109 0.000761612
1753 3.4926 0.00910091 0.000738363
1754 3.4926 0.00910079 0.000706014
1755 3.4926 0.00910074 0.00066645
1756 3.4926 0.00910075 0.00064786
1757 3.4926 0.00910083 0.000674967
1758 3.4926 0.00910098 0.000693646
1759 3.4926 0.00910118 0.000704424
1760 3.4926 0.00910145 0.000708836
1761 3.4926 0.00910176 0.000705551
1762 3.4926 0.00910212 0.000695371
1763 3.4926 0.00910252 0.00067925
1764 3.4926 0.00910295 0.000658962
1765 3.4926 0.00910341 0.000639117
1766 3.4926 0.00910387 0.000623664
1767 3.4926 0.00910435 0.000629176
1768 3.49261 0.00910482 0.000639719
1769 3.49261 0.00910527 0.000656405
1770 3.49261 0.00910571 0.000673681
1771 3.49261 0.00910612 0.000686902
1772 3.49261 0.0091065 0.000695017
1773 3.49261 0.00910683 0.000695774
1774 3.49261 0.00910711 0.000690874
1775 3.49261 0.00910735 0.000677063
1776 3.49261 0.00910752 0.000655455
1777 3.49261 0.00910764 0.000626595
1778 3.49261 0.0091077 0.000593107
1779 3.49261 0.0091077 0.000584089
1780 3.49261 0.00910763 0.000610496
1781 3.49261 0.00910752 0.000629051
1782 3.49261 0.00910734 0.000640528
1783 3.49261 0.00910711 0.000644923
1784 3.49261 0.00910684 0.000642668
1785 3.49261 0.00910653 0.000633975
1786 3.49261 0.00910618 0.000620818
1787 3.49261 0.0091058 0.000606533
1788 3.49261 0.00910541 0.000592668
1789 3.49261 0.009105 0.0005859
1790 3.49261 0.00910458 0.00059672
1791 3.4926 0.00910417 0.000604488
1792 3.4926 0.00910376 0.000614359
1793 3.4926 0.00910338 0.000622074
1794 3.4926 0.00910301 0.000629611
1795 3.4926 0.00910268 0.000632029
1796 3.4926 0.00910238 0.000632379
1797 3.4926 0.00910213 0.000627743
1798 3.4926 0.00910192 0.000617163
1799 3.4926 0.00910176 0.000599533
1800 3.4926 0.00910166 0.000574725
1801 3.4926 0.0091016 0.000543604
1802 3.4926 0.0091016 0.000517607
1803 3.4926 0.00910166 0.000540767
1804 3.4926 0.00910177 0.000556906
1805 3.4926 0.00910193 0.000567216
1806 3.4926 0.00910213 0.000571602
1807 3.4926 0.00910238 0.00057011
1808 3.4926 0.00910267 0.000562735
1809 3.4926 0.00910298 0.000550744
1810 3.4926 0.00910333 0.000534696
1811 3.4926 0.00910369 0.000518709
1812 3.4926 0.00910407 0.000504758
1813 3.49261 0.00910445 0.000506036
1814 3.49261 0.00910483 0.000514664
1815 3.49261 0.00910521 0.000527142
1816 3.49261 0.00910557 0.000541362
1817 3.49261 0.0091059 0.000552487
1818 3.49261 0.00910621 0.000560168
1819 3.49261 0.00910649 0.000561866
1820 3.49261 0.00910673 0.000559001
1821 3.49261 0.00910692 0.000549143
1822 3.49261 0.00910707 0.000532741
1823 3.49261 0.00910718 0.000510386
1824 3.49261 0.00910724 0.000484051
1825 3.49261 0.00910724 0.00046674
1826 3.49261 0.0091072 0.000489066
1827 3.49261 0.00910712 0.000505092
1828 3.49261 0.00910698 0.000515806
1829 3.49261 0.00910681 0.00052034
1830 3.49261 0.00910659 0.000519468
1831 3.49261 0.00910634 0.000513387
1832 3.49261 0.00910607 0.000503423
1833 3.49261 0.00910577 0.000491195
1834 3.49261 0.00910545 0.000480787
1835 3.49261 0.00910511 0.000470839
1836 3.49261 0.00910478 0.000480089
1837 3.49261 0.00910444 0.00048652
1838 3.4926 0.00910411 0.000494006
1839 3.4926 0.00910379 0.000500972
1840 3.4926 0.0091035 0.000507289
1841 3.4926 0.00910322 0.000509949
1842 3.4926 0.00910297 0.000510611
1843 3.4926 0.00910276 0.000507565
1844 3.4926 0.00910259 0.000499988
1845 3.4926 0.00910245 0.000486673
1846 3.4926 0.00910235 0.000467665
1847 3.4926 0.0091023 0.000443254
1848 3.4926 0.0091023 0.000415788
1849 3.4926 0.00910233 0.000433008
1850 3.4926 0.00910241 0.000447022
1851 3.4926 0.00910253 0.000456532
1852 3.4926 0.00910269 0.000460841
1853 3.4926 0.00910289 0.000460483
1854 3.4926 0.00910311 0.000455505
1855 3.4926 0.00910337 0.000446488
1856 3.4926 0.00910364 0.000433996
1857 3.4926 0.00910394 0.000420908
1858 3.4926 0.00910424 0.000408483
1859 3.49261 0.00910455 0.000406858
1860 3.49261 0.00910486 0.00041403
1861 3.49261 0.00910516 0.00042351
1862 3.49261 0.00910546 0.000434977
1863 3.49261 0.00910573 0.000444212
1864 3.49261 0.00910599 0.000451264
1865 3.49261 0.00910622 0.000453624
1866 3.49261 0.00910642 0.000452095
1867 3.49261 0.00910658 0.00044527
1868 3.49261 0.00910671 0.000432877
1869 3.49261 0.0091068 0.000415623
1870 3.49261 0.00910686 0.000394899
1871 3.49261 0.00910687 0.000374107
1872 3.49261 0.00910685 0.000391557
1873 3.49261 0.00910678 0.00040551
1874 3.49261 0.00910668 0.000415168
1875 3.49261 0.00910654 0.000419634
1876 3.49261 0.00910638 0.000419743
1877 3.49261 0.00910618 0.000415766
1878 3.49261 0.00910596 0.000408159
1879 3.49261 0.00910572 0.000398477
1880 3.49261 0.00910546 0.000389893
1881 3.49261 0.00910519 0.000379942
1882 3.49261 0.00910492 0.000386107
1883 3.49261 0.00910465 0.000391699
1884 3.4926 0.00910438 0.000397355
1885 3.4926 0.00910412 0.000403537
1886 3.4926 0.00910387 0.000408647
1887 3.4926 0.00910365 0.00041138
1888 3.4926 0.00910344 0.000412194
1889 3.4926 0.00910327 0.000410288
1890 3.4926 0.00910312 0.000404997
1891 3.4926 0.009103 0.00039493
1892 3.4926 0.00910292 0.000380395
1893 3.4926 0.00910287 0.000361359
1894 3.4926 0.00910286 0.000339093
1895 3.4926 0.00910288 0.000346527
1896 3.4926 0.00910294 0.000358811
1897 3.4926 0.00910303 0.00036727
1898 3.4926 0.00910315 0.000371386
1899 3.4926 0.00910331 0.000371995
1900 3.4926 0.00910348 0.000368645
1901 3.4926 0.00910369 0.000361985
1902 3.4926 0.00910391 0.000352126
1903 3.4926 0.00910414 0.000341442
1904 3.4926 0.00910439 0.000330968
1905 3.49261 0.00910464 0.000326959
1906 3.49261 0.00910489 0.000333082
1907 3.49261 0.00910513 0.000340114
1908 3.49261 0.00910537 0.000349326
1909 3.49261 0.0091056 0.000357348
1910 3.49261 0.00910581 0.000363445
1911 3.49261 0.009106 0.000366166
1912 3.49261 0.00910617 0.000365469
1913 3.49261 0.00910631 0.00036089
1914 3.49261 0.00910642 0.000351602
1915 3.49261 0.0091065 0.000338377
1916 3.49261 0.00910655 0.000322121
1917 3.49261 0.00910657 0.000302999
1918 3.49261 0.00910655 0.000313298
1919 3.49261 0.0091065 0.000325479
1920 3.49261 0.00910643 0.000333995
1921 3.49261 0.00910632 0.000338298
1922 3.49261 0.00910619 0.000339242
1923 3.49261 0.00910604 0.00033665
1924 3.49261 0.00910586 0.000331059
1925 3.49261 0.00910567 0.00032317
1926 3.49261 0.00910546 0.000316175
1927 3.49261 0.00910525 0.000307634
1928 3.49261 0.00910503 0.000310407
1929 3.49261 0.0091048 0.000315351
1930 3.49261 0.00910458 0.000319609
1931 3.4926 0.00910437 0.00032503
1932 3.4926 0.00910417 0.000329132
1933 3.4926 0.00910398 0.000331877
1934 3.4926 0.00910381 0.000332618
1935 3.4926 0.00910367 0.000331596
1936 3.4926 0.00910354 0.000327943
1937 3.4926 0.00910344 0.000320422
1938 3.4926 0.00910337 0.000309367
1939 3.4926 0.00910332 0.000294523
1940 3.4926 0.00910331 0.000277074
1941 3.4926 0.00910332 0.00027717
1942 3.4926 0.00910336 0.0002879
1943 3.4926 0.00910343 0.000295313
1944 3.4926 0.00910353 0.000299168
1945 3.4926 0.00910365 0.000300419
1946 3.4926 0.00910379 0.000298273
1947 3.4926 0.00910395 0.000293352
1948 3.4926 0.00910413 0.000285783
1949 3.4926 0.00910431 0.000277101
1950 3.49261 0.00910451 0.000268554
1951 3.49261 0.00910471 0.000263576
1952 3.49261 0.00910492 0.000268142
1953 3.49261 0.00910512 0.000273074
1954 3.49261 0.00910531 0.000280508
1955 3.49261 0.0091055 0.000287432
1956 3.49261 0.00910567 0.000292608
1957 3.49261 0.00910583 0.000295474
1958 3.49261 0.00910597 0.000295319
1959 3.49261 0.00910609 0.00029238
1960 3.49261 0.00910618 0.000285489
1961 3.49261 0.00910625 0.000275448
1962 3.49261 0.0091063 0.000262671
1963 3.49261 0.00910631 0.000247722
1964 3.49261 0.00910631 0.000250535
1965 3.49261 0.00910627 0.000261147
1966 3.49261 0.00910622 0.000268551
1967 3.49261 0.00910614 0.00027266
1968 3.49261 0.00910603 0.000274058
1969 3.49261 0.00910591 0.000272508
1970 3.49261 0.00910577 0.000268419
1971 3.49261 0.00910562 0.000262281
1972 3.49261 0.00910545 0.000256353
1973 3.49261 0.00910528 0.000249683
1974 3.49261 0.0091051 0.000249491
1975 3.49261 0.00910492 0.000253823
1976 3.49261 0.00910474 0.000257035
1977 3.49261 0.00910457 0.000261688
1978 3.4926 0.0091044 0.000265004
1979 3.4926 0.00910425 0.000267718
1980 3.4926 0.00910411 0.00026836
1981 3.4926 0.00910398 0.000268015
1982 3.4926 0.00910388 0.00026547
1983 3.4926 0.00910379 0.000259913
1984 3.4926 0.00910373 0.000251538
1985 3.4926 0.00910369 0.000239985
1986 3.4926 0.00910367 0.000226323
1987 3.4926 0.00910368 0.000221572
1988 3.4926 0.00910371 0.000230906
1989 3.4926 0.00910376 0.000237345
1990 3.4926 0.00910384 0.000241053
1991 3.4926 0.00910393 0.00024252
1992 3.4926 0.00910404 0.000241261
1993 3.4926 0.00910417 0.00023766
1994 3.4926 0.00910431 0.000231964
1995 3.49261 0.00910446 0.000224904
1996 3.49261 0.00910462 0.000217953
1997 3.49261 0.00910478 0.000213013
1998 3.49261 0.00910495 0.000215802
1999 3.49261 0.00910511 0.000219401
2000 3.49261 0.00910527 0.000225181
2001 3.49261 0.00910542 0.000231156
2002 3.49261 0.00910556 0.000235493
2003 3.49261 0.00910569 0.000238323
2004 3.49261 0.00910581 0.000238571
2005 3.49261 0.00910591 0.000236777
2006 3.49261 0.00910599 0.000231795
2007 3.49261 0.00910605 0.000224123
2008 3.49261 0.00910609 0.000214134
2009 3.49261 0.00910611 0.000202445
2010 3.49261 0.00910611 0.000200266
2011 3.49261 0.00910608 0.000209424
2012 3.49261 0.00910604 0.000215829
2013 3.49261 0.00910598 0.000219786
2014 3.49261 0.0091059 0.000221307
2015 3.49261 0.0091058 0.00022049
2016 3.49261 0.00910569 0.000217567
2017 3.49261 0.00910557 0.000212851
2018 3.49261 0.00910544 0.000207765
2019 3.49261 0.0091053 0.00020277
2020 3.49261 0.00910515 0.000200529
2021 3.49261 0.00910501 0.00020425
2022 3.49261 0.00910486 0.00020706
2023 3.49261 0.00910472 0.00021064
2024 3.49261 0.00910458 0.000213385
2025 3.49261 0.00910446 0.000215927
2026 3.4926 0.00910434 0.000216626
2027 3.4926 0.00910424 0.000216629
2028 3.4926 0.00910415 0.000214814
2029 3.4926 0.00910408 0.000210844
2030 3.4926 0.00910402 0.000204436
2031 3.4926 0.00910399 0.000195542
2032 3.4926 0.00910397 0.000184794
2033 3.4926 0.00910397 0.0001771
2034 3.4926 0.00910399 0.000185098
2035 3.4926 0.00910403 0.000190663
2036 3.4926 0.00910409 0.000194168
2037 3.4926 0.00910416 0.000195695
2038 3.4926 0.00910425 0.000195079
2039 3.4926 0.00910435 0.000192465
2040 3.49261 0.00910446 0.000188224
2041 3.49261 0.00910458 0.000182606
2042 3.49261 0.00910471 0.000177038
2043 3.49261 0.00910484 0.000172432
2044 3.49261 0.00910497 0.000173639
2045 3.49261 0.00910511 0.000176629
2046 3.49261 0.00910524 0.000180915
2047 3.49261 0.00910536 0.000185817
2048 3.49261 0.00910548 0.000189515
2049 3.49261 0.00910559 0.000192168
2050 3.49261 0.00910568 0.000192723
2051 3.49261 0.00910576 0.000191703
2052 3.49261 0.00910583 0.000188153
2053 3.49261 0.00910588 0.000182289
2054 3.49261 0.00910592 0.000174555
2055 3.49261 0.00910594 0.000165364
2056 3.49261 0.00910594 0.000160132
2057 3.49261 0.00910593 0.000167857
2058 3.49261 0.00910589 0.00017339
2059 3.49261 0.00910585 0.000177085
2060 3.49261 0.00910578 0.00017865
2061 3.49261 0.00910571 0.000178335
2062 3.49261 0.00910562 0.000176277
2063 3.49261 0.00910552 0.000172733
2064 3.49261 0.00910542 0.000168382
2065 3.49261 0.0091053 0.000164613
2066 3.49261 0.00910519 0.000161189
2067 3.49261 0.00910507 0.00016439
2068 3.49261 0.00910495 0.000166753
2069 3.49261 0.00910484 0.000169475
2070 3.49261 0.00910473 0.000171776
2071 3.49261 0.00910462 0.000174079
2072 3.49261 0.00910453 0.000174902
2073 3.49261 0.00910444 0.000175062
2074 3.4926 0.00910437 0.000173802
2075 3.4926 0.0091043 0.000170977
2076 3.4926 0.00910426 0.000166101
2077 3.4926 0.00910423 0.000159275
2078 3.4926 0.00910421 0.000150835
2079 3.4926 0.00910421 0.000141885
2080 3.4926 0.00910422 0.000148295
2081 3.4926 0.00910425 0.000153112
2082 3.4926 0.00910429 0.00015635
2083 3.4926 0.00910435 0.000157869
2084 3.4926 0.00910442 0.000157669
2085 3.49261 0.0091045 0.000155859
2086 3.49261 0.00910459 0.000152696
2087 3.49261 0.00910468 0.000148338
2088 3.49261 0.00910479 0.000143775
2089 3.49261 0.00910489 0.000139617
2090 3.49261 0.009105 0.000139684
2091 3.49261 0.00910511 0.000142183
2092 3.49261 0.00910521 0.000145417
2093 3.49261 0.00910532 0.000149384
2094 3.49261 0.00910541 0.000152483
2095 3.49261 0.0091055 0.0001549
2096 3.49261 0.00910558 0.000155661
2097 3.49261 0.00910565 0.000155141
2098 3.49261 0.00910571 0.000152665
2099 3.49261 0.00910575 0.000148239
2100 3.49261 0.00910578 0.000142228
2101 3.49261 0.0091058 0.000135014
2102 3.49261 0.00910581 0.000128111
2103 3.49261 0.0091058 0.000134459
2104 3.49261 0.00910577 0.000139256
2105 3.49261 0.00910574 0.000142616
2106 3.49261 0.00910569 0.000144147
2107 3.49261 0.00910563 0.000144178
2108 3.49261 0.00910556 0.000142819
2109 3.49261 0.00910548 0.000140118
2110 3.49261 0.0091054 0.000136656
2111 3.49261 0.00910531 0.000133584
2112 3.49261 0.00910521 0.000130109
2113 3.49261 0.00910512 0.000132288
2114 3.49261 0.00910502 0.000134274
2115 3.49261 0.00910493 0.000136336
2116 3.49261 0.00910484 0.000138459
2117 3.49261 0.00910475 0.000140303
2118 3.49261 0.00910467 0.000141156
2119 3.49261 0.0091046 0.000141407
2120 3.49261 0.00910454 0.000140574
2121 3.49261 0.00910449 0.000138618
2122 3.49261 0.00910445 0.000134922
2123 3.4926 0.00910442 0.000129733
2124 3.4926 0.0091044 0.000123112
2125 3.4926 0.0091044 0.000115256
2126 3.4926 0.00910441 0.000118742
2127 3.49261 0.00910443 0.000122959
2128 3.49261 0.00910446 0.000125856
2129 3.49261 0.0091045 0.000127303
2130 3.49261 0.00910456 0.00012743
2131 3.49261 0.00910462 0.000126238
2132 3.49261 0.00910469 0.000123906
2133 3.49261 0.00910477 0.000120469
2134 3.49261 0.00910485 0.000116741
2135 3.49261 0.00910494 0.000113179
2136 3.49261 0.00910502 0.000112318
2137 3.49261 0.00910511 0.000114412
2138 3.49261 0.0091052 0.000116884
2139 3.49261 0.00910528 0.000120032
2140 3.49261 0.00910536 0.000122739
2141 3.49261 0.00910543 0.000124797
2142 3.49261 0.0091055 0.000125713
2143 3.49261 0.00910556 0.000125493
2144 3.49261 0.00910561 0.000123819
2145 3.49261 0.00910564 0.000120512
2146 3.49261 0.00910567 0.000115853
2147 3.49261 0.00910569 0.000110206
2148 3.49261 0.00910569 0.000103488
2149 3.49261 0.00910569 0.000107639
2150 3.49261 0.00910567 0.000111825
2151 3.49261 0.00910564 0.000114795
2152 3.49261 0.00910561 0.000116254
2153 3.49261 0.00910556 0.000116575
2154 3.49261 0.0091055 0.000115702
2155 3.49261 0.00910544 0.00011372
2156 3.49261 0.00910538 0.000110904
2157 3.49261 0.0091053 0.000108408
2158 3.49261 0.00910523 0.000105385
2159 3.49261 0.00910515 0.000106423
2160 3.49261 0.00910507 0.000108166
2161 3.49261 0.00910499 0.000109715
2162 3.49261 0.00910492 0.000111594
2163 3.49261 0.00910485 0.000113067
2164 3.49261 0.00910478 0.000113951
2165 3.49261 0.00910473 0.000114204
2166 3.49261 0.00910467 0.000113709
2167 3.49261 0.00910463 0.00011234
2168 3.49261 0.0091046 0.00010959
2169 3.49261 0.00910457 0.000105633
2170 3.49261 0.00910456 0.000100458
2171 3.49261 0.00910455 9.43071e-05
2172 3.49261 0.00910456 9.50627e-05
2173 3.49261 0.00910457 9.87087e-05
2174 3.49261 0.0091046 0.000101258
2175 3.49261 0.00910463 0.000102607
2176 3.49261 0.00910467 0.000102978
2177 3.49261 0.00910472 0.000102214
2178 3.49261 0.00910478 0.0001005
2179 3.49261 0.00910484 9.7835e-05
2180 3.49261 0.00910491 9.48165e-05
2181 3.49261 0.00910498 9.18808e-05
2182 3.49261 0.00910505 9.03832e-05
2183 3.49261 0.00910512 9.21406e-05
2184 3.49261 0.00910519 9.39388e-05
2185 3.49261 0.00910526 9.64366e-05
2186 3.49261 0.00910532 9.88071e-05
2187 3.49261 0.00910538 0.000100523
2188 3.49261 0.00910544 0.000101497
2189 3.49261 0.00910548 0.000101465
2190 3.49261 0.00910552 0.000100378
2191 3.49261 0.00910556 9.7927e-05
2192 3.49261 0.00910558 9.43486e-05
2193 3.49261 0.0091056 8.99363e-05
2194 3.49261 0.0091056 8.46823e-05
2195 3.49261 0.0091056 8.61134e-05
2196 3.49261 0.00910559 8.97676e-05
2197 3.49261 0.00910557 9.23521e-05
2198 3.49261 0.00910554 9.3729e-05
2199 3.49261 0.0091055 9.42297e-05
2200 3.49261 0.00910546 9.37064e-05
2201 3.49261 0.00910541 9.22551e-05
2202 3.49261 0.00910535 9.00537e-05
2203 3.49261 0.0091053 8.79557e-05
2204 3.49261 0.00910524 8.55593e-05
2205 3.49261 0.00910517 8.55737e-05
2206 3.49261 0.00910511 8.71044e-05
2207 3.49261 0.00910505 8.82797e-05
2208 3.49261 0.00910499 8.98976e-05
2209 3.49261 0.00910493 9.10865e-05
2210 3.49261 0.00910488 9.19826e-05
2211 3.49261 0.00910483 9.2198e-05
2212 3.49261 0.00910478 9.1972e-05
2213 3.49261 0.00910475 9.1002e-05
2214 3.49261 0.00910472 8.89931e-05
2215 3.49261 0.0091047 8.59807e-05
2216 3.49261 0.00910468 8.19448e-05
2217 3.49261 0.00910468 7.71369e-05
2218 3.49261 0.00910468 7.60654e-05
2219 3.49261 0.00910469 7.92372e-05
2220 3.49261 0.00910471 8.1428e-05
2221 3.49261 0.00910473 8.27047e-05
2222 3.49261 0.00910477 8.31821e-05
2223 3.49261 0.00910481 8.27385e-05
2224 3.49261 0.00910485 8.14841e-05
2225 3.49261 0.0091049 7.94681e-05
2226 3.49261 0.00910495 7.70255e-05
2227 3.49261 0.00910501 7.46147e-05
2228 3.49261 0.00910507 7.30086e-05
2229 3.49261 0.00910512 7.42076e-05
2230 3.49261 0.00910518 7.55047e-05
2231 3.49261 0.00910524 7.74474e-05
2232 3.49261 0.00910529 7.9505e-05
2233 3.49261 0.00910534 8.09409e-05
2234 3.49261 0.00910538 8.19133e-05
2235 3.49261 0.00910542 8.20091e-05
2236 3.49261 0.00910546 8.13376e-05
2237 3.49261 0.00910549 7.95511e-05
2238 3.49261 0.00910551 7.68256e-05
2239 3.49261 0.00910552 7.33647e-05
2240 3.49261 0.00910553 6.92645e-05
2241 3.49261 0.00910553 6.88812e-05
2242 3.49261 0.00910552 7.20218e-05
2243 3.49261 0.0091055 7.4256e-05
2244 3.49261 0.00910548 7.5589e-05
2245 3.49261 0.00910545 7.61358e-05
2246 3.49261 0.00910542 7.58556e-05
2247 3.49261 0.00910538 7.48227e-05
2248 3.49261 0.00910534 7.31381e-05
2249 3.49261 0.00910529 7.13316e-05
2250 3.49261 0.00910524 6.95323e-05
2251 3.49261 0.00910519 6.88195e-05
2252 3.49261 0.00910514 7.01291e-05
2253 3.49261 0.00910509 7.11008e-05
2254 3.49261 0.00910504 7.23975e-05
2255 3.49261 0.00910499 7.33695e-05
2256 3.49261 0.00910495 7.42256e-05
2257 3.49261 0.00910491 7.44216e-05
2258 3.49261 0.00910487 7.43939e-05
2259 3.49261 0.00910484 7.36963e-05
2260 3.49261 0.00910481 7.22601e-05
2261 3.49261 0.0091048 6.99675e-05
2262 3.49261 0.00910478 6.68468e-05
2263 3.49261 0.00910478 6.30651e-05
2264 3.49261 0.00910478 6.08431e-05
2265 3.49261 0.00910479 6.35764e-05
2266 3.49261 0.0091048 6.54576e-05
2267 3.49261 0.00910482 6.66581e-05
2268 3.49261 0.00910485 6.71638e-05
2269 3.49261 0.00910488 6.69462e-05
2270 3.49261 0.00910491 6.60427e-05
2271 3.49261 0.00910495 6.45367e-05
2272 3.49261 0.00910499 6.25675e-05
2273 3.49261 0.00910504 6.06266e-05
2274 3.49261 0.00910508 5.90957e-05
2275 3.49261 0.00910513 5.97463e-05
2276 3.49261 0.00910518 6.07678e-05
2277 3.49261 0.00910522 6.22712e-05
2278 3.49261 0.00910527 6.39386e-05
2279 3.49261 0.00910531 6.51632e-05
2280 3.49261 0.00910534 6.60759e-05
2281 3.49261 0.00910538 6.62689e-05
2282 3.49261 0.00910541 6.58884e-05
2283 3.49261 0.00910543 6.46078e-05
2284 3.49261 0.00910545 6.25374e-05
2285 3.49261 0.00910546 5.98471e-05
2286 3.49261 0.00910547 5.66256e-05
2287 3.49261 0.00910547 5.50961e-05
2288 3.49261 0.00910546 5.77553e-05
2289 3.49261 0.00910545 5.96831e-05
2290 3.49261 0.00910543 6.09349e-05
2291 3.49261 0.00910541 6.14913e-05
2292 3.49261 0.00910538 6.13807e-05
2293 3.49261 0.00910535 6.06558e-05
2294 3.49261 0.00910532 5.93896e-05
2295 3.49261 0.00910528 5.78482e-05
2296 3.49261 0.00910524 5.64858e-05
2297 3.49261 0.0091052 5.53338e-05
2298 3.49261 0.00910516 5.64511e-05
2299 3.49261 0.00910512 5.72929e-05
2300 3.49261 0.00910508 5.82812e-05
2301 3.49261 0.00910504 5.90964e-05
2302 3.49261 0.009105 5.98729e-05
2303 3.49261 0.00910497 6.01242e-05
2304 3.49261 0.00910494 6.0156e-05
2305 3.49261 0.00910491 5.9665e-05
2306 3.49261 0.00910489 5.86592e-05
2307 3.49261 0.00910488 5.69127e-05
2308 3.49261 0.00910486 5.4513e-05
2309 3.49261 0.00910486 5.15356e-05
2310 3.49261 0.00910486 4.86719e-05
2311 3.49261 0.00910486 5.0982e-05
2312 3.49261 0.00910487 5.26128e-05
2313 3.49261 0.00910489 5.36981e-05
2314 3.49261 0.00910491 5.42151e-05
2315 3.49261 0.00910493 5.41452e-05
2316 3.49261 0.00910496 5.35084e-05
2317 3.49261 0.00910499 5.23898e-05
2318 3.49261 0.00910503 5.08517e-05
2319 3.49261 0.00910506 4.92722e-05
2320 3.49261 0.0091051 4.78888e-05
2321 3.49261 0.00910514 4.80994e-05
2322 3.49261 0.00910518 4.89497e-05
2323 3.49261 0.00910521 5.00892e-05
2324 3.49261 0.00910525 5.14225e-05
2325 3.49261 0.00910528 5.24655e-05
2326 3.49261 0.00910531 5.32916e-05
2327 3.49261 0.00910534 5.35411e-05
2328 3.49261 0.00910536 5.33524e-05
2329 3.49261 0.00910538 5.24536e-05
2330 3.49261 0.0091054 5.08832e-05
2331 3.49261 0.00910541 4.8796e-05
2332 3.49261 0.00910542 4.6269e-05
2333 3.49261 0.00910542 4.40543e-05
2334 3.49261 0.00910541 4.62866e-05
2335 3.49261 0.00910541 4.79455e-05
2336 3.49261 0.00910539 4.90997e-05
2337 3.49261 0.00910538 4.96429e-05
2338 3.49261 0.00910535 4.96442e-05
2339 3.49261 0.00910533 4.91629e-05
2340 3.49261 0.0091053 4.82047e-05
2341 3.49261 0.00910527 4.69627e-05
2342 3.49261 0.00910524 4.58673e-05
2343 3.49261 0.00910521 4.46611e-05
2344 3.49261 0.00910517 4.54421e-05
2345 3.49261 0.00910514 4.61424e-05
2346 3.49261 0.00910511 4.68963e-05
2347 3.49261 0.00910508 4.76201e-05
2348 3.49261 0.00910505 4.82796e-05
2349 3.49261 0.00910502 4.85573e-05
2350 3.49261 0.00910499 4.86284e-05
2351 3.49261 0.00910497 4.83035e-05
2352 3.49261 0.00910495 4.7598e-05
2353 3.49261 0.00910494 4.628e-05
2354 3.49261 0.00910493 4.44328e-05
2355 3.49261 0.00910492 4.20974e-05
2356 3.49261 0.00910492 3.93274e-05
2357 3.49261 0.00910493 4.08576e-05
2358 3.49261 0.00910493 4.22843e-05
2359 3.49261 0.00910495 4.32453e-05
2360 3.49261 0.00910496 4.37464e-05
2361 3.49261 0.00910498 4.3779e-05
2362 3.49261 0.009105 4.33675e-05
2363 3.49261 0.00910503 4.25313e-05
2364 3.49261 0.00910506 4.13276e-05
2365 3.49261 0.00910508 4.00399e-05
2366 3.49261 0.00910511 3.88198e-05
2367 3.49261 0.00910514 3.87043e-05
2368 3.49261 0.00910518 3.94134e-05
2369 3.49261 0.00910521 4.02823e-05
2370 3.49261 0.00910523 4.13388e-05
2371 3.49261 0.00910526 4.22627e-05
2372 3.49261 0.00910529 4.29582e-05
2373 3.49261 0.00910531 4.32542e-05
2374 3.49261 0.00910533 4.31821e-05
2375 3.49261 0.00910535 4.25697e-05
2376 3.49261 0.00910536 4.13938e-05
2377 3.49261 0.00910537 3.97683e-05
2378 3.49261 0.00910538 3.77928e-05
2379 3.49261 0.00910538 3.55016e-05
2380 3.49261 0.00910537 3.70718e-05
2381 3.49261 0.00910537 3.85163e-05
2382 3.49261 0.00910536 3.95425e-05
2383 3.49261 0.00910535 4.0057e-05
2384 3.49261 0.00910533 4.01506e-05
2385 3.49261 0.00910531 3.98515e-05
2386 3.49261 0.00910529 3.91395e-05
2387 3.49261 0.00910526 3.81409e-05
2388 3.49261 0.00910524 3.72541e-05
2389 3.49261 0.00910521 3.61855e-05
2390 3.49261 0.00910518 3.65776e-05
2391 3.49261 0.00910516 3.7189e-05
2392 3.49261 0.00910513 3.77524e-05
2393 3.49261 0.0091051 3.84016e-05
2394 3.49261 0.00910508 3.89293e-05
2395 3.49261 0.00910506 3.92128e-05
2396 3.49261 0.00910504 3.92987e-05
2397 3.49261 0.00910502 3.91002e-05
2398 3.49261 0.009105 3.86057e-05
2399 3.49261 0.00910499 3.76243e-05
2400 3.49261 0.00910498 3.62062e-05
2401 3.49261 0.00910498 3.43819e-05
2402 3.49261 0.00910498 3.22061e-05
2403 3.49261 0.00910498 3.2726e-05
2404 3.49261 0.00910498 3.39748e-05
2405 3.49261 0.00910499 3.48261e-05
2406 3.49261 0.009105 3.52819e-05
2407 3.49261 0.00910502 3.5403e-05
2408 3.49261 0.00910504 3.51354e-05
2409 3.49261 0.00910506 3.45204e-05
2410 3.49261 0.00910508 3.35779e-05
2411 3.49261 0.0091051 3.25387e-05
2412 3.49261 0.00910513 3.15187e-05
2413 3.49261 0.00910515 3.11304e-05
2414 3.49261 0.00910518 3.1756e-05
2415 3.49261 0.0091052 3.23933e-05
2416 3.49261 0.00910522 3.3234e-05
2417 3.49261 0.00910525 3.40405e-05
2418 3.49261 0.00910527 3.46132e-05
2419 3.49261 0.00910529 3.49399e-05
2420 3.49261 0.0091053 3.49335e-05
2421 3.49261 0.00910532 3.45313e-05
2422 3.49261 0.00910533 3.36587e-05
2423 3.49261 0.00910534 3.24051e-05
2424 3.49261 0.00910534 3.08631e-05
2425 3.49261 0.00910534 2.90099e-05
2426 3.49261 0.00910534 2.96721e-05
2427 3.49261 0.00910534 3.09297e-05
2428 3.49261 0.00910533 3.18281e-05
2429 3.49261 0.00910532 3.23085e-05
2430 3.49261 0.00910531 3.24703e-05
2431 3.49261 0.00910529 3.22919e-05
2432 3.49261 0.00910528 3.1773e-05
2433 3.49261 0.00910526 3.09872e-05
2434 3.49261 0.00910524 3.02496e-05
2435 3.49261 0.00910521 2.93909e-05
2436 3.49261 0.00910519 2.94301e-05
2437 3.49261 0.00910517 2.99611e-05
2438 3.49261 0.00910515 3.03897e-05
2439 3.49261 0.00910513 3.09521e-05
2440 3.49261 0.00910511 3.13806e-05
2441 3.49261 0.00910509 3.16707e-05
2442 3.49261 0.00910507 3.1743e-05
2443 3.49261 0.00910506 3.16459e-05
2444 3.49261 0.00910504 3.13016e-05
2445 3.49261 0.00910503 3.05753e-05
2446 3.49261 0.00910503 2.94943e-05
2447 3.49261 0.00910502 2.8074e-05
2448 3.49261 0.00910502 2.63664e-05
2449 3.49261 0.00910502 2.62008e-05
2450 3.49261 0.00910502 2.72873e-05
2451 3.49261 0.00910503 2.80323e-05
2452 3.49261 0.00910504 2.84537e-05
2453 3.49261 0.00910505 2.86155e-05
2454 3.49261 0.00910507 2.84571e-05
2455 3.49261 0.00910508 2.80054e-05
2456 3.49261 0.0091051 2.72875e-05
2457 3.49261 0.00910512 2.64408e-05
2458 3.49261 0.00910514 2.5611e-05
2459 3.49261 0.00910516 2.51134e-05
2460 3.49261 0.00910518 2.55892e-05
2461 3.49261 0.0091052 2.60515e-05
2462 3.49261 0.00910522 2.67129e-05
2463 3.49261 0.00910523 2.74044e-05
2464 3.49261 0.00910525 2.78811e-05
2465 3.49261 0.00910527 2.82136e-05
2466 3.49261 0.00910528 2.82483e-05
2467 3.49261 0.00910529 2.79981e-05
2468 3.49261 0.0091053 2.73569e-05
2469 3.49261 0.00910531 2.63989e-05
2470 3.49261 0.00910531 2.51932e-05
2471 3.49261 0.00910532 2.37458e-05
2472 3.49261 0.00910532 2.37487e-05
2473 3.49261 0.00910531 2.48255e-05
2474 3.49261 0.00910531 2.56041e-05
2475 3.49261 0.0091053 2.60585e-05
2476 3.49261 0.00910529 2.62471e-05
2477 3.49261 0.00910528 2.61547e-05
2478 3.49261 0.00910526 2.57838e-05
2479 3.49261 0.00910525 2.51873e-05
2480 3.49261 0.00910523 2.4551e-05
2481 3.49261 0.00910522 2.39034e-05
2482 3.49261 0.0091052 2.36823e-05
2483 3.49261 0.00910518 2.4136e-05
2484 3.49261 0.00910516 2.44692e-05
2485 3.49261 0.00910514 2.49381e-05
2486 3.49261 0.00910513 2.5285e-05
2487 3.49261 0.00910511 2.55686e-05
2488 3.49261 0.0091051 2.56365e-05
2489 3.49261 0.00910509 2.56118e-05
2490 3.49261 0.00910508 2.53674e-05
2491 3.49261 0.00910507 2.4844e-05
2492 3.49261 0.00910506 2.40162e-05
2493 3.49261 0.00910506 2.29175e-05
2494 3.49261 0.00910505 2.15754e-05
2495 3.49261 0.00910505 2.09659e-05
2496 3.49261 0.00910506 2.19046e-05
2497 3.49261 0.00910506 2.25524e-05
2498 3.49261 0.00910507 2.2956e-05
2499 3.49261 0.00910508 2.31196e-05
2500 3.49261 0.00910509 2.30394e-05
2501 3.49261 0.0091051 2.27168e-05
2502 3.49261 0.00910512 2.21759e-05
2503 3.49261 0.00910513 2.14876e-05
2504 3.49261 0.00910515 2.08135e-05
2505 3.49261 0.00910516 2.03114e-05
2506 3.49261 0.00910518 2.06111e-05
2507 3.49261 0.00910519 2.09683e-05
2508 3.49261 0.00910521 2.14931e-05
2509 3.49261 0.00910523 2.20498e-05
2510 3.49261 0.00910524 2.24544e-05
2511 3.49261 0.00910525 2.27705e-05
2512 3.49261 0.00910526 2.28384e-05
2513 3.49261 0.00910527 2.26919e-05
2514 3.49261 0.00910528 2.22321e-05
2515 3.49261 0.00910529 2.14988e-05
2516 3.49261 0.00910529 2.05642e-05
2517 3.49261 0.00910529 1.94283e-05
2518 3.49261 0.00910529 1.90009e-05
2519 3.49261 0.00910529 1.99168e-05
2520 3.49261 0.00910529 2.05881e-05
2521 3.49261 0.00910528 2.10144e-05
2522 3.49261 0.00910527 2.12068e-05
2523 3.49261 0.00910527 2.11748e-05
2524 3.49261 0.00910525 2.09157e-05
2525 3.49261 0.00910524 2.04668e-05
2526 3.49261 0.00910523 1.99256e-05
2527 3.49261 0.00910522 1.94338e-05
2528 3.49261 0.0091052 1.90527e-05
2529 3.49261 0.00910519 1.94404e-05
2530 3.49261 0.00910517 1.97288e-05
2531 3.49261 0.00910516 2.00856e-05
2532 3.49261 0.00910514 2.03745e-05
2533 3.49261 0.00910513 2.06352e-05
2534 3.49261 0.00910512 2.07131e-05
2535 3.49261 0.00910511 2.07248e-05
2536 3.49261 0.0091051 2.05522e-05
2537 3.49261 0.00910509 2.01806e-05
2538 3.49261 0.00910509 1.95516e-05
2539 3.49261 0.00910508 1.87039e-05
2540 3.49261 0.00910508 1.76459e-05
2541 3.49261 0.00910508 1.67765e-05
2542 3.49261 0.00910508 1.75738e-05
2543 3.49261 0.00910509 1.81352e-05
2544 3.49261 0.00910509 1.85108e-05
2545 3.49261 0.0091051 1.86734e-05
2546 3.49261 0.00910511 1.86502e-05
2547 3.49261 0.00910512 1.84213e-05
2548 3.49261 0.00910513 1.80206e-05
2549 3.49261 0.00910514 1.74719e-05
2550 3.49261 0.00910515 1.69213e-05
2551 3.49261 0.00910517 1.64613e-05
2552 3.49261 0.00910518 1.65999e-05
2553 3.49261 0.00910519 1.68973e-05
2554 3.49261 0.00910521 1.72987e-05
2555 3.49261 0.00910522 1.77382e-05
2556 3.49261 0.00910523 1.80903e-05
2557 3.49261 0.00910524 1.83718e-05
2558 3.49261 0.00910525 1.84581e-05
2559 3.49261 0.00910526 1.8384e-05
2560 3.49261 0.00910527 1.80581e-05
2561 3.49261 0.00910527 1.75033e-05
2562 3.49261 0.00910527 1.67794e-05
2563 3.49261 0.00910528 1.58869e-05
2564 3.49261 0.00910528 1.51998e-05
2565 3.49261 0.00910528 1.59693e-05
2566 3.49261 0.00910527 1.65461e-05
2567 3.49261 0.00910527 1.69393e-05
2568 3.49261 0.00910526 1.71291e-05
2569 3.49261 0.00910525 1.71356e-05
2570 3.49261 0.00910525 1.6961e-05
2571 3.49261 0.00910524 1.66236e-05
2572 3.49261 0.00910523 1.6181e-05
2573 3.49261 0.00910521 1.57929e-05
2574 3.49261 0.0091052 1.53781e-05
2575 3.49261 0.00910519 1.56588e-05
2576 3.49261 0.00910518 1.58999e-05
2577 3.49261 0.00910517 1.61696e-05
2578 3.49261 0.00910516 1.64153e-05
2579 3.49261 0.00910515 1.66472e-05
2580 3.49261 0.00910514 1.67373e-05
2581 3.49261 0.00910513 1.67655e-05
2582 3.49261 0.00910512 1.66512e-05
2583 3.49261 0.00910511 1.63848e-05
2584 3.49261 0.00910511 1.59101e-05
2585 3.49261 0.00910511 1.52601e-05
2586 3.49261 0.0091051 1.44282e-05
2587 3.49261 0.0091051 1.34954e-05
2588 3.49261 0.00910511 1.40905e-05
2589 3.49261 0.00910511 1.45794e-05
2590 3.49261 0.00910511 1.49185e-05
2591 3.49261 0.00910512 1.50846e-05
2592 3.49261 0.00910512 1.509e-05
2593 3.49261 0.00910513 1.49407e-05
2594 3.49261 0.00910514 1.46409e-05
2595 3.49261 0.00910515 1.4215e-05
2596 3.49261 0.00910516 1.37648e-05
2597 3.49261 0.00910517 1.33446e-05
2598 3.49261 0.00910518 1.33636e-05
2599 3.49261 0.00910519 1.36105e-05
2600 3.49261 0.0091052 1.39198e-05
2601 3.49261 0.00910521 1.42726e-05
2602 3.49261 0.00910522 1.45816e-05
2603 3.49261 0.00910523 1.48171e-05
2604 3.49261 0.00910524 1.49139e-05
2605 3.49261 0.00910525 1.48871e-05
2606 3.49261 0.00910525 1.46632e-05
2607 3.49261 0.00910526 1.42451e-05
2608 3.49261 0.00910526 1.36842e-05
2609 3.49261 0.00910526 1.29852e-05
2610 3.49261 0.00910526 1.22238e-05
2611 3.49261 0.00910526 1.27959e-05
2612 3.49261 0.00910526 1.32966e-05
2613 3.49261 0.00910526 1.36478e-05
2614 3.49261 0.00910525 1.38284e-05
2615 3.49261 0.00910525 1.38626e-05
2616 3.49261 0.00910524 1.37559e-05
2617 3.49261 0.00910523 1.35035e-05
2618 3.49261 0.00910522 1.31498e-05
2619 3.49261 0.00910521 1.28346e-05
2620 3.49261 0.0091052 1.24589e-05
2621 3.49261 0.00910519 1.26081e-05
2622 3.49261 0.00910518 1.28184e-05
2623 3.49261 0.00910518 1.30186e-05
2624 3.49261 0.00910517 1.32415e-05
2625 3.49261 0.00910516 1.34314e-05
2626 3.49261 0.00910515 1.35223e-05
2627 3.49261 0.00910514 1.35568e-05
2628 3.49261 0.00910514 1.34882e-05
2629 3.49261 0.00910513 1.3299e-05
2630 3.49261 0.00910513 1.29432e-05
2631 3.49261 0.00910512 1.2444e-05
2632 3.49261 0.00910512 1.1794e-05
2633 3.49261 0.00910512 1.10228e-05
2634 3.49261 0.00910512 1.12925e-05
2635 3.49261 0.00910512 1.17195e-05
2636 3.49261 0.00910513 1.20166e-05
2637 3.49261 0.00910513 1.21799e-05
2638 3.49261 0.00910514 1.22111e-05
2639 3.49261 0.00910514 1.21153e-05
2640 3.49261 0.00910515 1.18948e-05
2641 3.49261 0.00910516 1.15593e-05
2642 3.49261 0.00910517 1.1196e-05
2643 3.49261 0.00910517 1.0836e-05
2644 3.49261 0.00910518 1.07524e-05
2645 3.49261 0.00910519 1.09675e-05
2646 3.49261 0.0091052 1.11974e-05
2647 3.49261 0.00910521 1.14858e-05
2648 3.49261 0.00910522 1.17506e-05
2649 3.49261 0.00910522 1.19439e-05
2650 3.49261 0.00910523 1.20514e-05
2651 3.49261 0.00910524 1.20498e-05
2652 3.49261 0.00910524 1.19012e-05
2653 3.49261 0.00910525 1.159e-05
2654 3.49261 0.00910525 1.11558e-05
2655 3.49261 0.00910525 1.06108e-05
2656 3.49261 0.00910525 9.95871e-06
