0 5.42163e-13 3.27807e-13 6.97838e-05 5.21646e-08 6.97838e-05 0.99986
0.12 5.6779e-13 3.27803e-13 7.81709e-05 5.25553e-08 7.81709e-05 0.999843
0.24 6.32524e-13 3.27792e-13 9.93613e-05 5.35897e-08 9.93613e-05 0.9998
0.36 7.39355e-13 3.27774e-13 0.000134344 5.54388e-08 0.000134344 0.999731
0.48 9.00232e-13 3.27748e-13 0.000187047 5.85238e-08 0.000187047 0.999625
0.6 1.13539e-12 3.27711e-13 0.000264122 6.35955e-08 0.000264122 0.999471
0.72 1.47488e-12 3.2766e-13 0.000375439 7.19191e-08 0.000375439 0.999248
0.84 1.96148e-12 3.27591e-13 0.000535058 8.56056e-08 0.000535058 0.998929
0.96 2.65491e-12 3.27497e-13 0.000762612 1.08173e-07 0.000762612 0.998474
1.08 3.63753e-12 3.27376e-13 0.00108517 1.45495e-07 0.00108517 0.997829
1.2 5.0216e-12 3.27222e-13 0.00153965 2.07394e-07 0.00153965 0.99692
1.32 6.95857e-12 3.27036e-13 0.00217585 3.10325e-07 0.00217585 0.995648
1.44 9.65049e-12 3.26829e-13 0.00306022 4.81896e-07 0.00306022 0.993879
1.56 1.33638e-11 3.26632e-13 0.00428042 7.68453e-07 0.00428042 0.991439
1.68 1.84458e-11 3.26514e-13 0.00595062 1.24783e-06 0.00595062 0.988098
1.8 2.53427e-11 3.26619e-13 0.0082177 2.05066e-06 0.0082177 0.983563
1.92 3.46205e-11 3.27215e-13 0.0112678 3.39596e-06 0.0112678 0.977462
2.04 4.69846e-11 3.28794e-13 0.015333 5.65013e-06 0.015333 0.969329
2.16 6.32988e-11 3.32226e-13 0.0206976 9.42407e-06 0.0206976 0.958596
2.28 8.45955e-11 3.39021e-13 0.0277013 1.57318e-05 0.0277013 0.944582
2.4 1.12073e-10 3.51743e-13 0.0367385 2.62465e-05 0.0367385 0.926497
2.52 1.47068e-10 3.74685e-13 0.0482487 4.37073e-05 0.0482487 0.90346
2.64 1.9098e-10 4.14921e-13 0.0626933 7.25562e-05 0.0626933 0.874541
2.76 2.45151e-10 4.83914e-13 0.0805136 0.000119913 0.0805136 0.838853
2.88 3.10657e-10 5.9996e-13 0.102064 0.000197034 0.102064 0.795675
3 3.88036e-10 7.91759e-13 0.127522 0.000321448 0.127522 0.744635
3.12 4.76974e-10 1.1036e-12 0.156785 0.000520014 0.156785 0.685911
3.24 5.7602e-10 1.60277e-12 0.189375 0.000833247 0.189375 0.620417
3.36 6.82437e-10 2.39036e-12 0.224392 0.00132148 0.224392 0.549893
3.48 7.92304e-10 3.61733e-12 0.260548 0.0020739 0.260548 0.47683
3.6 9.00911e-10 5.51006e-12 0.29629 0.0032226 0.29629 0.404197
3.72 1.00337e-09 8.41384e-12 0.330011 0.00496632 0.330011 0.33501
3.84 1.09528e-09 1.28732e-11 0.36026 0.00761439 0.36026 0.271864
3.96 1.17312e-09 1.9793e-11 0.385883 0.0116766 0.385883 0.216557
4.08 1.23426e-09 3.07907e-11 0.406008 0.0180645 0.406008 0.169919
4.2 1.27614e-09 4.90122e-11 0.419795 0.028572 0.419795 0.131839
4.32 1.29427e-09 8.10753e-11 0.425764 0.0470517 0.425764 0.10142
4.44 1.27785e-09 1.41413e-10 0.420364 0.0821203 0.420364 0.077152
4.56 1.20235e-09 2.59533e-10 0.395521 0.151909 0.395521 0.0570482
4.68 1.0279e-09 4.79284e-10 0.338121 0.284648 0.338121 0.0391106
4.8 7.42594e-10 8.07111e-10 0.244253 0.488503 0.244253 0.0229911
4.92 4.39585e-10 1.13116e-09 0.144565 0.699739 0.144565 0.0111309
5.04 2.29496e-10 1.33186e-09 0.0754499 0.844356 0.0754499 0.00474414
5.16 1.16348e-10 1.41496e-09 0.0382295 0.921568 0.0382295 0.00197242
5.28 6.02905e-11 1.43274e-09 0.0197925 0.959558 0.0197925 0.000857505
5.4 3.24447e-11 1.42321e-09 0.0106374 0.978321 0.0106374 0.000404199
5.52 1.83847e-11 1.40754e-09 0.00601676 0.987753 0.00601676 0.000213717
5.64 1.15031e-11 1.39723e-09 0.00375507 0.992353 0.00375507 0.000136904
5.76 8.8041e-12 1.39821e-09 0.00286393 0.994153 0.00286393 0.000120061
5.88 9.03208e-12 1.41257e-09 0.00292548 0.994 0.00292548 0.000149498
6 1.19546e-11 1.4394e-09 0.00385454 0.992055 0.00385454 0.000236701
6.12 1.82194e-11 1.47537e-09 0.0058472 0.98788 0.0058472 0.00042584
6.24 2.96694e-11 1.51472e-09 0.00947546 0.980218 0.00947546 0.000831361
6.36 5.03828e-11 1.54826e-09 0.0160092 0.966233 0.0160092 0.00174924
6.48 8.9193e-11 1.56016e-09 0.0282002 0.939633 0.0282002 0.0039667
6.6 1.64608e-10 1.5212e-09 0.0518135 0.886831 0.0518135 0.00954179
6.72 3.08692e-10 1.38154e-09 0.0968266 0.783144 0.0968266 0.0232025
6.84 5.45859e-10 1.09445e-09 0.170793 0.606177 0.170793 0.0522366
6.96 8.21382e-10 7.14316e-10 0.256563 0.388234 0.256563 0.098639
7.08 1.01585e-09 3.98493e-10 0.316915 0.21335 0.316915 0.152818
7.2 1.09219e-09 2.107e-10 0.340396 0.111572 0.340396 0.207636
7.32 1.08558e-09 1.13609e-10 0.338053 0.0597393 0.338053 0.264154
7.44 1.03103e-09 6.38858e-11 0.320822 0.0334494 0.320822 0.324907
7.56 9.48609e-10 3.7254e-11 0.294967 0.0194321 0.294967 0.390634
7.68 8.4995e-10 2.22408e-11 0.264111 0.0115363 0.264111 0.460241
7.8 7.43265e-10 1.34531e-11 0.230808 0.0069107 0.230808 0.531472
7.92 6.35224e-10 8.1996e-12 0.197129 0.00414281 0.197129 0.601598
8.04 5.31269e-10 5.03232e-12 0.16476 0.00247384 0.16476 0.668007
8.16 4.35458e-10 3.12232e-12 0.134953 0.00146824 0.134953 0.728626
8.28 3.50362e-10 1.97558e-12 0.108501 0.000865494 0.108501 0.782132
8.4 2.77161e-10 1.29173e-12 0.0857634 0.000506816 0.0857634 0.827966
8.52 2.15899e-10 8.87074e-13 0.0667467 0.00029501 0.0667467 0.866212
8.64 1.65829e-10 6.49551e-13 0.0512139 0.000170843 0.0512139 0.897401
8.76 1.25734e-10 5.11255e-13 0.0387836 9.85244e-05 0.0387836 0.922334
8.88 9.41977e-11 4.31384e-13 0.0290123 5.66345e-05 0.0290123 0.941919
9 6.97832e-11 3.85642e-13 0.0214524 3.24792e-05 0.0214524 0.957063
9.12 5.11524e-11 3.59681e-13 0.0156871 1.85999e-05 0.0156871 0.968607
9.24 3.71229e-11 3.45095e-13 0.0113485 1.06467e-05 0.0113485 0.977292
9.36 2.66895e-11 3.36997e-13 0.00812417 6.0983e-06 0.00812417 0.983746
9.48 1.90225e-11 3.32565e-13 0.00575651 3.50071e-06 0.00575651 0.988484
9.6 1.34529e-11 3.30184e-13 0.00403786 2.01852e-06 0.00403786 0.991922
9.72 9.45203e-12 3.28935e-13 0.0028043 1.17317e-06 0.0028043 0.99439
9.84 6.60933e-12 3.28301e-13 0.00192859 6.91095e-07 0.00192859 0.996142
9.96 4.61109e-12 3.27994e-13 0.00131361 4.16161e-07 0.00131361 0.997372
10.08 3.22118e-12 3.27857e-13 0.000886269 2.59318e-07 0.000886269 0.998227
10.2 2.26433e-12 3.27805e-13 0.000592398 1.69807e-07 0.000592398 0.998815
10.32 1.61224e-12 3.27792e-13 0.000392362 1.18699e-07 0.000392362 0.999215
10.44 1.17223e-12 3.27795e-13 0.000257555 8.95049e-08 0.000257555 0.999485
10.56 8.78194e-13 3.27805e-13 0.000167592 7.28212e-08 0.000167592 0.999665
10.68 6.83552e-13 3.27814e-13 0.000108129 6.3284e-08 0.000108129 0.999784
10.8 5.55893e-13 3.27823e-13 6.91921e-05 5.78316e-08 6.91921e-05 0.999862
10.92 4.7292e-13 3.27829e-13 4.39289e-05 5.4715e-08 4.39289e-05 0.999912
11.04 4.1947e-13 3.27834e-13 2.76859e-05 5.29346e-08 2.76859e-05 0.999945
11.16 3.85351e-13 3.27838e-13 1.73384e-05 5.19189e-08 1.73384e-05 0.999965
11.28 3.63786e-13 3.2784e-13 1.08126e-05 5.13408e-08 1.08126e-05 0.999978
11.4 3.50327e-13 3.27842e-13 6.74911e-06 5.10133e-08 6.74911e-06 0.999986
11.52 3.42099e-13 3.27843e-13 4.27059e-06 5.083e-08 4.27059e-06 0.999991
11.64 3.37286e-13 3.27843e-13 2.82372e-06 5.07306e-08 2.82372e-06 0.999994
11.76 3.34792e-13 3.27844e-13 2.07514e-06 5.06819e-08 2.07514e-06 0.999996
11.88 3.34028e-13 3.27844e-13 1.84599e-06 5.06674e-08 1.84599e-06 0.999996
