0 -0.608506 -4.51001 46.5712
1 -0.231403 -4.13291 45.6894
2 0.0592273 -3.84227 44.8711
3 0.313419 -3.58808 43.4821
4 0.56116 -3.34034 42.896
5 0.825013 -3.07649 43.5442
6 1.12446 -2.77704 43.5698
7 1.47741 -2.42409 42.9791
8 1.8998 -2.00171 41.6302
9 2.40312 -1.49838 39.3864
10 2.98968 -0.911821 36.1445
11 3.64546 -0.256047 31.8543
12 4.33255 0.431049 26.5492
13 4.9853 1.0838 20.396
14 5.51618 1.61467 15.5698
15 5.83571 1.93421 17.2179
16 5.88259 1.98108 18.8509
17 5.64981 1.74831 19.4696
18 5.19048 1.28898 18.7904
19 4.5979 0.696397 17.579
20 3.97225 0.0707475 16.5512
21 3.39245 -0.509053 14.6524
22 2.90433 -0.997168 12.4072
23 2.52372 -1.37779 9.88795
24 2.24655 -1.65495 7.36369
25 2.05926 -1.84224 7.68997
26 1.94589 -1.95561 9.11714
27 1.89189 -2.00961 10.4138
28 1.88543 -2.01607 11.4628
29 1.91739 -1.98411 12.1158
30 1.98091 -1.9206 12.5322
31 2.07069 -1.83081 12.6292
32 2.18242 -1.71908 12.4286
33 2.31217 -1.58933 12.4051
34 2.45586 -1.44564 12.3853
35 2.60883 -1.29267 12.1239
36 2.76549 -1.13601 11.6104
37 2.91922 -0.982282 10.8576
38 3.06255 -0.838955 9.90752
39 3.18773 -0.713769 8.76495
40 3.28769 -0.61381 7.50595
41 3.35708 -0.544424 6.14764
42 3.3932 -0.5083 5.50759
43 3.39647 -0.505035 5.31101
44 3.37017 -0.531328 5.04643
45 3.31981 -0.581691 4.88618
46 3.25209 -0.649411 4.80451
47 3.17402 -0.727478 4.70968
48 3.09218 -0.809326 4.60471
49 3.01216 -0.889339 4.39145
50 2.93838 -0.963126 4.16518
51 2.87388 -1.02762 3.87968
52 2.82045 -1.08105 3.50698
53 2.77872 -1.12278 3.36924
54 2.74838 -1.15312 3.44621
55 2.72843 -1.17307 3.53589
56 2.71741 -1.18409 3.59638
57 2.71371 -1.18779 3.61843
58 2.71582 -1.18568 3.60068
59 2.72252 -1.17898 3.51811
60 2.733 -1.1685 3.36476
61 2.7469 -1.15461 3.20477
62 2.7641 -1.13741 3.31072
63 2.78459 -1.11691 3.41638
64 2.80825 -1.09325 3.46075
65 2.83467 -1.06683 3.45394
66 2.86312 -1.03838 3.39357
67 2.89256 -1.00895 3.27061
68 2.92173 -0.97977 3.10366
69 2.94927 -0.95223 2.92367
70 2.97376 -0.927739 2.83671
71 2.99384 -0.907667 2.76304
72 3.00824 -0.893262 2.67701
73 3.01596 -0.88554 2.56584
74 3.01637 -0.885135 2.46109
75 3.00938 -0.892123 2.33906
76 2.99562 -0.905881 2.18588
77 2.97645 -0.925054 1.98073
78 2.95382 -0.947684 1.73588
79 2.93 -0.971499 1.50674
80 2.90723 -0.994275 1.53306
81 2.88734 -1.01416 1.60073
82 2.87163 -1.02987 1.67915
83 2.86073 -1.04078 1.74919
84 2.8547 -1.0468 1.82098
85 2.85316 -1.04834 1.89658
86 2.85536 -1.04614 1.9621
87 2.86038 -1.04112 2.01892
88 2.86716 -1.03434 2.05065
89 2.87464 -1.02687 2.04621
90 2.88181 -1.01969 2.00745
91 2.88783 -1.01367 1.94204
92 2.89209 -1.00942 1.84794
93 2.89424 -1.00727 1.72492
94 2.89429 -1.00722 1.57304
95 2.89256 -1.00895 1.39749
96 2.88961 -1.01189 1.21477
97 2.88617 -1.01533 1.25724
98 2.88298 -1.01852 1.35205
99 2.88071 -1.02079 1.43
100 2.87986 -1.02165 1.49019
101 2.88069 -1.02081 1.52793
102 2.88325 -1.01825 1.55889
103 2.88734 -1.01416 1.56855
104 2.89256 -1.00895 1.56691
105 2.89834 -1.00317 1.56377
106 2.904 -0.9975 1.5666
107 2.90884 -0.992659 1.54407
108 2.91221 -0.989288 1.50655
109 2.91364 -0.987863 1.44134
110 2.91291 -0.988593 1.34938
111 2.91014 -0.991361 1.24391
112 2.90577 -0.995736 1.11673
113 2.90046 -1.00105 0.97345
114 2.89499 -1.00651 1.00216
115 2.89011 -1.01139 1.07537
116 2.88639 -1.01511 1.13986
117 2.88419 -1.01731 1.18018
118 2.8836 -1.01791 1.2171
119 2.88446 -1.01704 1.22811
120 2.88646 -1.01505 1.22481
121 2.88914 -1.01236 1.22779
122 2.89201 -1.0095 1.23116
123 2.89454 -1.00696 1.22223
124 2.8963 -1.0052 1.21008
125 2.89692 -1.00458 1.18364
126 2.8962 -1.0053 1.13798
127 2.89411 -1.0074 1.07362
128 2.89078 -1.01073 0.990276
129 2.88653 -1.01497 0.898908
130 2.88182 -1.01969 0.793047
131 2.87716 -1.02434 0.766706
132 2.8731 -1.0284 0.848592
133 2.8701 -1.0314 0.917974
134 2.86853 -1.03297 0.977495
135 2.86857 -1.03293 1.0224
136 2.87026 -1.03124 1.05143
137 2.87345 -1.02806 1.06553
138 2.87782 -1.02368 1.06061
139 2.88296 -1.01855 1.05832
140 2.88835 -1.01316 1.06613
141 2.89346 -1.00804 1.06964
142 2.89781 -1.00369 1.05374
143 2.901 -1.0005 1.01555
144 2.90282 -0.998678 0.959027
145 2.90323 -0.998273 0.893664
146 2.90237 -0.999129 0.809682
147 2.90056 -1.00094 0.712381
148 2.8982 -1.0033 0.716125
149 2.89572 -1.00579 0.786588
150 2.89347 -1.00803 0.840743
151 2.89174 -1.00976 0.88798
152 2.89067 -1.01084 0.918919
153 2.89025 -1.01125 0.934496
154 2.89038 -1.01112 0.941118
155 2.89087 -1.01063 0.964123
156 2.89147 -1.01003 0.97789
157 2.89192 -1.00959 0.980018
158 2.89197 -1.00953 0.965527
159 2.89145 -1.01005 0.935227
160 2.89025 -1.01125 0.902728
161 2.88836 -1.01314 0.860525
162 2.88588 -1.01562 0.80483
163 2.88301 -1.01849 0.73595
164 2.88001 -1.02149 0.655204
165 2.87719 -1.02431 0.614596
166 2.87485 -1.02665 0.676863
167 2.87328 -1.02822 0.730151
168 2.87267 -1.02883 0.773095
169 2.87313 -1.02838 0.804459
170 2.87464 -1.02686 0.826132
171 2.8771 -1.02441 0.839747
172 2.88029 -1.02122 0.835426
173 2.88393 -1.01758 0.821548
174 2.88769 -1.01382 0.825204
175 2.89123 -1.01027 0.825799
176 2.89425 -1.00725 0.813783
177 2.89653 -1.00498 0.790054
178 2.89791 -1.00359 0.751952
179 2.89838 -1.00313 0.701817
180 2.89801 -1.00349 0.638619
181 2.897 -1.0045 0.564336
182 2.89557 -1.00594 0.570077
183 2.89396 -1.00754 0.621597
184 2.89241 -1.00909 0.66254
185 2.89108 -1.01042 0.694484
186 2.89009 -1.01141 0.718174
187 2.88945 -1.01205 0.730023
188 2.88912 -1.01238 0.740173
189 2.889 -1.0125 0.756354
190 2.88895 -1.01256 0.76516
191 2.88881 -1.01269 0.768787
192 2.88847 -1.01304 0.760807
193 2.8878 -1.0137 0.741205
194 2.88676 -1.01474 0.713857
195 2.88536 -1.01615 0.680007
196 2.88365 -1.01785 0.634414
197 2.88177 -1.01974 0.577429
198 2.87987 -1.02163 0.514005
199 2.87815 -1.02335 0.485911
200 2.87678 -1.02472 0.533456
201 2.87594 -1.02556 0.573729
202 2.87573 -1.02578 0.604869
203 2.87619 -1.02531 0.627258
204 2.87733 -1.02417 0.640982
205 2.87906 -1.02245 0.648524
206 2.88123 -1.02028 0.644799
207 2.88366 -1.01784 0.640354
208 2.88615 -1.01536 0.646841
209 2.88848 -1.01302 0.648638
210 2.89048 -1.01102 0.639673
211 2.892 -1.0095 0.619473
212 2.89297 -1.00853 0.589945
213 2.89337 -1.00813 0.549751
214 2.89325 -1.00825 0.498793
215 2.89271 -1.00879 0.440702
216 2.8919 -1.00961 0.454447
217 2.89094 -1.01056 0.493143
218 2.88998 -1.01152 0.523721
219 2.88911 -1.01239 0.546069
220 2.88841 -1.01309 0.563718
221 2.88789 -1.01361 0.571723
222 2.88752 -1.01398 0.578614
223 2.88725 -1.01425 0.59017
224 2.887 -1.0145 0.597478
225 2.8867 -1.01481 0.599373
226 2.88625 -1.01525 0.592327
227 2.88562 -1.01589 0.576252
228 2.88477 -1.01674 0.553998
229 2.88372 -1.01778 0.527249
230 2.88252 -1.01898 0.490791
231 2.88126 -1.02025 0.446011
232 2.88003 -1.02147 0.395499
233 2.87896 -1.02254 0.383911
234 2.87816 -1.02335 0.420346
235 2.87771 -1.02379 0.450933
236 2.8777 -1.02381 0.474368
237 2.87813 -1.02338 0.490804
238 2.87899 -1.02252 0.500543
239 2.88022 -1.02128 0.504171
240 2.88173 -1.01978 0.49926
241 2.88339 -1.01811 0.495631
242 2.88507 -1.01643 0.502008
243 2.88665 -1.01485 0.503832
244 2.88801 -1.01349 0.496029
245 2.88906 -1.01244 0.480242
246 2.88977 -1.01174 0.455955
247 2.89011 -1.0114 0.423664
248 2.89012 -1.01139 0.383178
249 2.88985 -1.01165 0.338099
250 2.8894 -1.0121 0.359774
251 2.88883 -1.01267 0.389387
252 2.88824 -1.01326 0.412562
253 2.88767 -1.01383 0.430571
254 2.88718 -1.01433 0.44263
255 2.88676 -1.01475 0.447295
256 2.8864 -1.0151 0.452857
257 2.88609 -1.01541 0.46137
258 2.88577 -1.01573 0.468325
259 2.8854 -1.01611 0.469137
260 2.88494 -1.01657 0.463295
261 2.88436 -1.01714 0.450813
262 2.88367 -1.01783 0.432837
263 2.88288 -1.01862 0.4105
264 2.88202 -1.01948 0.381152
265 2.88115 -1.02035 0.345547
266 2.88035 -1.02115 0.30607
267 2.87969 -1.02182 0.307804
268 2.87922 -1.02228 0.335392
269 2.87901 -1.02249 0.358105
270 2.8791 -1.02241 0.375099
271 2.87948 -1.02202 0.386749
272 2.88014 -1.02136 0.393024
273 2.88105 -1.02046 0.394733
274 2.88212 -1.01938 0.390349
275 2.88328 -1.01822 0.388013
276 2.88445 -1.01705 0.393625
277 2.88554 -1.01596 0.393971
278 2.88649 -1.01501 0.386825
279 2.88723 -1.01427 0.373079
280 2.88775 -1.01376 0.353174
281 2.88802 -1.01348 0.326962
282 2.88809 -1.01342 0.295092
283 2.88797 -1.01354 0.266239
284 2.88771 -1.01379 0.287313
285 2.88737 -1.01413 0.309551
286 2.88698 -1.01452 0.326949
287 2.8866 -1.01491 0.340893
288 2.88623 -1.01528 0.349204
289 2.88588 -1.01562 0.352269
290 2.88556 -1.01594 0.357874
291 2.88524 -1.01626 0.364521
292 2.88491 -1.01659 0.369885
293 2.88454 -1.01697 0.369557
294 2.88411 -1.01739 0.364843
295 2.88361 -1.01789 0.355039
296 2.88306 -1.01845 0.341228
297 2.88245 -1.01905 0.323131
298 2.88184 -1.01966 0.29967
299 2.88124 -1.02026 0.271397
300 2.88072 -1.02079 0.240249
301 2.8803 -1.0212 0.251474
302 2.88005 -1.02146 0.272337
303 2.87997 -1.02153 0.289291
304 2.8801 -1.0214 0.301603
305 2.88044 -1.02107 0.309547
306 2.88095 -1.02055 0.313422
307 2.88162 -1.01988 0.313669
308 2.8824 -1.0191 0.309659
309 2.88323 -1.01827 0.309029
310 2.88406 -1.01744 0.312956
311 2.88483 -1.01667 0.311837
312 2.8855 -1.01601 0.304998
313 2.88603 -1.01547 0.293076
314 2.88641 -1.01509 0.276581
315 2.88664 -1.01487 0.255392
316 2.88671 -1.01479 0.229658
317 2.88667 -1.01484 0.212684
318 2.88652 -1.01498 0.232878
319 2.8863 -1.0152 0.249357
320 2.88605 -1.01545 0.262824
321 2.88577 -1.01573 0.272884
322 2.88549 -1.01601 0.278464
323 2.88521 -1.0163 0.280525
324 2.88492 -1.01658 0.286459
325 2.88463 -1.01688 0.292466
326 2.88431 -1.01719 0.296315
327 2.88397 -1.01753 0.295512
328 2.8836 -1.0179 0.291073
329 2.88319 -1.01832 0.282965
330 2.88275 -1.01875 0.271737
331 2.88229 -1.01921 0.256661
332 2.88185 -1.01965 0.237661
333 2.88144 -1.02006 0.21513
334 2.8811 -1.0204 0.190792
335 2.88085 -1.02065 0.20714
336 2.88072 -1.02079 0.222803
337 2.88072 -1.02078 0.23517
338 2.88086 -1.02064 0.24404
339 2.88114 -1.02036 0.249282
340 2.88155 -1.01996 0.251476
341 2.88205 -1.01945 0.250861
342 2.88262 -1.01888 0.247169
343 2.88322 -1.01828 0.247318
344 2.88381 -1.01769 0.250026
345 2.88436 -1.01714 0.248147
346 2.88484 -1.01666 0.241996
347 2.88523 -1.01627 0.231974
348 2.88552 -1.01599 0.2182
349 2.88569 -1.01581 0.200968
350 2.88577 -1.01574 0.180371
351 2.88575 -1.01575 0.175323
352 2.88566 -1.01584 0.190893
353 2.88552 -1.01598 0.203152
354 2.88534 -1.01616 0.2136
355 2.88514 -1.01637 0.220735
356 2.88491 -1.01659 0.224319
357 2.88468 -1.01682 0.226706
358 2.88443 -1.01707 0.231771
359 2.88417 -1.01733 0.237143
360 2.8839 -1.01761 0.239382
361 2.8836 -1.0179 0.238079
362 2.88328 -1.01822 0.233999
363 2.88295 -1.01855 0.227216
364 2.88261 -1.01889 0.217889
365 2.88227 -1.01923 0.205434
366 2.88195 -1.01955 0.189915
367 2.88167 -1.01983 0.171933
368 2.88145 -1.02005 0.157929
369 2.8813 -1.0202 0.17207
370 2.88124 -1.02026 0.18368
371 2.88128 -1.02022 0.19259
372 2.88142 -1.02008 0.198911
373 2.88166 -1.01985 0.202195
374 2.88197 -1.01953 0.203278
375 2.88235 -1.01915 0.202233
376 2.88278 -1.01873 0.198889
377 2.88321 -1.01829 0.199496
378 2.88365 -1.01786 0.201123
379 2.88404 -1.01746 0.198875
380 2.88439 -1.01711 0.193211
381 2.88468 -1.01683 0.184639
382 2.88489 -1.01661 0.173186
383 2.88502 -1.01648 0.159137
384 2.88509 -1.01641 0.142652
385 2.88509 -1.01641 0.146108
386 2.88503 -1.01647 0.157667
387 2.88493 -1.01657 0.167272
388 2.8848 -1.0167 0.174752
389 2.88464 -1.01686 0.179703
390 2.88446 -1.01704 0.181891
391 2.88427 -1.01724 0.185143
392 2.88406 -1.01744 0.18965
393 2.88384 -1.01767 0.193836
394 2.8836 -1.0179 0.194809
395 2.88335 -1.01815 0.193508
396 2.88309 -1.01841 0.189788
397 2.88282 -1.01868 0.18379
398 2.88256 -1.01894 0.175946
399 2.88231 -1.01919 0.165619
400 2.88208 -1.01942 0.152908
401 2.88189 -1.01961 0.138562
402 2.88175 -1.01975 0.133323
403 2.88167 -1.01984 0.143877
404 2.88165 -1.01985 0.152508
405 2.88171 -1.0198 0.158813
406 2.88183 -1.01967 0.163235
407 2.88202 -1.01948 0.16519
408 2.88227 -1.01923 0.165618
409 2.88256 -1.01894 0.164335
410 2.88288 -1.01862 0.16167
411 2.8832 -1.0183 0.162234
412 2.88352 -1.01798 0.162838
413 2.88381 -1.01769 0.160327
414 2.88407 -1.01743 0.155119
415 2.88428 -1.01723 0.147797
416 2.88443 -1.01707 0.138364
417 2.88454 -1.01696 0.126809
418 2.88459 -1.01691 0.115237
419 2.88459 -1.01691 0.122621
420 2.88455 -1.01695 0.131251
421 2.88448 -1.01702 0.138672
422 2.88438 -1.01712 0.143903
423 2.88425 -1.01725 0.147193
424 2.88411 -1.0174 0.148606
425 2.88394 -1.01756 0.152792
426 2.88377 -1.01773 0.156623
427 2.88358 -1.01792 0.159426
428 2.88338 -1.01812 0.159542
429 2.88318 -1.01832 0.158265
430 2.88297 -1.01853 0.155016
431 2.88276 -1.01874 0.149605
432 2.88256 -1.01894 0.142951
433 2.88237 -1.01913 0.134426
434 2.88221 -1.01929 0.124034
435 2.88208 -1.01942 0.112555
436 2.88199 -1.01951 0.113047
437 2.88195 -1.01955 0.120879
438 2.88196 -1.01954 0.127294
439 2.88202 -1.01948 0.13179
440 2.88213 -1.01937 0.134679
441 2.88229 -1.01922 0.13585
442 2.88248 -1.01902 0.13572
443 2.8827 -1.0188 0.134401
444 2.88294 -1.01856 0.13251
445 2.88318 -1.01832 0.132647
446 2.88342 -1.01808 0.132501
447 2.88363 -1.01787 0.129884
448 2.88382 -1.01768 0.125223
449 2.88398 -1.01752 0.118954
450 2.88409 -1.01741 0.111122
451 2.88417 -1.01733 0.101673
452 2.88421 -1.01729 0.0957356
453 2.88421 -1.01729 0.103396
454 2.88419 -1.01732 0.110138
455 2.88413 -1.01737 0.115485
456 2.88405 -1.01746 0.119137
457 2.88394 -1.01756 0.1212
458 2.88382 -1.01768 0.123359
459 2.88369 -1.01781 0.12712
460 2.88354 -1.01796 0.130117
461 2.88339 -1.01811 0.131727
462 2.88323 -1.01828 0.131484
463 2.88306 -1.01844 0.130066
464 2.8829 -1.01861 0.127244
465 2.88273 -1.01877 0.122477
466 2.88258 -1.01892 0.116727
467 2.88245 -1.01906 0.109696
468 2.88233 -1.01917 0.101283
469 2.88224 -1.01926 0.0920691
470 2.88219 -1.01931 0.0961492
471 2.88217 -1.01933 0.101947
472 2.88219 -1.01931 0.106623
473 2.88225 -1.01925 0.109823
474 2.88235 -1.01916 0.111622
475 2.88247 -1.01903 0.112305
476 2.88263 -1.01888 0.1118
477 2.8828 -1.01871 0.110557
478 2.88298 -1.01852 0.109411
479 2.88316 -1.01834 0.108984
480 2.88333 -1.01817 0.108264
481 2.8835 -1.01801 0.105704
482 2.88364 -1.01787 0.101607
483 2.88375 -1.01775 0.0961709
484 2.88384 -1.01767 0.0896581
485 2.88389 -1.01761 0.0819807
486 2.88392 -1.01758 0.0817062
487 2.88392 -1.01758 0.0877791
488 2.8839 -1.0176 0.0927057
489 2.88385 -1.01765 0.0965292
490 2.88378 -1.01772 0.0990371
491 2.8837 -1.0178 0.10051
492 2.8836 -1.0179 0.103379
493 2.88349 -1.01801 0.106282
494 2.88337 -1.01813 0.108458
495 2.88325 -1.01826 0.109323
496 2.88311 -1.01839 0.108839
497 2.88298 -1.01852 0.107453
498 2.88285 -1.01865 0.104868
499 2.88273 -1.01877 0.100767
500 2.88261 -1.01889 0.095739
501 2.88252 -1.01899 0.0899812
502 2.88244 -1.01907 0.0832291
503 2.88238 -1.01912 0.076646
504 2.88235 -1.01916 0.0819384
505 2.88234 -1.01916 0.086235
506 2.88237 -1.01913 0.0895354
507 2.88242 -1.01908 0.091818
508 2.8825 -1.019 0.0929822
509 2.88261 -1.0189 0.0932008
510 2.88273 -1.01878 0.0925258
511 2.88286 -1.01864 0.091779
512 2.883 -1.01851 0.0906987
513 2.88313 -1.01837 0.0899727
514 2.88327 -1.01824 0.088844
515 2.88339 -1.01812 0.0864448
516 2.88349 -1.01801 0.0828347
517 2.88357 -1.01793 0.07817
518 2.88364 -1.01786 0.0726622
519 2.88368 -1.01782 0.0667308
520 2.8837 -1.0178 0.0700557
521 2.8837 -1.0178 0.0745978
522 2.88368 -1.01783 0.078188
523 2.88364 -1.01787 0.0808581
524 2.88358 -1.01792 0.0826558
525 2.88351 -1.01799 0.0842088
526 2.88343 -1.01807 0.0870088
527 2.88334 -1.01816 0.0891082
528 2.88324 -1.01826 0.0906084
529 2.88314 -1.01836 0.0910491
530 2.88304 -1.01847 0.0903807
531 2.88293 -1.01857 0.0891187
532 2.88283 -1.01867 0.0867675
533 2.88274 -1.01877 0.0832831
534 2.88265 -1.01885 0.0790306
535 2.88258 -1.01892 0.0741817
536 2.88252 -1.01898 0.0687264
537 2.88249 -1.01902 0.0659368
538 2.88247 -1.01903 0.0698508
539 2.88248 -1.01903 0.0730269
540 2.8825 -1.019 0.0753652
541 2.88255 -1.01895 0.076968
542 2.88262 -1.01888 0.0776438
543 2.8827 -1.0188 0.0775684
544 2.88279 -1.01871 0.0769884
545 2.8829 -1.01861 0.0765005
546 2.883 -1.0185 0.0754293
547 2.88311 -1.01839 0.0745235
548 2.88321 -1.0183 0.0733203
549 2.8833 -1.01821 0.0710604
550 2.88337 -1.01813 0.0678986
551 2.88344 -1.01806 0.0640052
552 2.88348 -1.01802 0.0594788
553 2.88351 -1.01799 0.0565274
554 2.88353 -1.01798 0.0601424
555 2.88352 -1.01798 0.0634689
556 2.8835 -1.018 0.0660942
557 2.88347 -1.01803 0.0679628
558 2.88342 -1.01808 0.0692539
559 2.88337 -1.01814 0.0712639
560 2.8833 -1.0182 0.07347
561 2.88323 -1.01828 0.0749862
562 2.88315 -1.01836 0.0759793
563 2.88306 -1.01844 0.0760649
564 2.88298 -1.01852 0.075376
565 2.8829 -1.0186 0.0741678
566 2.88282 -1.01868 0.0720307
567 2.88275 -1.01875 0.0690586
568 2.88269 -1.01882 0.0654546
569 2.88264 -1.01887 0.0614442
570 2.8826 -1.0189 0.0570413
571 2.88258 -1.01893 0.0567226
572 2.88257 -1.01893 0.0595966
573 2.88258 -1.01892 0.0619429
574 2.8826 -1.0189 0.0635703
575 2.88265 -1.01886 0.0645972
576 2.8827 -1.0188 0.0649399
577 2.88277 -1.01873 0.0646891
578 2.88284 -1.01866 0.0645318
579 2.88292 -1.01858 0.0639464
580 2.883 -1.0185 0.0628729
581 2.88308 -1.01842 0.0618442
582 2.88316 -1.01834 0.0606371
583 2.88323 -1.01828 0.0586371
584 2.88328 -1.01822 0.0559261
585 2.88333 -1.01817 0.0526697
586 2.88336 -1.01814 0.048943
587 2.88338 -1.01812 0.04875
588 2.88339 -1.01811 0.0516597
589 2.88339 -1.01812 0.0540719
590 2.88337 -1.01813 0.055962
591 2.88334 -1.01816 0.0572618
592 2.8833 -1.0182 0.0586929
593 2.88325 -1.01825 0.0605766
594 2.8832 -1.0183 0.0621179
595 2.88314 -1.01836 0.0632739
596 2.88308 -1.01843 0.063829
597 2.88301 -1.01849 0.0636658
598 2.88294 -1.01856 0.0630133
599 2.88288 -1.01862 0.0618396
600 2.88282 -1.01868 0.0599486
601 2.88277 -1.01873 0.057402
602 2.88272 -1.01878 0.054349
603 2.88269 -1.01882 0.0510801
604 2.88266 -1.01884 0.0475209
605 2.88265 -1.01886 0.0487267
606 2.88265 -1.01886 0.0508428
607 2.88266 -1.01884 0.0525272
608 2.88268 -1.01882 0.0536714
609 2.88272 -1.01878 0.0542466
610 2.88276 -1.01874 0.0543648
611 2.88282 -1.01869 0.0542719
612 2.88287 -1.01863 0.0541557
613 2.88294 -1.01857 0.0535375
614 2.883 -1.0185 0.0524937
615 2.88306 -1.01844 0.0513914
616 2.88312 -1.01838 0.050231
617 2.88317 -1.01833 0.0484954
618 2.88321 -1.01829 0.0461746
619 2.88325 -1.01826 0.0434847
620 2.88327 -1.01823 0.040634
621 2.88328 -1.01822 0.0421303
622 2.88329 -1.01822 0.0442974
623 2.88328 -1.01822 0.046042
624 2.88326 -1.01824 0.0473923
625 2.88324 -1.01826 0.0485323
626 2.88321 -1.0183 0.0499592
627 2.88317 -1.01833 0.0515063
628 2.88312 -1.01838 0.052622
629 2.88307 -1.01843 0.0534255
630 2.88302 -1.01848 0.053662
631 2.88297 -1.01853 0.0533818
632 2.88292 -1.01858 0.0527385
633 2.88287 -1.01863 0.0516319
634 2.88283 -1.01868 0.0499786
635 2.88279 -1.01872 0.0478196
636 2.88275 -1.01875 0.0452954
637 2.88273 -1.01877 0.0425753
638 2.88271 -1.01879 0.0398766
639 2.8827 -1.0188 0.0417868
640 2.88271 -1.0188 0.0433523
641 2.88272 -1.01878 0.04452
642 2.88274 -1.01876 0.0453012
643 2.88277 -1.01873 0.0456255
644 2.88281 -1.01869 0.045738
645 2.88285 -1.01865 0.0457116
646 2.8829 -1.0186 0.0454724
647 2.88295 -1.01856 0.0448588
648 2.88299 -1.01851 0.0438743
649 2.88304 -1.01846 0.0427519
650 2.88308 -1.01842 0.0416678
651 2.88312 -1.01838 0.0401716
652 2.88315 -1.01835 0.0382158
653 2.88318 -1.01832 0.0359866
654 2.8832 -1.01831 0.0346659
655 2.8832 -1.0183 0.0363547
656 2.88321 -1.0183 0.0379424
657 2.8832 -1.0183 0.0392054
658 2.88318 -1.01832 0.0402215
659 2.88316 -1.01834 0.0413912
660 2.88314 -1.01837 0.0426653
661 2.8831 -1.0184 0.0437934
662 2.88307 -1.01844 0.0445892
663 2.88303 -1.01847 0.045095
664 2.88299 -1.01851 0.0451233
665 2.88295 -1.01856 0.0448096
666 2.88291 -1.0186 0.0441807
667 2.88287 -1.01863 0.0431533
668 2.88283 -1.01867 0.0417241
669 2.88281 -1.0187 0.0399184
670 2.88278 -1.01872 0.0378348
671 2.88276 -1.01874 0.0355801
672 2.88275 -1.01875 0.0343667
673 2.88275 -1.01875 0.035778
674 2.88276 -1.01875 0.0369195
675 2.88277 -1.01873 0.0377064
676 2.88279 -1.01872 0.0382625
677 2.88281 -1.01869 0.0385275
678 2.88284 -1.01866 0.0385269
679 2.88288 -1.01863 0.0385007
680 2.88291 -1.01859 0.0382008
681 2.88295 -1.01855 0.0376093
682 2.88299 -1.01851 0.0367142
683 2.88302 -1.01848 0.035679
684 2.88306 -1.01845 0.034613
685 2.88308 -1.01842 0.0333213
686 2.88311 -1.01839 0.0316928
687 2.88313 -1.01838 0.0298426
688 2.88314 -1.01836 0.0299761
689 2.88314 -1.01836 0.0313149
690 2.88314 -1.01836 0.0324571
691 2.88313 -1.01837 0.033405
692 2.88312 -1.01838 0.0344048
693 2.8831 -1.0184 0.0354078
694 2.88308 -1.01842 0.0364309
695 2.88305 -1.01845 0.0372281
696 2.88303 -1.01848 0.0377736
697 2.88299 -1.01851 0.0380439
698 2.88296 -1.01854 0.0379799
699 2.88293 -1.01857 0.0376406
700 2.8829 -1.0186 0.0370271
701 2.88287 -1.01863 0.0361005
702 2.88284 -1.01866 0.034869
703 2.88282 -1.01868 0.0333745
704 2.88281 -1.0187 0.0316721
705 2.88279 -1.01871 0.0298616
706 2.88279 -1.01871 0.0295881
707 2.88279 -1.01871 0.0306015
708 2.88279 -1.01871 0.0314337
709 2.88281 -1.0187 0.0320247
710 2.88282 -1.01868 0.0323794
711 2.88284 -1.01866 0.0325173
712 2.88287 -1.01864 0.0325305
713 2.88289 -1.01861 0.0324268
714 2.88292 -1.01858 0.0320993
715 2.88295 -1.01855 0.0315504
716 2.88298 -1.01852 0.0307458
717 2.88301 -1.01849 0.0298147
718 2.88303 -1.01847 0.0287895
719 2.88305 -1.01845 0.0276718
720 2.88307 -1.01843 0.0263246
721 2.88308 -1.01842 0.0251456
722 2.88309 -1.01841 0.0259082
723 2.88309 -1.01841 0.0269012
724 2.88309 -1.01841 0.0277663
725 2.88309 -1.01842 0.0286386
726 2.88307 -1.01843 0.0294779
727 2.88306 -1.01844 0.0303092
728 2.88304 -1.01846 0.0310636
729 2.88302 -1.01848 0.0316249
730 2.883 -1.01851 0.0319806
731 2.88297 -1.01853 0.032093
732 2.88295 -1.01856 0.0319629
733 2.88292 -1.01858 0.031619
734 2.8829 -1.01861 0.0310412
735 2.88287 -1.01863 0.0302275
736 2.88286 -1.01865 0.0291708
737 2.88284 -1.01866 0.0279386
738 2.88283 -1.01867 0.026562
739 2.88282 -1.01868 0.0251099
740 2.88282 -1.01869 0.0254559
741 2.88282 -1.01868 0.0262013
742 2.88282 -1.01868 0.0267784
743 2.88283 -1.01867 0.0271898
744 2.88285 -1.01865 0.0273862
745 2.88287 -1.01864 0.0274586
746 2.88289 -1.01862 0.0274716
747 2.88291 -1.01859 0.0273084
748 2.88293 -1.01857 0.0269739
749 2.88295 -1.01855 0.0264731
750 2.88298 -1.01853 0.0257708
751 2.883 -1.01851 0.0249311
752 2.88301 -1.01849 0.0240074
753 2.88303 -1.01847 0.0230083
754 2.88304 -1.01846 0.0218955
755 2.88305 -1.01845 0.0214727
756 2.88306 -1.01845 0.0223191
757 2.88306 -1.01844 0.0231138
758 2.88305 -1.01845 0.0238744
759 2.88305 -1.01845 0.0245805
760 2.88304 -1.01846 0.0252691
761 2.88303 -1.01848 0.0259163
762 2.88301 -1.01849 0.0264484
763 2.88299 -1.01851 0.0268301
764 2.88297 -1.01853 0.0270499
765 2.88295 -1.01855 0.0270737
766 2.88293 -1.01857 0.0269139
767 2.88292 -1.01859 0.0265636
768 2.8829 -1.01861 0.0260294
769 2.88288 -1.01862 0.0253228
770 2.88287 -1.01864 0.0244352
771 2.88285 -1.01865 0.0234154
772 2.88285 -1.01866 0.0223113
773 2.88284 -1.01866 0.0212345
774 2.88284 -1.01866 0.021845
775 2.88284 -1.01866 0.0223853
776 2.88285 -1.01865 0.0227784
777 2.88286 -1.01864 0.0230535
778 2.88287 -1.01863 0.0231603
779 2.88288 -1.01862 0.0231987
780 2.8829 -1.0186 0.0231828
781 2.88292 -1.01859 0.0229952
782 2.88293 -1.01857 0.0226722
783 2.88295 -1.01855 0.0222201
784 2.88297 -1.01853 0.0216164
785 2.88299 -1.01852 0.0208691
786 2.883 -1.0185 0.020092
787 2.88301 -1.01849 0.0192108
788 2.88302 -1.01848 0.0182899
789 2.88303 -1.01848 0.0185917
790 2.88303 -1.01847 0.0192716
791 2.88303 -1.01847 0.0199298
792 2.88303 -1.01848 0.0205376
793 2.88302 -1.01848 0.0211034
794 2.88301 -1.01849 0.0216334
795 2.883 -1.0185 0.0221168
796 2.88299 -1.01851 0.0224997
797 2.88297 -1.01853 0.0227352
798 2.88296 -1.01854 0.0228733
799 2.88294 -1.01856 0.0228269
800 2.88293 -1.01857 0.022656
801 2.88291 -1.01859 0.0223169
802 2.8829 -1.0186 0.0218326
803 2.88289 -1.01862 0.0212233
804 2.88288 -1.01863 0.0204848
805 2.88287 -1.01863 0.0196498
806 2.88286 -1.01864 0.0187633
807 2.88286 -1.01864 0.0182195
808 2.88286 -1.01864 0.0186989
809 2.88286 -1.01864 0.0190876
810 2.88287 -1.01863 0.0193617
811 2.88288 -1.01863 0.0195226
812 2.88289 -1.01862 0.0196034
813 2.8829 -1.01861 0.0196149
814 2.88291 -1.01859 0.0195533
815 2.88292 -1.01858 0.0193587
816 2.88294 -1.01856 0.0190588
817 2.88295 -1.01855 0.0186568
818 2.88296 -1.01854 0.0181389
819 2.88298 -1.01853 0.0175109
820 2.88299 -1.01852 0.0168281
821 2.883 -1.01851 0.0161105
822 2.883 -1.0185 0.0156887
823 2.88301 -1.0185 0.0161225
824 2.88301 -1.01849 0.0166655
825 2.88301 -1.0185 0.0171765
826 2.883 -1.0185 0.0176602
827 2.883 -1.0185 0.0180929
828 2.88299 -1.01851 0.0184982
829 2.88298 -1.01852 0.0188449
830 2.88297 -1.01853 0.019111
831 2.88296 -1.01854 0.019268
832 2.88295 -1.01855 0.0193235
833 2.88294 -1.01857 0.019247
834 2.88292 -1.01858 0.0190662
835 2.88291 -1.01859 0.0187505
836 2.8829 -1.0186 0.0183231
837 2.88289 -1.01861 0.0177993
838 2.88289 -1.01862 0.01719
839 2.88288 -1.01862 0.0165126
840 2.88288 -1.01863 0.0157985
841 2.88287 -1.01863 0.015631
842 2.88288 -1.01863 0.0159792
843 2.88288 -1.01862 0.0162491
844 2.88288 -1.01862 0.0164359
845 2.88289 -1.01861 0.0165324
846 2.8829 -1.0186 0.0165856
847 2.88291 -1.01859 0.0165777
848 2.88292 -1.01858 0.0164854
849 2.88293 -1.01857 0.0162925
850 2.88294 -1.01856 0.016021
851 2.88295 -1.01855 0.0156675
852 2.88296 -1.01854 0.0152276
853 2.88297 -1.01853 0.0147074
854 2.88298 -1.01853 0.0141386
855 2.88298 -1.01852 0.0135394
856 2.88299 -1.01851 0.0135437
857 2.88299 -1.01851 0.0139705
858 2.88299 -1.01851 0.0143976
859 2.88299 -1.01851 0.0147929
860 2.88299 -1.01851 0.0151494
861 2.88298 -1.01852 0.0154795
862 2.88298 -1.01853 0.015791
863 2.88297 -1.01853 0.0160445
864 2.88296 -1.01854 0.0162202
865 2.88295 -1.01855 0.0163151
866 2.88294 -1.01856 0.0163137
867 2.88293 -1.01857 0.0162275
868 2.88292 -1.01858 0.0160429
869 2.88291 -1.01859 0.0157555
870 2.88291 -1.0186 0.0153817
871 2.8829 -1.0186 0.0149407
872 2.88289 -1.01861 0.0144357
873 2.88289 -1.01861 0.013891
874 2.88289 -1.01861 0.0133234
875 2.88289 -1.01861 0.0133797
876 2.88289 -1.01861 0.0136299
877 2.88289 -1.01861 0.0138125
878 2.8829 -1.01861 0.013941
879 2.8829 -1.0186 0.0140066
880 2.88291 -1.01859 0.0140264
881 2.88292 -1.01859 0.0140001
882 2.88292 -1.01858 0.013896
883 2.88293 -1.01857 0.0137091
884 2.88294 -1.01856 0.0134675
885 2.88295 -1.01855 0.013164
886 2.88296 -1.01855 0.01279
887 2.88296 -1.01854 0.0123615
888 2.88297 -1.01853 0.0118995
889 2.88297 -1.01853 0.0115741
890 2.88298 -1.01853 0.011764
891 2.88298 -1.01852 0.0120927
892 2.88298 -1.01852 0.0124116
893 2.88298 -1.01852 0.0127073
894 2.88297 -1.01853 0.0129819
895 2.88297 -1.01853 0.013229
896 2.88297 -1.01854 0.0134617
897 2.88296 -1.01854 0.0136471
898 2.88295 -1.01855 0.0137519
899 2.88295 -1.01856 0.0138011
900 2.88294 -1.01856 0.013771
901 2.88293 -1.01857 0.0136756
902 2.88292 -1.01858 0.0134984
903 2.88292 -1.01859 0.0132414
904 2.88291 -1.01859 0.0129178
905 2.88291 -1.0186 0.0125502
906 2.8829 -1.0186 0.0121365
907 2.8829 -1.0186 0.0116972
908 2.8829 -1.0186 0.0112867
909 2.8829 -1.0186 0.0114283
910 2.8829 -1.0186 0.0116084
911 2.8829 -1.0186 0.0117356
912 2.88291 -1.0186 0.0118241
913 2.88291 -1.01859 0.0118619
914 2.88292 -1.01859 0.0118618
915 2.88292 -1.01858 0.0118167
916 2.88293 -1.01857 0.0117102
917 2.88294 -1.01857 0.0115362
918 2.88294 -1.01856 0.011325
919 2.88295 -1.01855 0.0110641
920 2.88295 -1.01855 0.0107494
921 2.88296 -1.01854 0.0103973
922 2.88296 -1.01854 0.0100235
923 2.88297 -1.01854 0.00993293
924 2.88297 -1.01853 0.0101851
925 2.88297 -1.01853 0.0104379
926 2.88297 -1.01853 0.0106755
927 2.88297 -1.01853 0.0108991
928 2.88297 -1.01854 0.0111063
929 2.88296 -1.01854 0.0112992
930 2.88296 -1.01854 0.0114717
931 2.88295 -1.01855 0.0115929
932 2.88295 -1.01856 0.0116504
933 2.88294 -1.01856 0.011665
934 2.88294 -1.01857 0.0116226
935 2.88293 -1.01857 0.0115219
936 2.88292 -1.01858 0.0113575
937 2.88292 -1.01858 0.0111342
938 2.88291 -1.01859 0.0108584
939 2.88291 -1.01859 0.0105506
940 2.88291 -1.01859 0.0102135
941 2.88291 -1.0186 0.00986044
942 2.88291 -1.0186 0.00958868
943 2.88291 -1.0186 0.0097487
944 2.88291 -1.01859 0.00987697
945 2.88291 -1.01859 0.00997201
946 2.88291 -1.01859 0.0100213
947 2.88292 -1.01859 0.0100391
948 2.88292 -1.01858 0.0100246
949 2.88293 -1.01858 0.00997097
950 2.88293 -1.01857 0.00986625
951 2.88294 -1.01857 0.00970863
952 2.88294 -1.01856 0.0095248
953 2.88295 -1.01856 0.00930268
954 2.88295 -1.01855 0.00904124
955 2.88296 -1.01855 0.00875104
956 2.88296 -1.01854 0.00852649
957 2.88296 -1.01854 0.00859713
958 2.88296 -1.01854 0.00879291
959 2.88296 -1.01854 0.00898613
960 2.88296 -1.01854 0.00916446
961 2.88296 -1.01854 0.00933594
962 2.88296 -1.01854 0.00948749
963 2.88296 -1.01855 0.00964074
964 2.88295 -1.01855 0.00976213
965 2.88295 -1.01855 0.0098363
966 2.88294 -1.01856 0.00986384
967 2.88294 -1.01856 0.0098571
968 2.88293 -1.01857 0.00980768
969 2.88293 -1.01857 0.00970672
970 2.88293 -1.01858 0.00955716
971 2.88292 -1.01858 0.00936568
972 2.88292 -1.01858 0.00913592
973 2.88292 -1.01859 0.00887736
974 2.88291 -1.01859 0.00860459
975 2.88291 -1.01859 0.00832174
976 2.88291 -1.01859 0.00819035
977 2.88291 -1.01859 0.00831096
978 2.88291 -1.01859 0.00840105
979 2.88292 -1.01859 0.00846371
980 2.88292 -1.01858 0.00848938
981 2.88292 -1.01858 0.00849646
982 2.88293 -1.01858 0.00847008
983 2.88293 -1.01857 0.00841274
984 2.88293 -1.01857 0.0083119
985 2.88294 -1.01856 0.00817142
986 2.88294 -1.01856 0.00801415
987 2.88295 -1.01856 0.00782544
988 2.88295 -1.01855 0.00760918
989 2.88295 -1.01855 0.00737293
990 2.88295 -1.01855 0.00730215
991 2.88296 -1.01855 0.00742357
992 2.88296 -1.01855 0.00757283
993 2.88296 -1.01855 0.00771916
994 2.88296 -1.01855 0.00785832
995 2.88295 -1.01855 0.00798449
996 2.88295 -1.01855 0.00810376
997 2.88295 -1.01855 0.00821662
998 2.88295 -1.01855 0.00829705
999 2.88294 -1.01856 0.00833785
1000 2.88294 -1.01856 0.00834665
1001 2.88294 -1.01857 0.00832711
1002 2.88293 -1.01857 0.0082735
1003 2.88293 -1.01857 0.0081781
1004 2.88293 -1.01858 0.0080447
1005 2.88292 -1.01858 0.00788216
1006 2.88292 -1.01858 0.00769176
1007 2.88292 -1.01858 0.00748046
1008 2.88292 -1.01858 0.00725927
1009 2.88292 -1.01858 0.00703334
1010 2.88292 -1.01858 0.00699227
1011 2.88292 -1.01858 0.00707985
1012 2.88292 -1.01858 0.00714034
1013 2.88292 -1.01858 0.00717899
1014 2.88292 -1.01858 0.00719065
1015 2.88293 -1.01858 0.00718755
1016 2.88293 -1.01857 0.00715398
1017 2.88293 -1.01857 0.00709644
1018 2.88294 -1.01857 0.00700342
1019 2.88294 -1.01856 0.00688085
1020 2.88294 -1.01856 0.00674575
1021 2.88295 -1.01856 0.00658654
1022 2.88295 -1.01855 0.00640805
1023 2.88295 -1.01855 0.00626007
1024 2.88295 -1.01855 0.00627824
1025 2.88295 -1.01855 0.0063951
1026 2.88295 -1.01855 0.00650932
1027 2.88295 -1.01855 0.006622
1028 2.88295 -1.01855 0.00672611
1029 2.88295 -1.01855 0.00681906
1030 2.88295 -1.01855 0.00691637
1031 2.88295 -1.01855 0.00699405
1032 2.88294 -1.01856 0.00704449
1033 2.88294 -1.01856 0.00706288
1034 2.88294 -1.01856 0.00706107
1035 2.88294 -1.01857 0.00703381
1036 2.88293 -1.01857 0.00697831
1037 2.88293 -1.01857 0.00689081
1038 2.88293 -1.01857 0.00677532
1039 2.88293 -1.01858 0.00663742
1040 2.88292 -1.01858 0.00648057
1041 2.88292 -1.01858 0.00630918
1042 2.88292 -1.01858 0.00613041
1043 2.88292 -1.01858 0.00596296
1044 2.88292 -1.01858 0.0059642
1045 2.88292 -1.01858 0.00602371
1046 2.88292 -1.01858 0.0060654
1047 2.88293 -1.01858 0.00608534
1048 2.88293 -1.01857 0.00608952
1049 2.88293 -1.01857 0.0060774
1050 2.88293 -1.01857 0.00604206
1051 2.88294 -1.01857 0.00598556
1052 2.88294 -1.01856 0.00590227
1053 2.88294 -1.01856 0.00579664
1054 2.88294 -1.01856 0.00568034
1055 2.88294 -1.01856 0.00554774
1056 2.88295 -1.01856 0.0054002
1057 2.88295 -1.01855 0.00535291
1058 2.88295 -1.01855 0.00540902
1059 2.88295 -1.01855 0.00549788
1060 2.88295 -1.01855 0.00558761
1061 2.88295 -1.01855 0.0056721
1062 2.88295 -1.01855 0.00574849
1063 2.88295 -1.01855 0.00582245
1064 2.88295 -1.01856 0.00589517
1065 2.88294 -1.01856 0.00594684
1066 2.88294 -1.01856 0.00597596
1067 2.88294 -1.01856 0.00598144
1068 2.88294 -1.01856 0.00597094
1069 2.88294 -1.01857 0.00594049
1070 2.88293 -1.01857 0.0058859
1071 2.88293 -1.01857 0.00580747
1072 2.88293 -1.01857 0.0057099
1073 2.88293 -1.01857 0.00559385
1074 2.88293 -1.01857 0.00546384
1075 2.88293 -1.01858 0.00532547
1076 2.88293 -1.01858 0.00518257
1077 2.88293 -1.01858 0.00506775
1078 2.88293 -1.01858 0.00508141
1079 2.88293 -1.01858 0.00512128
1080 2.88293 -1.01857 0.00514789
1081 2.88293 -1.01857 0.00515558
1082 2.88293 -1.01857 0.00515604
1083 2.88293 -1.01857 0.00513694
1084 2.88293 -1.01857 0.00510249
1085 2.88294 -1.01857 0.00504865
1086 2.88294 -1.01856 0.00497526
1087 2.88294 -1.01856 0.00488566
1088 2.88294 -1.01856 0.00478578
1089 2.88294 -1.01856 0.0046756
1090 2.88295 -1.01856 0.00458641
1091 2.88295 -1.01856 0.00458388
1092 2.88295 -1.01855 0.00465139
1093 2.88295 -1.01855 0.00472068
1094 2.88295 -1.01855 0.00478931
1095 2.88295 -1.01855 0.00485187
1096 2.88295 -1.01856 0.00490759
1097 2.88295 -1.01856 0.00496896
1098 2.88294 -1.01856 0.005019
1099 2.88294 -1.01856 0.00505203
1100 2.88294 -1.01856 0.00506632
1101 2.88294 -1.01856 0.00506439
1102 2.88294 -1.01856 0.00504768
1103 2.88294 -1.01857 0.0050168
1104 2.88293 -1.01857 0.00496595
1105 2.88293 -1.01857 0.00489778
1106 2.88293 -1.01857 0.00481434
1107 2.88293 -1.01857 0.00471718
1108 2.88293 -1.01857 0.00461025
1109 2.88293 -1.01857 0.00449832
1110 2.88293 -1.01857 0.00438462
1111 2.88293 -1.01857 0.00430657
1112 2.88293 -1.01857 0.00432563
1113 2.88293 -1.01857 0.00435172
1114 2.88293 -1.01857 0.00436663
1115 2.88293 -1.01857 0.00436841
1116 2.88293 -1.01857 0.00436386
1117 2.88293 -1.01857 0.00434127
1118 2.88294 -1.01857 0.00430864
1119 2.88294 -1.01856 0.00425925
1120 2.88294 -1.01856 0.00419526
1121 2.88294 -1.01856 0.0041199
1122 2.88294 -1.01856 0.00403558
1123 2.88294 -1.01856 0.00394379
1124 2.88294 -1.01856 0.00391778
1125 2.88295 -1.01856 0.00394171
1126 2.88295 -1.01856 0.00399544
1127 2.88295 -1.01856 0.00404827
1128 2.88295 -1.01856 0.00409879
1129 2.88295 -1.01856 0.00414463
1130 2.88295 -1.01856 0.00419066
1131 2.88294 -1.01856 0.00423583
1132 2.88294 -1.01856 0.00426909
1133 2.88294 -1.01856 0.00428874
1134 2.88294 -1.01856 0.00429457
1135 2.88294 -1.01856 0.00428704
1136 2.88294 -1.01856 0.00426838
1137 2.88294 -1.01857 0.00423697
1138 2.88294 -1.01857 0.00419132
1139 2.88293 -1.01857 0.00413246
1140 2.88293 -1.01857 0.0040611
1141 2.88293 -1.01857 0.00398061
1142 2.88293 -1.01857 0.00389336
1143 2.88293 -1.01857 0.00380294
1144 2.88293 -1.01857 0.00371285
1145 2.88293 -1.01857 0.0036614
1146 2.88293 -1.01857 0.00367898
1147 2.88293 -1.01857 0.00369571
1148 2.88293 -1.01857 0.00370223
1149 2.88293 -1.01857 0.00370182
1150 2.88294 -1.01857 0.00369227
1151 2.88294 -1.01857 0.00366955
1152 2.88294 -1.01856 0.00363834
1153 2.88294 -1.01856 0.0035943
1154 2.88294 -1.01856 0.0035392
1155 2.88294 -1.01856 0.00347579
1156 2.88294 -1.01856 0.00340533
1157 2.88294 -1.01856 0.00335683
1158 2.88294 -1.01856 0.00334899
1159 2.88294 -1.01856 0.00338609
1160 2.88294 -1.01856 0.00342682
1161 2.88294 -1.01856 0.00346665
1162 2.88294 -1.01856 0.00350355
1163 2.88294 -1.01856 0.00353872
1164 2.88294 -1.01856 0.00357611
1165 2.88294 -1.01856 0.00360719
1166 2.88294 -1.01856 0.00362836
1167 2.88294 -1.01856 0.00363949
1168 2.88294 -1.01856 0.00363897
1169 2.88294 -1.01856 0.00362807
1170 2.88294 -1.01856 0.00360904
1171 2.88294 -1.01856 0.00357902
1172 2.88294 -1.01857 0.00353862
1173 2.88294 -1.01857 0.00348792
1174 2.88293 -1.01857 0.00342794
1175 2.88293 -1.01857 0.00336102
1176 2.88293 -1.01857 0.00329071
1177 2.88293 -1.01857 0.00321863
1178 2.88293 -1.01857 0.00314635
1179 2.88293 -1.01857 0.00311286
1180 2.88293 -1.01857 0.00312695
1181 2.88293 -1.01857 0.00313676
1182 2.88294 -1.01857 0.00313847
1183 2.88294 -1.01857 0.00313583
1184 2.88294 -1.01857 0.00312342
1185 2.88294 -1.01856 0.00310185
1186 2.88294 -1.01856 0.00307263
1187 2.88294 -1.01856 0.00303393
1188 2.88294 -1.01856 0.00298719
1189 2.88294 -1.01856 0.00293393
1190 2.88294 -1.01856 0.00287624
1191 2.88294 -1.01856 0.00286555
1192 2.88294 -1.01856 0.00287606
1193 2.88294 -1.01856 0.00290488
1194 2.88294 -1.01856 0.00293515
1195 2.88294 -1.01856 0.00296508
1196 2.88294 -1.01856 0.00299325
1197 2.88294 -1.01856 0.00302102
1198 2.88294 -1.01856 0.00304852
1199 2.88294 -1.01856 0.0030693
1200 2.88294 -1.01856 0.00308247
1201 2.88294 -1.01856 0.00308719
1202 2.88294 -1.01856 0.00308251
1203 2.88294 -1.01856 0.00307013
1204 2.88294 -1.01856 0.00305173
1205 2.88294 -1.01856 0.00302441
1206 2.88294 -1.01857 0.00298847
1207 2.88294 -1.01857 0.002945
1208 2.88294 -1.01857 0.00289497
1209 2.88294 -1.01857 0.00284031
1210 2.88294 -1.01857 0.00278331
1211 2.88294 -1.01857 0.00272567
1212 2.88294 -1.01857 0.0026723
1213 2.88294 -1.01857 0.00264648
1214 2.88294 -1.01857 0.00265651
1215 2.88294 -1.01857 0.00266144
1216 2.88294 -1.01857 0.00266069
1217 2.88294 -1.01856 0.00265569
1218 2.88294 -1.01856 0.00264236
1219 2.88294 -1.01856 0.00262211
1220 2.88294 -1.01856 0.0025955
1221 2.88294 -1.01856 0.00256173
1222 2.88294 -1.01856 0.00252246
1223 2.88294 -1.01856 0.00247791
1224 2.88294 -1.01856 0.00245478
1225 2.88294 -1.01856 0.00244651
1226 2.88294 -1.01856 0.00246672
1227 2.88294 -1.01856 0.0024891
1228 2.88294 -1.01856 0.0025117
1229 2.88294 -1.01856 0.00253443
1230 2.88294 -1.01856 0.00255555
1231 2.88294 -1.01856 0.00257736
1232 2.88294 -1.01856 0.00259654
1233 2.88294 -1.01856 0.00261037
1234 2.88294 -1.01856 0.00261773
1235 2.88294 -1.01856 0.00261799
1236 2.88294 -1.01856 0.00261086
1237 2.88294 -1.01856 0.00259845
1238 2.88294 -1.01856 0.00258069
1239 2.88294 -1.01856 0.00255625
1240 2.88294 -1.01856 0.00252507
1241 2.88294 -1.01856 0.00248792
1242 2.88294 -1.01857 0.00244644
1243 2.88294 -1.01857 0.0024019
1244 2.88294 -1.01857 0.00235581
1245 2.88294 -1.01857 0.00230966
1246 2.88294 -1.01857 0.00227146
1247 2.88294 -1.01857 0.0022502
1248 2.88294 -1.01857 0.00225607
1249 2.88294 -1.01856 0.00225786
1250 2.88294 -1.01856 0.00225559
1251 2.88294 -1.01856 0.00224868
1252 2.88294 -1.01856 0.00223565
1253 2.88294 -1.01856 0.00221675
1254 2.88294 -1.01856 0.00219313
1255 2.88294 -1.01856 0.00216403
1256 2.88294 -1.01856 0.00213103
1257 2.88294 -1.01856 0.00210357
1258 2.88294 -1.01856 0.00209438
1259 2.88294 -1.01856 0.00209873
1260 2.88294 -1.01856 0.00211413
1261 2.88294 -1.01856 0.00213117
1262 2.88294 -1.01856 0.0021483
1263 2.88294 -1.01856 0.00216446
1264 2.88294 -1.01856 0.00218082
1265 2.88294 -1.01856 0.00219743
1266 2.88294 -1.01856 0.0022105
1267 2.88294 -1.01856 0.00221901
1268 2.88294 -1.01856 0.0022221
1269 2.88294 -1.01856 0.00221956
1270 2.88294 -1.01856 0.00221107
1271 2.88294 -1.01856 0.00219936
1272 2.88294 -1.01856 0.00218291
1273 2.88294 -1.01856 0.00216102
1274 2.88294 -1.01856 0.00213421
1275 2.88294 -1.01856 0.00210299
1276 2.88294 -1.01856 0.00206852
1277 2.88294 -1.01856 0.00203241
1278 2.88294 -1.01856 0.00199544
1279 2.88294 -1.01856 0.0019583
1280 2.88294 -1.01856 0.00193082
1281 2.88294 -1.01856 0.00191297
1282 2.88294 -1.01856 0.00191549
1283 2.88294 -1.01856 0.00191543
1284 2.88294 -1.01856 0.00191183
1285 2.88294 -1.01856 0.001904
1286 2.88294 -1.01856 0.00189161
1287 2.88294 -1.01856 0.00187433
1288 2.88294 -1.01856 0.00185365
1289 2.88294 -1.01856 0.00182897
1290 2.88294 -1.01856 0.00180227
1291 2.88294 -1.01856 0.0017942
1292 2.88294 -1.01856 0.00178792
1293 2.88294 -1.01856 0.00179864
1294 2.88294 -1.01856 0.00181057
1295 2.88294 -1.01856 0.00182319
1296 2.88294 -1.01856 0.00183596
1297 2.88294 -1.01856 0.00184833
1298 2.88294 -1.01856 0.00186056
1299 2.88294 -1.01856 0.00187238
1300 2.88294 -1.01856 0.00188078
1301 2.88294 -1.01856 0.00188539
1302 2.88294 -1.01856 0.0018856
1303 2.88294 -1.01856 0.00188139
1304 2.88294 -1.01856 0.00187271
1305 2.88294 -1.01856 0.00186171
1306 2.88294 -1.01856 0.00184678
1307 2.88294 -1.01856 0.00182748
1308 2.88294 -1.01856 0.0018045
1309 2.88294 -1.01856 0.00177847
1310 2.88294 -1.01856 0.0017502
1311 2.88294 -1.01856 0.00172074
1312 2.88294 -1.01856 0.00169109
1313 2.88294 -1.01856 0.00166141
1314 2.88294 -1.01856 0.00164132
1315 2.88294 -1.01856 0.00162671
1316 2.88294 -1.01856 0.00162623
1317 2.88294 -1.01856 0.0016247
1318 2.88294 -1.01856 0.00162022
1319 2.88294 -1.01856 0.0016123
1320 2.88294 -1.01856 0.00160067
1321 2.88294 -1.01856 0.00158522
1322 2.88294 -1.01856 0.00156722
1323 2.88294 -1.01856 0.00154644
1324 2.88294 -1.01856 0.00153668
1325 2.88294 -1.01856 0.00152988
1326 2.88294 -1.01856 0.001532
1327 2.88294 -1.01856 0.00154001
1328 2.88294 -1.01856 0.00154919
1329 2.88294 -1.01856 0.00155851
1330 2.88294 -1.01856 0.00156796
1331 2.88294 -1.01856 0.00157729
1332 2.88294 -1.01856 0.00158666
1333 2.88294 -1.01856 0.00159438
1334 2.88294 -1.01856 0.00159944
1335 2.88294 -1.01856 0.00160132
1336 2.88294 -1.01856 0.00159974
1337 2.88294 -1.01856 0.00159461
1338 2.88294 -1.01856 0.00158634
1339 2.88294 -1.01856 0.00157613
1340 2.88294 -1.01856 0.00156268
1341 2.88294 -1.01856 0.00154598
1342 2.88294 -1.01856 0.00152642
1343 2.88294 -1.01856 0.00150475
1344 2.88294 -1.01856 0.00148165
1345 2.88294 -1.01856 0.00145785
1346 2.88294 -1.01856 0.00143395
1347 2.88294 -1.01856 0.00141047
1348 2.88294 -1.01856 0.00139539
1349 2.88294 -1.01856 0.00138382
1350 2.88294 -1.01856 0.00138049
1351 2.88294 -1.01856 0.00137787
1352 2.88294 -1.01856 0.00137302
1353 2.88294 -1.01856 0.00136542
1354 2.88294 -1.01856 0.00135469
1355 2.88294 -1.01856 0.0013411
1356 2.88294 -1.01856 0.00132552
1357 2.88294 -1.01856 0.00131611
1358 2.88294 -1.01856 0.00131005
1359 2.88294 -1.01856 0.00130628
1360 2.88294 -1.01856 0.00131161
1361 2.88294 -1.01856 0.00131766
1362 2.88294 -1.01856 0.00132449
1363 2.88294 -1.01856 0.00133132
1364 2.88294 -1.01856 0.0013385
1365 2.88294 -1.01856 0.00134513
1366 2.88294 -1.01856 0.00135215
1367 2.88294 -1.01856 0.00135696
1368 2.88294 -1.01856 0.00135967
1369 2.88294 -1.01856 0.00135969
1370 2.88294 -1.01856 0.00135708
1371 2.88294 -1.01856 0.00135155
1372 2.88294 -1.01856 0.00134388
1373 2.88294 -1.01856 0.00133457
1374 2.88294 -1.01856 0.00132259
1375 2.88294 -1.01856 0.00130825
1376 2.88294 -1.01856 0.00129181
1377 2.88294 -1.01856 0.00127381
1378 2.88294 -1.01856 0.00125499
1379 2.88294 -1.01856 0.00123583
1380 2.88294 -1.01856 0.00121653
1381 2.88294 -1.01856 0.00119796
1382 2.88294 -1.01856 0.00118646
1383 2.88294 -1.01856 0.0011776
1384 2.88294 -1.01856 0.0011717
1385 2.88294 -1.01856 0.00116847
1386 2.88294 -1.01856 0.00116362
1387 2.88294 -1.01856 0.00115643
1388 2.88294 -1.01856 0.00114674
1389 2.88294 -1.01856 0.00113494
1390 2.88294 -1.01856 0.00112704
1391 2.88294 -1.01856 0.00112169
1392 2.88294 -1.01856 0.00111659
1393 2.88294 -1.01856 0.00111806
1394 2.88294 -1.01856 0.00112207
1395 2.88294 -1.01856 0.00112665
1396 2.88294 -1.01856 0.00113154
1397 2.88294 -1.01856 0.00113695
1398 2.88294 -1.01856 0.00114202
1399 2.88294 -1.01856 0.0011471
1400 2.88294 -1.01856 0.00115163
1401 2.88294 -1.01856 0.00115442
1402 2.88294 -1.01856 0.00115545
1403 2.88294 -1.01856 0.00115429
1404 2.88294 -1.01856 0.00115109
1405 2.88294 -1.01856 0.00114569
1406 2.88294 -1.01856 0.00113864
1407 2.88294 -1.01856 0.00113024
1408 2.88294 -1.01856 0.00111974
1409 2.88294 -1.01856 0.00110746
1410 2.88294 -1.01856 0.00109372
1411 2.88294 -1.01856 0.00107893
1412 2.88294 -1.01856 0.00106352
1413 2.88294 -1.01856 0.00104811
1414 2.88294 -1.01856 0.00103269
1415 2.88294 -1.01856 0.00101791
1416 2.88294 -1.01856 0.0010092
1417 2.88294 -1.01856 0.00100219
1418 2.88294 -1.01856 0.000995211
1419 2.88294 -1.01856 0.000990957
1420 2.88294 -1.01856 0.000986199
1421 2.88294 -1.01856 0.000979553
1422 2.88294 -1.01856 0.000970974
1423 2.88294 -1.01856 0.000965356
1424 2.88294 -1.01856 0.000960376
1425 2.88294 -1.01856 0.000955832
1426 2.88294 -1.01856 0.000954114
1427 2.88294 -1.01856 0.000956391
1428 2.88294 -1.01856 0.000959276
1429 2.88294 -1.01856 0.000962701
1430 2.88294 -1.01856 0.000966457
1431 2.88294 -1.01856 0.000970341
1432 2.88294 -1.01856 0.000973823
1433 2.88294 -1.01856 0.000977637
1434 2.88294 -1.01856 0.000980377
1435 2.88294 -1.01856 0.00098176
1436 2.88294 -1.01856 0.000981653
1437 2.88294 -1.01856 0.000979813
1438 2.88294 -1.01856 0.000976324
1439 2.88294 -1.01856 0.000971319
1440 2.88294 -1.01856 0.000964877
1441 2.88294 -1.01856 0.000957368
1442 2.88294 -1.01856 0.00094831
1443 2.88294 -1.01856 0.000937876
1444 2.88294 -1.01856 0.000926395
1445 2.88294 -1.01856 0.000914275
1446 2.88294 -1.01856 0.000901842
1447 2.88294 -1.01856 0.000889322
1448 2.88294 -1.01856 0.000877073
1449 2.88294 -1.01856 0.000865352
1450 2.88294 -1.01856 0.000858718
1451 2.88294 -1.01856 0.000852932
1452 2.88294 -1.01856 0.000847159
1453 2.88294 -1.01856 0.000841763
1454 2.88294 -1.01856 0.000836776
1455 2.88294 -1.01856 0.000831869
1456 2.88294 -1.01856 0.000827088
1457 2.88294 -1.01856 0.000822468
1458 2.88294 -1.01856 0.000818245
1459 2.88294 -1.01856 0.000814836
1460 2.88294 -1.01856 0.000815918
1461 2.88294 -1.01856 0.000817609
1462 2.88294 -1.01856 0.000819694
1463 2.88294 -1.01856 0.000822386
1464 2.88294 -1.01856 0.000825082
1465 2.88294 -1.01856 0.000827676
1466 2.88294 -1.01856 0.00083025
1467 2.88294 -1.01856 0.000832788
1468 2.88294 -1.01856 0.000834257
1469 2.88294 -1.01856 0.00083468
1470 2.88294 -1.01856 0.000833827
1471 2.88294 -1.01856 0.000831636
1472 2.88294 -1.01856 0.000828195
1473 2.88294 -1.01856 0.000823585
1474 2.88294 -1.01856 0.000817801
1475 2.88294 -1.01856 0.000811122
1476 2.88294 -1.01856 0.000803353
1477 2.88294 -1.01856 0.00079457
1478 2.88294 -1.01856 0.000785054
1479 2.88294 -1.01856 0.000775115
1480 2.88294 -1.01856 0.000765063
1481 2.88294 -1.01856 0.000754916
1482 2.88294 -1.01856 0.000745235
1483 2.88294 -1.01856 0.000736153
1484 2.88294 -1.01856 0.000730755
1485 2.88294 -1.01856 0.000725922
1486 2.88294 -1.01856 0.000721156
1487 2.88294 -1.01856 0.000716766
1488 2.88294 -1.01856 0.00071262
1489 2.88294 -1.01856 0.000708499
1490 2.88294 -1.01856 0.000704546
1491 2.88294 -1.01856 0.000700698
1492 2.88294 -1.01856 0.000697206
1493 2.88294 -1.01856 0.000696711
1494 2.88294 -1.01856 0.000697424
1495 2.88294 -1.01856 0.000698689
1496 2.88294 -1.01856 0.0007003
1497 2.88294 -1.01856 0.000702151
1498 2.88294 -1.01856 0.00070402
1499 2.88294 -1.01856 0.000705701
1500 2.88294 -1.01856 0.000707626
1501 2.88294 -1.01856 0.000709098
1502 2.88294 -1.01856 0.000709696
1503 2.88294 -1.01856 0.00070946
1504 2.88294 -1.01856 0.00070816
1505 2.88294 -1.01856 0.000705855
1506 2.88294 -1.01856 0.000702596
1507 2.88294 -1.01856 0.00069839
1508 2.88294 -1.01856 0.000693276
1509 2.88294 -1.01856 0.000687417
1510 2.88294 -1.01856 0.000680756
1511 2.88294 -1.01856 0.000673403
1512 2.88294 -1.01856 0.000665563
1513 2.88294 -1.01856 0.000657442
1514 2.88294 -1.01856 0.000649297
1515 2.88294 -1.01856 0.000641215
1516 2.88294 -1.01856 0.000633595
1517 2.88294 -1.01856 0.000626434
1518 2.88294 -1.01856 0.000621871
1519 2.88294 -1.01856 0.000617848
1520 2.88294 -1.01856 0.000613943
1521 2.88294 -1.01856 0.000610325
1522 2.88294 -1.01856 0.000606855
1523 2.88294 -1.01856 0.00060342
1524 2.88294 -1.01856 0.000600119
1525 2.88294 -1.01856 0.00059695
1526 2.88294 -1.01856 0.000595434
1527 2.88294 -1.01856 0.000595525
1528 2.88294 -1.01856 0.000596012
1529 2.88294 -1.01856 0.000596847
1530 2.88294 -1.01856 0.000597998
1531 2.88294 -1.01856 0.000599199
1532 2.88294 -1.01856 0.00060044
1533 2.88294 -1.01856 0.000601622
1534 2.88294 -1.01856 0.000602858
1535 2.88294 -1.01856 0.000603564
1536 2.88294 -1.01856 0.000603591
1537 2.88294 -1.01856 0.000602926
1538 2.88294 -1.01856 0.00060141
1539 2.88294 -1.01856 0.000599124
1540 2.88294 -1.01856 0.000596114
1541 2.88294 -1.01856 0.000592298
1542 2.88294 -1.01856 0.000587822
1543 2.88294 -1.01856 0.000582733
1544 2.88294 -1.01856 0.000577087
1545 2.88294 -1.01856 0.000570926
1546 2.88294 -1.01856 0.000564479
1547 2.88294 -1.01856 0.000557901
1548 2.88294 -1.01856 0.000551275
1549 2.88294 -1.01856 0.00054493
1550 2.88294 -1.01856 0.000538895
1551 2.88294 -1.01856 0.000533283
1552 2.88294 -1.01856 0.000529225
1553 2.88294 -1.01856 0.000525908
1554 2.88294 -1.01856 0.00052267
1555 2.88294 -1.01856 0.000519688
1556 2.88294 -1.01856 0.000516768
1557 2.88294 -1.01856 0.000513916
1558 2.88294 -1.01856 0.000511141
1559 2.88294 -1.01856 0.000509246
1560 2.88294 -1.01856 0.000508831
1561 2.88294 -1.01856 0.000508809
1562 2.88294 -1.01856 0.000509115
1563 2.88294 -1.01856 0.000509633
1564 2.88294 -1.01856 0.000510407
1565 2.88294 -1.01856 0.00051116
1566 2.88294 -1.01856 0.000511904
1567 2.88294 -1.01856 0.000512728
1568 2.88294 -1.01856 0.000513415
1569 2.88294 -1.01856 0.000513598
1570 2.88294 -1.01856 0.000513256
1571 2.88294 -1.01856 0.000512324
1572 2.88294 -1.01856 0.000510728
1573 2.88294 -1.01856 0.000508562
1574 2.88294 -1.01856 0.000505812
1575 2.88294 -1.01856 0.000502418
1576 2.88294 -1.01856 0.000498512
1577 2.88294 -1.01856 0.000494135
1578 2.88294 -1.01856 0.000489357
1579 2.88294 -1.01856 0.000484258
1580 2.88294 -1.01856 0.000478943
1581 2.88294 -1.01856 0.000473619
1582 2.88294 -1.01856 0.000468334
1583 2.88294 -1.01856 0.000463309
1584 2.88294 -1.01856 0.000458502
1585 2.88294 -1.01856 0.000454061
1586 2.88294 -1.01856 0.000450399
1587 2.88294 -1.01856 0.000447673
1588 2.88294 -1.01856 0.000444968
1589 2.88294 -1.01856 0.000442499
1590 2.88294 -1.01856 0.000440043
1591 2.88294 -1.01856 0.00043767
1592 2.88294 -1.01856 0.000435788
1593 2.88294 -1.01856 0.000435029
1594 2.88294 -1.01856 0.000434659
1595 2.88294 -1.01856 0.000434547
1596 2.88294 -1.01856 0.000434705
1597 2.88294 -1.01856 0.000435013
1598 2.88294 -1.01856 0.000435461
1599 2.88294 -1.01856 0.000435892
1600 2.88294 -1.01856 0.000436355
1601 2.88294 -1.01856 0.000436846
1602 2.88294 -1.01856 0.000437104
1603 2.88294 -1.01856 0.000436945
1604 2.88294 -1.01856 0.000436366
1605 2.88294 -1.01856 0.000435294
1606 2.88294 -1.01856 0.000433732
1607 2.88294 -1.01856 0.000431722
1608 2.88294 -1.01856 0.000429233
1609 2.88294 -1.01856 0.000426249
1610 2.88294 -1.01856 0.000422887
1611 2.88294 -1.01856 0.000419156
1612 2.88294 -1.01856 0.000415127
1613 2.88294 -1.01856 0.000410906
1614 2.88294 -1.01856 0.000406592
1615 2.88294 -1.01856 0.000402282
1616 2.88294 -1.01856 0.00039806
1617 2.88294 -1.01856 0.000394042
1618 2.88294 -1.01856 0.000390184
1619 2.88294 -1.01856 0.000386668
1620 2.88294 -1.01856 0.000383461
1621 2.88294 -1.01856 0.000381086
1622 2.88294 -1.01856 0.000378841
1623 2.88294 -1.01856 0.000376767
1624 2.88294 -1.01856 0.000374713
1625 2.88294 -1.01856 0.000373131
1626 2.88294 -1.01856 0.000372148
1627 2.88294 -1.01856 0.00037151
1628 2.88294 -1.01856 0.000371167
1629 2.88294 -1.01856 0.000371012
1630 2.88294 -1.01856 0.000371029
1631 2.88294 -1.01856 0.000371184
1632 2.88294 -1.01856 0.000371383
1633 2.88294 -1.01856 0.000371615
1634 2.88294 -1.01856 0.000371853
1635 2.88294 -1.01856 0.000372076
1636 2.88294 -1.01856 0.000372037
1637 2.88294 -1.01856 0.000371665
1638 2.88294 -1.01856 0.000370948
1639 2.88294 -1.01856 0.000369833
1640 2.88294 -1.01856 0.000368363
1641 2.88294 -1.01856 0.000366523
1642 2.88294 -1.01856 0.000364291
1643 2.88294 -1.01856 0.000361695
1644 2.88294 -1.01856 0.000358814
1645 2.88294 -1.01856 0.000355668
1646 2.88294 -1.01856 0.000352309
1647 2.88294 -1.01856 0.000348821
1648 2.88294 -1.01856 0.000345319
1649 2.88294 -1.01856 0.000341798
1650 2.88294 -1.01856 0.000338458
1651 2.88294 -1.01856 0.000335217
1652 2.88294 -1.01856 0.000332138
1653 2.88294 -1.01856 0.000329331
1654 2.88294 -1.01856 0.000326792
1655 2.88294 -1.01856 0.000324512
1656 2.88294 -1.01856 0.000322544
1657 2.88294 -1.01856 0.000320922
1658 2.88294 -1.01856 0.000319591
1659 2.88294 -1.01856 0.000318526
1660 2.88294 -1.01856 0.000317721
1661 2.88294 -1.01856 0.000317185
1662 2.88294 -1.01856 0.000316845
1663 2.88294 -1.01856 0.00031666
1664 2.88294 -1.01856 0.000316581
1665 2.88294 -1.01856 0.000316612
1666 2.88294 -1.01856 0.000316636
1667 2.88294 -1.01856 0.00031675
1668 2.88294 -1.01856 0.000316823
1669 2.88294 -1.01856 0.000316824
1670 2.88294 -1.01856 0.000316587
1671 2.88294 -1.01856 0.000316089
1672 2.88294 -1.01856 0.000315306
1673 2.88294 -1.01856 0.000314227
1674 2.88294 -1.01856 0.000312857
1675 2.88294 -1.01856 0.000311195
1676 2.88294 -1.01856 0.000309229
1677 2.88294 -1.01856 0.000306977
1678 2.88294 -1.01856 0.000304516
1679 2.88294 -1.01856 0.000301873
1680 2.88294 -1.01856 0.000299092
1681 2.88294 -1.01856 0.000296226
1682 2.88294 -1.01856 0.000293365
1683 2.88294 -1.01856 0.000290551
1684 2.88294 -1.01856 0.000287854
1685 2.88294 -1.01856 0.000285231
1686 2.88294 -1.01856 0.000282774
1687 2.88294 -1.01856 0.000280542
1688 2.88294 -1.01856 0.00027851
1689 2.88294 -1.01856 0.000276684
1690 2.88294 -1.01856 0.000275107
1691 2.88294 -1.01856 0.000273806
1692 2.88294 -1.01856 0.000272735
1693 2.88294 -1.01856 0.000271862
1694 2.88294 -1.01856 0.000271194
1695 2.88294 -1.01856 0.000270729
1696 2.88294 -1.01856 0.000270394
1697 2.88294 -1.01856 0.000270186
1698 2.88294 -1.01856 0.000270046
1699 2.88294 -1.01856 0.000269979
1700 2.88294 -1.01856 0.000269939
1701 2.88294 -1.01856 0.000269906
1702 2.88294 -1.01856 0.00026987
1703 2.88294 -1.01856 0.000269712
1704 2.88294 -1.01856 0.000269358
1705 2.88294 -1.01856 0.000268792
1706 2.88294 -1.01856 0.000267997
1707 2.88294 -1.01856 0.000266989
1708 2.88294 -1.01856 0.000265734
1709 2.88294 -1.01856 0.000264244
1710 2.88294 -1.01856 0.000262527
1711 2.88294 -1.01856 0.000260599
1712 2.88294 -1.01856 0.000258505
1713 2.88294 -1.01856 0.000256281
1714 2.88294 -1.01856 0.00025398
1715 2.88294 -1.01856 0.000251642
1716 2.88294 -1.01856 0.00024931
1717 2.88294 -1.01856 0.000247063
1718 2.88294 -1.01856 0.000244865
1719 2.88294 -1.01856 0.000242741
1720 2.88294 -1.01856 0.000240796
1721 2.88294 -1.01856 0.000239003
1722 2.88294 -1.01856 0.000237371
1723 2.88294 -1.01856 0.000235907
1724 2.88294 -1.01856 0.000234636
1725 2.88294 -1.01856 0.000233585
1726 2.88294 -1.01856 0.000232709
1727 2.88294 -1.01856 0.000231991
1728 2.88294 -1.01856 0.000231425
1729 2.88294 -1.01856 0.000231015
1730 2.88294 -1.01856 0.000230698
1731 2.88294 -1.01856 0.000230468
1732 2.88294 -1.01856 0.000230296
1733 2.88294 -1.01856 0.000230167
1734 2.88294 -1.01856 0.000230071
1735 2.88294 -1.01856 0.000229943
1736 2.88294 -1.01856 0.000229819
1737 2.88294 -1.01856 0.00022956
1738 2.88294 -1.01856 0.000229145
1739 2.88294 -1.01856 0.000228556
1740 2.88294 -1.01856 0.000227793
1741 2.88294 -1.01856 0.000226856
1742 2.88294 -1.01856 0.000225724
1743 2.88294 -1.01856 0.000224401
1744 2.88294 -1.01856 0.000222912
1745 2.88294 -1.01856 0.000221269
1746 2.88294 -1.01856 0.000219502
1747 2.88294 -1.01856 0.000217653
1748 2.88294 -1.01856 0.000215741
1749 2.88294 -1.01856 0.000213838
1750 2.88294 -1.01856 0.00021195
1751 2.88294 -1.01856 0.000210125
1752 2.88294 -1.01856 0.000208336
1753 2.88294 -1.01856 0.000206632
1754 2.88294 -1.01856 0.000205072
1755 2.88294 -1.01856 0.000203629
1756 2.88294 -1.01856 0.000202312
1757 2.88294 -1.01856 0.000201137
1758 2.88294 -1.01856 0.000200102
1759 2.88294 -1.01856 0.000199249
1760 2.88294 -1.01856 0.000198526
1761 2.88294 -1.01856 0.00019793
1762 2.88294 -1.01856 0.00019745
1763 2.88294 -1.01856 0.000197079
1764 2.88294 -1.01856 0.000196783
1765 2.88294 -1.01856 0.000196541
1766 2.88294 -1.01856 0.00019635
1767 2.88294 -1.01856 0.000196198
1768 2.88294 -1.01856 0.000196043
1769 2.88294 -1.01856 0.000195876
1770 2.88294 -1.01856 0.000195671
1771 2.88294 -1.01856 0.000195356
1772 2.88294 -1.01856 0.000194916
1773 2.88294 -1.01856 0.000194331
1774 2.88294 -1.01856 0.000193622
1775 2.88294 -1.01856 0.000192763
1776 2.88294 -1.01856 0.000191754
1777 2.88294 -1.01856 0.000190597
1778 2.88294 -1.01856 0.000189308
1779 2.88294 -1.01856 0.00018791
1780 2.88294 -1.01856 0.000186424
1781 2.88294 -1.01856 0.000184888
1782 2.88294 -1.01856 0.000183324
1783 2.88294 -1.01856 0.000181763
1784 2.88294 -1.01856 0.000180237
1785 2.88294 -1.01856 0.000178743
1786 2.88294 -1.01856 0.000177293
1787 2.88294 -1.01856 0.000175927
1788 2.88294 -1.01856 0.000174664
1789 2.88294 -1.01856 0.000173498
1790 2.88294 -1.01856 0.000172433
1791 2.88294 -1.01856 0.000171484
1792 2.88294 -1.01856 0.000170642
1793 2.88294 -1.01856 0.000169941
1794 2.88294 -1.01856 0.000169341
1795 2.88294 -1.01856 0.00016884
1796 2.88294 -1.01856 0.000168428
1797 2.88294 -1.01856 0.000168091
1798 2.88294 -1.01856 0.000167814
1799 2.88294 -1.01856 0.000167571
1800 2.88294 -1.01856 0.000167391
1801 2.88294 -1.01856 0.000167204
1802 2.88294 -1.01856 0.000167013
1803 2.88294 -1.01856 0.000166822
1804 2.88294 -1.01856 0.000166571
1805 2.88294 -1.01856 0.000166229
1806 2.88294 -1.01856 0.000165786
1807 2.88294 -1.01856 0.000165233
1808 2.88294 -1.01856 0.000164578
1809 2.88294 -1.01856 0.000163802
1810 2.88294 -1.01856 0.000162909
1811 2.88294 -1.01856 0.000161905
1812 2.88294 -1.01856 0.000160802
1813 2.88294 -1.01856 0.000159619
1814 2.88294 -1.01856 0.000158375
1815 2.88294 -1.01856 0.000157094
1816 2.88294 -1.01856 0.000155814
1817 2.88294 -1.01856 0.000154537
1818 2.88294 -1.01856 0.000153297
1819 2.88294 -1.01856 0.000152078
1820 2.88294 -1.01856 0.000150899
1821 2.88294 -1.01856 0.0001498
1822 2.88294 -1.01856 0.000148776
1823 2.88294 -1.01856 0.000147831
1824 2.88294 -1.01856 0.000146968
1825 2.88294 -1.01856 0.000146196
1826 2.88294 -1.01856 0.000145511
1827 2.88294 -1.01856 0.000144926
1828 2.88294 -1.01856 0.000144427
1829 2.88294 -1.01856 0.000144
1830 2.88294 -1.01856 0.000143644
1831 2.88294 -1.01856 0.000143339
1832 2.88294 -1.01856 0.00014308
1833 2.88294 -1.01856 0.000142864
1834 2.88294 -1.01856 0.000142671
1835 2.88294 -1.01856 0.00014247
1836 2.88294 -1.01856 0.00014226
1837 2.88294 -1.01856 0.000142052
1838 2.88294 -1.01856 0.000141778
1839 2.88294 -1.01856 0.000141432
1840 2.88294 -1.01856 0.000141003
1841 2.88294 -1.01856 0.000140492
1842 2.88294 -1.01856 0.000139894
1843 2.88294 -1.01856 0.000139202
1844 2.88294 -1.01856 0.000138418
1845 2.88294 -1.01856 0.00013755
1846 2.88294 -1.01856 0.000136611
1847 2.88294 -1.01856 0.000135615
1848 2.88294 -1.01856 0.000134579
1849 2.88294 -1.01856 0.000133521
1850 2.88294 -1.01856 0.000132468
1851 2.88294 -1.01856 0.000131428
1852 2.88294 -1.01856 0.000130411
1853 2.88294 -1.01856 0.000129413
1854 2.88294 -1.01856 0.000128453
1855 2.88294 -1.01856 0.000127564
1856 2.88294 -1.01856 0.000126733
1857 2.88294 -1.01856 0.000125963
1858 2.88294 -1.01856 0.000125263
1859 2.88294 -1.01856 0.000124632
1860 2.88294 -1.01856 0.000124071
1861 2.88294 -1.01856 0.000123579
1862 2.88294 -1.01856 0.000123162
1863 2.88294 -1.01856 0.000122796
1864 2.88294 -1.01856 0.000122484
1865 2.88294 -1.01856 0.000122214
1866 2.88294 -1.01856 0.000121985
1867 2.88294 -1.01856 0.000121778
1868 2.88294 -1.01856 0.000121579
1869 2.88294 -1.01856 0.000121372
1870 2.88294 -1.01856 0.000121164
1871 2.88294 -1.01856 0.00012094
1872 2.88294 -1.01856 0.000120661
1873 2.88294 -1.01856 0.000120324
1874 2.88294 -1.01856 0.000119924
1875 2.88294 -1.01856 0.000119456
1876 2.88294 -1.01856 0.000118915
1877 2.88294 -1.01856 0.000118304
1878 2.88294 -1.01856 0.000117622
1879 2.88294 -1.01856 0.000116876
1880 2.88294 -1.01856 0.00011608
1881 2.88294 -1.01856 0.000115243
1882 2.88294 -1.01856 0.000114379
1883 2.88294 -1.01856 0.000113511
1884 2.88294 -1.01856 0.000112644
1885 2.88294 -1.01856 0.000111794
1886 2.88294 -1.01856 0.000110957
1887 2.88294 -1.01856 0.000110141
1888 2.88294 -1.01856 0.000109363
1889 2.88294 -1.01856 0.000108637
1890 2.88294 -1.01856 0.00010796
1891 2.88294 -1.01856 0.000107332
1892 2.88294 -1.01856 0.000106761
1893 2.88294 -1.01856 0.000106242
1894 2.88294 -1.01856 0.000105781
1895 2.88294 -1.01856 0.000105373
1896 2.88294 -1.01856 0.000105016
1897 2.88294 -1.01856 0.000104703
1898 2.88294 -1.01856 0.000104431
1899 2.88294 -1.01856 0.000104195
1900 2.88294 -1.01856 0.000103981
1901 2.88294 -1.01856 0.000103784
1902 2.88294 -1.01856 0.000103587
1903 2.88294 -1.01856 0.000103381
1904 2.88294 -1.01856 0.000103181
1905 2.88294 -1.01856 0.000102953
1906 2.88294 -1.01856 0.00010268
1907 2.88294 -1.01856 0.000102363
1908 2.88294 -1.01856 0.000101994
1909 2.88294 -1.01856 0.00010157
1910 2.88294 -1.01856 0.000101088
1911 2.88294 -1.01856 0.000100551
1912 2.88294 -1.01856 9.99608e-05
1913 2.88294 -1.01856 9.93246e-05
1914 2.88294 -1.01856 9.86514e-05
1915 2.88294 -1.01856 9.79504e-05
1916 2.88294 -1.01856 9.72346e-05
1917 2.88294 -1.01856 9.6518e-05
1918 2.88294 -1.01856 9.58059e-05
1919 2.88294 -1.01856 9.51069e-05
1920 2.88294 -1.01856 9.44179e-05
1921 2.88294 -1.01856 9.37492e-05
1922 2.88294 -1.01856 9.31172e-05
1923 2.88294 -1.01856 9.25243e-05
1924 2.88294 -1.01856 9.19703e-05
1925 2.88294 -1.01856 9.14574e-05
1926 2.88294 -1.01856 9.09884e-05
1927 2.88294 -1.01856 9.05621e-05
1928 2.88294 -1.01856 9.01801e-05
1929 2.88294 -1.01856 8.98397e-05
1930 2.88294 -1.01856 8.95373e-05
1931 2.88294 -1.01856 8.92689e-05
1932 2.88294 -1.01856 8.90289e-05
1933 2.88294 -1.01856 8.88172e-05
1934 2.88294 -1.01856 8.86202e-05
1935 2.88294 -1.01856 8.84339e-05
1936 2.88294 -1.01856 8.82428e-05
1937 2.88294 -1.01856 8.80505e-05
1938 2.88294 -1.01856 8.7855e-05
1939 2.88294 -1.01856 8.76313e-05
1940 2.88294 -1.01856 8.73736e-05
1941 2.88294 -1.01856 8.70807e-05
1942 2.88294 -1.01856 8.67445e-05
1943 2.88294 -1.01856 8.63638e-05
1944 2.88294 -1.01856 8.5938e-05
1945 2.88294 -1.01856 8.54694e-05
1946 2.88294 -1.01856 8.4961e-05
1947 2.88294 -1.01856 8.44197e-05
1948 2.88294 -1.01856 8.38521e-05
1949 2.88294 -1.01856 8.32675e-05
1950 2.88294 -1.01856 8.26756e-05
1951 2.88294 -1.01856 8.20831e-05
1952 2.88294 -1.01856 8.14981e-05
1953 2.88294 -1.01856 8.09209e-05
1954 2.88294 -1.01856 8.0354e-05
1955 2.88294 -1.01856 7.98053e-05
1956 2.88294 -1.01856 7.92901e-05
1957 2.88294 -1.01856 7.8805e-05
1958 2.88294 -1.01856 7.83506e-05
1959 2.88294 -1.01856 7.79303e-05
1960 2.88294 -1.01856 7.75435e-05
1961 2.88294 -1.01856 7.71917e-05
1962 2.88294 -1.01856 7.68734e-05
1963 2.88294 -1.01856 7.65883e-05
1964 2.88294 -1.01856 7.63303e-05
1965 2.88294 -1.01856 7.60991e-05
1966 2.88294 -1.01856 7.58877e-05
1967 2.88294 -1.01856 7.56981e-05
1968 2.88294 -1.01856 7.55173e-05
1969 2.88294 -1.01856 7.53431e-05
1970 2.88294 -1.01856 7.51614e-05
1971 2.88294 -1.01856 7.49837e-05
1972 2.88294 -1.01856 7.47964e-05
1973 2.88294 -1.01856 7.45834e-05
1974 2.88294 -1.01856 7.43466e-05
1975 2.88294 -1.01856 7.40779e-05
1976 2.88294 -1.01856 7.3775e-05
1977 2.88294 -1.01856 7.34363e-05
1978 2.88294 -1.01856 7.30634e-05
1979 2.88294 -1.01856 7.26573e-05
1980 2.88294 -1.01856 7.22218e-05
1981 2.88294 -1.01856 7.17633e-05
1982 2.88294 -1.01856 7.12868e-05
1983 2.88294 -1.01856 7.07995e-05
1984 2.88294 -1.01856 7.03085e-05
1985 2.88294 -1.01856 6.98188e-05
1986 2.88294 -1.01856 6.93361e-05
1987 2.88294 -1.01856 6.88588e-05
1988 2.88294 -1.01856 6.83921e-05
1989 2.88294 -1.01856 6.79426e-05
1990 2.88294 -1.01856 6.75206e-05
1991 2.88294 -1.01856 6.71223e-05
1992 2.88294 -1.01856 6.67486e-05
1993 2.88294 -1.01856 6.64028e-05
1994 2.88294 -1.01856 6.60828e-05
1995 2.88294 -1.01856 6.57912e-05
1996 2.88294 -1.01856 6.55249e-05
1997 2.88294 -1.01856 6.52847e-05
1998 2.88294 -1.01856 6.50648e-05
1999 2.88294 -1.01856 6.4864e-05
2000 2.88294 -1.01856 6.46781e-05
2001 2.88294 -1.01856 6.45077e-05
2002 2.88294 -1.01856 6.43435e-05
2003 2.88294 -1.01856 6.41815e-05
2004 2.88294 -1.01856 6.40143e-05
2005 2.88294 -1.01856 6.38489e-05
2006 2.88294 -1.01856 6.36725e-05
2007 2.88294 -1.01856 6.34766e-05
2008 2.88294 -1.01856 6.32591e-05
2009 2.88294 -1.01856 6.30155e-05
2010 2.88294 -1.01856 6.27451e-05
2011 2.88294 -1.01856 6.24468e-05
2012 2.88294 -1.01856 6.21215e-05
2013 2.88294 -1.01856 6.17716e-05
2014 2.88294 -1.01856 6.14002e-05
2015 2.88294 -1.01856 6.10125e-05
2016 2.88294 -1.01856 6.06127e-05
2017 2.88294 -1.01856 6.02072e-05
2018 2.88294 -1.01856 5.97997e-05
2019 2.88294 -1.01856 5.93958e-05
2020 2.88294 -1.01856 5.89958e-05
2021 2.88294 -1.01856 5.86007e-05
2022 2.88294 -1.01856 5.82164e-05
2023 2.88294 -1.01856 5.78482e-05
2024 2.88294 -1.01856 5.7501e-05
2025 2.88294 -1.01856 5.7173e-05
2026 2.88294 -1.01856 5.68654e-05
2027 2.88294 -1.01856 5.65793e-05
2028 2.88294 -1.01856 5.63142e-05
2029 2.88294 -1.01856 5.60709e-05
2030 2.88294 -1.01856 5.58479e-05
2031 2.88294 -1.01856 5.56437e-05
2032 2.88294 -1.01856 5.54557e-05
2033 2.88294 -1.01856 5.5281e-05
2034 2.88294 -1.01856 5.51179e-05
2035 2.88294 -1.01856 5.49646e-05
2036 2.88294 -1.01856 5.48158e-05
2037 2.88294 -1.01856 5.46668e-05
2038 2.88294 -1.01856 5.4516e-05
2039 2.88294 -1.01856 5.43631e-05
2040 2.88294 -1.01856 5.42005e-05
2041 2.88294 -1.01856 5.4021e-05
2042 2.88294 -1.01856 5.38234e-05
2043 2.88294 -1.01856 5.3605e-05
2044 2.88294 -1.01856 5.33653e-05
2045 2.88294 -1.01856 5.31042e-05
2046 2.88294 -1.01856 5.28225e-05
2047 2.88294 -1.01856 5.25221e-05
2048 2.88294 -1.01856 5.22067e-05
2049 2.88294 -1.01856 5.18801e-05
2050 2.88294 -1.01856 5.15456e-05
2051 2.88294 -1.01856 5.12075e-05
2052 2.88294 -1.01856 5.08694e-05
2053 2.88294 -1.01856 5.05346e-05
2054 2.88294 -1.01856 5.02026e-05
2055 2.88294 -1.01856 4.98759e-05
2056 2.88294 -1.01856 4.95586e-05
2057 2.88294 -1.01856 4.92562e-05
2058 2.88294 -1.01856 4.89702e-05
2059 2.88294 -1.01856 4.86994e-05
2060 2.88294 -1.01856 4.84454e-05
2061 2.88294 -1.01856 4.82078e-05
2062 2.88294 -1.01856 4.79877e-05
2063 2.88294 -1.01856 4.77837e-05
2064 2.88294 -1.01856 4.75961e-05
2065 2.88294 -1.01856 4.74219e-05
2066 2.88294 -1.01856 4.72605e-05
2067 2.88294 -1.01856 4.71085e-05
2068 2.88294 -1.01856 4.69657e-05
2069 2.88294 -1.01856 4.68284e-05
2070 2.88294 -1.01856 4.66937e-05
2071 2.88294 -1.01856 4.65582e-05
2072 2.88294 -1.01856 4.64232e-05
2073 2.88294 -1.01856 4.62838e-05
2074 2.88294 -1.01856 4.61345e-05
2075 2.88294 -1.01856 4.5972e-05
2076 2.88294 -1.01856 4.5794e-05
2077 2.88294 -1.01856 4.55999e-05
2078 2.88294 -1.01856 4.53889e-05
2079 2.88294 -1.01856 4.51616e-05
2080 2.88294 -1.01856 4.49186e-05
2081 2.88294 -1.01856 4.46617e-05
2082 2.88294 -1.01856 4.43946e-05
2083 2.88294 -1.01856 4.41195e-05
2084 2.88294 -1.01856 4.38405e-05
2085 2.88294 -1.01856 4.35584e-05
2086 2.88294 -1.01856 4.32783e-05
2087 2.88294 -1.01856 4.29998e-05
2088 2.88294 -1.01856 4.27239e-05
2089 2.88294 -1.01856 4.24537e-05
2090 2.88294 -1.01856 4.21913e-05
2091 2.88294 -1.01856 4.19426e-05
2092 2.88294 -1.01856 4.17062e-05
2093 2.88294 -1.01856 4.14821e-05
2094 2.88294 -1.01856 4.12717e-05
2095 2.88294 -1.01856 4.1074e-05
2096 2.88294 -1.01856 4.08903e-05
2097 2.88294 -1.01856 4.07188e-05
2098 2.88294 -1.01856 4.05603e-05
2099 2.88294 -1.01856 4.04116e-05
2100 2.88294 -1.01856 4.02726e-05
2101 2.88294 -1.01856 4.01401e-05
2102 2.88294 -1.01856 4.0015e-05
2103 2.88294 -1.01856 3.98928e-05
2104 2.88294 -1.01856 3.9772e-05
2105 2.88294 -1.01856 3.96513e-05
2106 2.88294 -1.01856 3.95289e-05
2107 2.88294 -1.01856 3.94022e-05
2108 2.88294 -1.01856 3.92669e-05
2109 2.88294 -1.01856 3.91207e-05
2110 2.88294 -1.01856 3.89619e-05
2111 2.88294 -1.01856 3.87908e-05
2112 2.88294 -1.01856 3.86063e-05
2113 2.88294 -1.01856 3.84089e-05
2114 2.88294 -1.01856 3.82e-05
2115 2.88294 -1.01856 3.79816e-05
2116 2.88294 -1.01856 3.77561e-05
2117 2.88294 -1.01856 3.75257e-05
2118 2.88294 -1.01856 3.72914e-05
2119 2.88294 -1.01856 3.70567e-05
2120 2.88294 -1.01856 3.68236e-05
2121 2.88294 -1.01856 3.65916e-05
2122 2.88294 -1.01856 3.63625e-05
2123 2.88294 -1.01856 3.61387e-05
2124 2.88294 -1.01856 3.59218e-05
2125 2.88294 -1.01856 3.57164e-05
2126 2.88294 -1.01856 3.55206e-05
2127 2.88294 -1.01856 3.53349e-05
2128 2.88294 -1.01856 3.51597e-05
2129 2.88294 -1.01856 3.4995e-05
2130 2.88294 -1.01856 3.48408e-05
2131 2.88294 -1.01856 3.46967e-05
2132 2.88294 -1.01856 3.45619e-05
2133 2.88294 -1.01856 3.44348e-05
2134 2.88294 -1.01856 3.43146e-05
2135 2.88294 -1.01856 3.41996e-05
2136 2.88294 -1.01856 3.40896e-05
2137 2.88294 -1.01856 3.39811e-05
2138 2.88294 -1.01856 3.38733e-05
2139 2.88294 -1.01856 3.37661e-05
2140 2.88294 -1.01856 3.36559e-05
2141 2.88294 -1.01856 3.35417e-05
2142 2.88294 -1.01856 3.34202e-05
2143 2.88294 -1.01856 3.32898e-05
2144 2.88294 -1.01856 3.31492e-05
2145 2.88294 -1.01856 3.29989e-05
2146 2.88294 -1.01856 3.28384e-05
2147 2.88294 -1.01856 3.26681e-05
2148 2.88294 -1.01856 3.24892e-05
2149 2.88294 -1.01856 3.23039e-05
2150 2.88294 -1.01856 3.21141e-05
2151 2.88294 -1.01856 3.19204e-05
2152 2.88294 -1.01856 3.17241e-05
2153 2.88294 -1.01856 3.15291e-05
2154 2.88294 -1.01856 3.13343e-05
2155 2.88294 -1.01856 3.11411e-05
2156 2.88294 -1.01856 3.09507e-05
2157 2.88294 -1.01856 3.07649e-05
2158 2.88294 -1.01856 3.05856e-05
2159 2.88294 -1.01856 3.04154e-05
2160 2.88294 -1.01856 3.02528e-05
2161 2.88294 -1.01856 3.00985e-05
2162 2.88294 -1.01856 2.99523e-05
2163 2.88294 -1.01856 2.98147e-05
2164 2.88294 -1.01856 2.9685e-05
2165 2.88294 -1.01856 2.95633e-05
2166 2.88294 -1.01856 2.94484e-05
2167 2.88294 -1.01856 2.93396e-05
2168 2.88294 -1.01856 2.92356e-05
2169 2.88294 -1.01856 2.91358e-05
2170 2.88294 -1.01856 2.90391e-05
2171 2.88294 -1.01856 2.8943e-05
2172 2.88294 -1.01856 2.88483e-05
2173 2.88294 -1.01856 2.87524e-05
2174 2.88294 -1.01856 2.86535e-05
2175 2.88294 -1.01856 2.85513e-05
2176 2.88294 -1.01856 2.84431e-05
2177 2.88294 -1.01856 2.83274e-05
2178 2.88294 -1.01856 2.82039e-05
2179 2.88294 -1.01856 2.80724e-05
2180 2.88294 -1.01856 2.79333e-05
2181 2.88294 -1.01856 2.77868e-05
2182 2.88294 -1.01856 2.76344e-05
2183 2.88294 -1.01856 2.74779e-05
2184 2.88294 -1.01856 2.7318e-05
2185 2.88294 -1.01856 2.71549e-05
2186 2.88294 -1.01856 2.69912e-05
2187 2.88294 -1.01856 2.68282e-05
2188 2.88294 -1.01856 2.66655e-05
2189 2.88294 -1.01856 2.65043e-05
2190 2.88294 -1.01856 2.63461e-05
2191 2.88294 -1.01856 2.61917e-05
2192 2.88294 -1.01856 2.60433e-05
2193 2.88294 -1.01856 2.59019e-05
2194 2.88294 -1.01856 2.57666e-05
2195 2.88294 -1.01856 2.5638e-05
2196 2.88294 -1.01856 2.55157e-05
2197 2.88294 -1.01856 2.54003e-05
2198 2.88294 -1.01856 2.52909e-05
2199 2.88294 -1.01856 2.51879e-05
2200 2.88294 -1.01856 2.50897e-05
2201 2.88294 -1.01856 2.49964e-05
2202 2.88294 -1.01856 2.49064e-05
2203 2.88294 -1.01856 2.48196e-05
2204 2.88294 -1.01856 2.47348e-05
2205 2.88294 -1.01856 2.465e-05
2206 2.88294 -1.01856 2.45668e-05
2207 2.88294 -1.01856 2.44815e-05
2208 2.88294 -1.01856 2.43933e-05
2209 2.88294 -1.01856 2.43024e-05
2210 2.88294 -1.01856 2.42065e-05
2211 2.88294 -1.01856 2.41046e-05
2212 2.88294 -1.01856 2.39966e-05
2213 2.88294 -1.01856 2.38823e-05
2214 2.88294 -1.01856 2.37621e-05
2215 2.88294 -1.01856 2.36367e-05
2216 2.88294 -1.01856 2.35075e-05
2217 2.88294 -1.01856 2.33755e-05
2218 2.88294 -1.01856 2.32402e-05
2219 2.88294 -1.01856 2.3103e-05
2220 2.88294 -1.01856 2.29666e-05
2221 2.88294 -1.01856 2.28299e-05
2222 2.88294 -1.01856 2.2694e-05
2223 2.88294 -1.01856 2.25595e-05
2224 2.88294 -1.01856 2.24278e-05
2225 2.88294 -1.01856 2.22992e-05
2226 2.88294 -1.01856 2.21763e-05
2227 2.88294 -1.01856 2.20585e-05
2228 2.88294 -1.01856 2.19458e-05
2229 2.88294 -1.01856 2.18382e-05
2230 2.88294 -1.01856 2.17358e-05
2231 2.88294 -1.01856 2.16387e-05
2232 2.88294 -1.01856 2.15464e-05
2233 2.88294 -1.01856 2.14588e-05
2234 2.88294 -1.01856 2.13749e-05
2235 2.88294 -1.01856 2.12946e-05
2236 2.88294 -1.01856 2.12167e-05
2237 2.88294 -1.01856 2.11413e-05
2238 2.88294 -1.01856 2.10669e-05
2239 2.88294 -1.01856 2.09929e-05
2240 2.88294 -1.01856 2.09194e-05
2241 2.88294 -1.01856 2.08437e-05
2242 2.88294 -1.01856 2.07655e-05
2243 2.88294 -1.01856 2.06851e-05
2244 2.88294 -1.01856 2.06006e-05
2245 2.88294 -1.01856 2.05113e-05
2246 2.88294 -1.01856 2.04172e-05
2247 2.88294 -1.01856 2.03183e-05
2248 2.88294 -1.01856 2.02149e-05
2249 2.88294 -1.01856 2.01079e-05
2250 2.88294 -1.01856 1.99988e-05
2251 2.88294 -1.01856 1.98868e-05
2252 2.88294 -1.01856 1.97726e-05
2253 2.88294 -1.01856 1.9658e-05
2254 2.88294 -1.01856 1.95434e-05
2255 2.88294 -1.01856 1.94289e-05
2256 2.88294 -1.01856 1.93152e-05
2257 2.88294 -1.01856 1.92031e-05
2258 2.88294 -1.01856 1.90932e-05
2259 2.88294 -1.01856 1.89861e-05
2260 2.88294 -1.01856 1.8884e-05
2261 2.88294 -1.01856 1.87857e-05
2262 2.88294 -1.01856 1.86915e-05
2263 2.88294 -1.01856 1.86014e-05
2264 2.88294 -1.01856 1.85154e-05
2265 2.88294 -1.01856 1.84334e-05
2266 2.88294 -1.01856 1.83554e-05
2267 2.88294 -1.01856 1.82808e-05
2268 2.88294 -1.01856 1.8209e-05
2269 2.88294 -1.01856 1.81399e-05
2270 2.88294 -1.01856 1.80725e-05
2271 2.88294 -1.01856 1.80069e-05
2272 2.88294 -1.01856 1.79418e-05
2273 2.88294 -1.01856 1.78773e-05
2274 2.88294 -1.01856 1.78124e-05
2275 2.88294 -1.01856 1.77457e-05
2276 2.88294 -1.01856 1.76765e-05
2277 2.88294 -1.01856 1.76058e-05
2278 2.88294 -1.01856 1.75316e-05
2279 2.88294 -1.01856 1.74538e-05
2280 2.88294 -1.01856 1.7372e-05
2281 2.88294 -1.01856 1.72866e-05
2282 2.88294 -1.01856 1.7198e-05
2283 2.88294 -1.01856 1.71076e-05
2284 2.88294 -1.01856 1.70149e-05
2285 2.88294 -1.01856 1.69199e-05
2286 2.88294 -1.01856 1.6824e-05
2287 2.88294 -1.01856 1.67278e-05
2288 2.88294 -1.01856 1.66316e-05
2289 2.88294 -1.01856 1.65356e-05
2290 2.88294 -1.01856 1.64405e-05
2291 2.88294 -1.01856 1.63468e-05
2292 2.88294 -1.01856 1.62551e-05
2293 2.88294 -1.01856 1.61659e-05
2294 2.88294 -1.01856 1.60807e-05
2295 2.88294 -1.01856 1.59986e-05
2296 2.88294 -1.01856 1.59197e-05
2297 2.88294 -1.01856 1.5844e-05
2298 2.88294 -1.01856 1.57717e-05
2299 2.88294 -1.01856 1.57024e-05
2300 2.88294 -1.01856 1.56363e-05
2301 2.88294 -1.01856 1.55725e-05
2302 2.88294 -1.01856 1.55111e-05
2303 2.88294 -1.01856 1.54515e-05
2304 2.88294 -1.01856 1.53932e-05
2305 2.88294 -1.01856 1.53362e-05
2306 2.88294 -1.01856 1.52797e-05
2307 2.88294 -1.01856 1.52233e-05
2308 2.88294 -1.01856 1.51662e-05
2309 2.88294 -1.01856 1.51074e-05
2310 2.88294 -1.01856 1.50467e-05
2311 2.88294 -1.01856 1.49846e-05
2312 2.88294 -1.01856 1.49198e-05
2313 2.88294 -1.01856 1.48521e-05
2314 2.88294 -1.01856 1.47814e-05
2315 2.88294 -1.01856 1.4708e-05
2316 2.88294 -1.01856 1.46328e-05
2317 2.88294 -1.01856 1.45559e-05
2318 2.88294 -1.01856 1.44771e-05
2319 2.88294 -1.01856 1.43967e-05
2320 2.88294 -1.01856 1.43162e-05
2321 2.88294 -1.01856 1.42353e-05
2322 2.88294 -1.01856 1.41544e-05
2323 2.88294 -1.01856 1.4074e-05
2324 2.88294 -1.01856 1.39943e-05
2325 2.88294 -1.01856 1.3916e-05
2326 2.88294 -1.01856 1.38393e-05
2327 2.88294 -1.01856 1.37651e-05
2328 2.88294 -1.01856 1.36938e-05
2329 2.88294 -1.01856 1.3625e-05
2330 2.88294 -1.01856 1.35588e-05
2331 2.88294 -1.01856 1.34952e-05
2332 2.88294 -1.01856 1.34342e-05
2333 2.88294 -1.01856 1.33756e-05
2334 2.88294 -1.01856 1.33193e-05
2335 2.88294 -1.01856 1.32649e-05
2336 2.88294 -1.01856 1.32122e-05
2337 2.88294 -1.01856 1.31608e-05
2338 2.88294 -1.01856 1.31105e-05
2339 2.88294 -1.01856 1.30609e-05
2340 2.88294 -1.01856 1.3012e-05
2341 2.88294 -1.01856 1.29625e-05
2342 2.88294 -1.01856 1.29125e-05
2343 2.88294 -1.01856 1.2861e-05
2344 2.88294 -1.01856 1.28079e-05
2345 2.88294 -1.01856 1.27535e-05
2346 2.88294 -1.01856 1.26971e-05
2347 2.88294 -1.01856 1.26384e-05
2348 2.88294 -1.01856 1.25774e-05
2349 2.88294 -1.01856 1.25147e-05
2350 2.88294 -1.01856 1.2451e-05
2351 2.88294 -1.01856 1.23854e-05
2352 2.88294 -1.01856 1.23185e-05
2353 2.88294 -1.01856 1.22509e-05
2354 2.88294 -1.01856 1.2183e-05
2355 2.88294 -1.01856 1.21149e-05
2356 2.88294 -1.01856 1.20469e-05
2357 2.88294 -1.01856 1.19794e-05
2358 2.88294 -1.01856 1.19127e-05
2359 2.88294 -1.01856 1.18472e-05
2360 2.88294 -1.01856 1.1783e-05
2361 2.88294 -1.01856 1.1721e-05
2362 2.88294 -1.01856 1.16613e-05
2363 2.88294 -1.01856 1.16036e-05
2364 2.88294 -1.01856 1.1548e-05
2365 2.88294 -1.01856 1.14944e-05
2366 2.88294 -1.01856 1.14428e-05
2367 2.88294 -1.01856 1.13931e-05
2368 2.88294 -1.01856 1.13452e-05
2369 2.88294 -1.01856 1.12986e-05
2370 2.88294 -1.01856 1.12535e-05
2371 2.88294 -1.01856 1.12092e-05
2372 2.88294 -1.01856 1.11657e-05
2373 2.88294 -1.01856 1.11229e-05
2374 2.88294 -1.01856 1.10802e-05
2375 2.88294 -1.01856 1.10371e-05
2376 2.88294 -1.01856 1.09932e-05
2377 2.88294 -1.01856 1.09483e-05
2378 2.88294 -1.01856 1.09021e-05
2379 2.88294 -1.01856 1.08547e-05
2380 2.88294 -1.01856 1.08057e-05
2381 2.88294 -1.01856 1.0755e-05
2382 2.88294 -1.01856 1.07027e-05
2383 2.88294 -1.01856 1.06494e-05
2384 2.88294 -1.01856 1.05949e-05
2385 2.88294 -1.01856 1.05391e-05
2386 2.88294 -1.01856 1.04825e-05
2387 2.88294 -1.01856 1.04255e-05
2388 2.88294 -1.01856 1.03682e-05
2389 2.88294 -1.01856 1.03109e-05
2390 2.88294 -1.01856 1.02537e-05
2391 2.88294 -1.01856 1.0197e-05
2392 2.88294 -1.01856 1.01411e-05
2393 2.88294 -1.01856 1.00862e-05
2394 2.88294 -1.01856 1.00325e-05
2395 2.88294 -1.01856 9.98067e-06
